61215.50  0.50  1.08e-07  0.00e+00    0.00    0.00
61216.50  0.50  8.58e-08  0.00e+00    0.00    0.00
61217.50  0.50  1.04e-07  0.00e+00    0.00    0.00
61218.50  0.50  1.38e-07  0.00e+00    0.00    0.00
61219.50  0.50  1.03e-07  0.00e+00    0.00    0.00
61220.50  0.50  7.06e-08  0.00e+00    0.00    0.00
61221.50  0.50  3.84e-07  0.00e+00    0.00    0.00
61222.50  0.50  3.68e-07  0.00e+00    0.00    0.00
61223.50  0.50  9.33e-08  0.00e+00    0.00    0.00
61224.50  0.50  3.10e-07  0.00e+00    0.00    0.00
61225.50  0.50  3.97e-07  0.00e+00    0.00    0.00
61226.50  0.50  1.12e-07  0.00e+00    0.00    0.00
61227.50  0.50  5.14e-07  0.00e+00    0.00    0.00
61228.50  0.50  1.32e-07  0.00e+00    0.00    0.00
61229.50  0.50  1.04e-07  0.00e+00    0.00    0.00
61230.50  0.50  2.93e-07  0.00e+00    0.00    0.00
61231.50  0.50  2.98e-07  0.00e+00    0.00    0.00
61232.50  0.50  8.87e-08  0.00e+00    0.00    0.00
61233.50  0.50  7.76e-08  0.00e+00    0.00    0.00
61234.50  0.50  3.86e-07  0.00e+00    0.00    0.00
61235.50  0.50  1.66e-07  0.00e+00    0.00    0.00
61236.50  0.50  2.33e-07  0.00e+00    0.00    0.00
61237.50  0.50  5.19e-07  0.00e+00    0.00    0.00
61238.50  0.50  5.51e-07  0.00e+00    0.00    0.00
61239.50  0.50  8.36e-08  0.00e+00    0.00    0.00
61240.50  0.50  4.12e-07  0.00e+00    0.00    0.00
61241.50  0.50  4.11e-07  0.00e+00    0.00    0.00
61242.50  0.50  1.14e-07  0.00e+00    0.00    0.00
61243.50  0.50  8.23e-08  0.00e+00    0.00    0.00
61244.50  0.50  9.56e-08  0.00e+00    0.00    0.00
61245.50  0.50  1.80e-07  0.00e+00    0.00    0.00
61246.50  0.50  8.29e-08  0.00e+00    0.00    0.00
61247.50  0.50  6.31e-07  0.00e+00    0.00    0.00
61248.50  0.50  2.84e-06  0.00e+00    0.00    0.00
61249.50  0.50  4.56e-06  0.00e+00    0.00    0.00
61250.50  0.50  1.04e-05  0.00e+00    0.00    0.00
61251.50  0.50  5.32e-07  0.00e+00    0.00    0.00
61252.50  0.50  1.07e-06  0.00e+00    0.00    0.00
61253.50  0.50  3.44e-06  0.00e+00    0.00    0.00
61254.50  0.50  9.10e-07  0.00e+00    0.00    0.00
61255.50  0.50  3.75e-06  0.00e+00    0.00    0.00
61256.50  0.50  2.11e-06  0.00e+00    0.00    0.00
61257.50  0.50  1.25e-06  0.00e+00    0.00    0.00
61258.50  0.50  6.43e-06  0.00e+00    0.00    0.00
61259.50  0.50  5.89e-06  0.00e+00    0.00    0.00
61260.50  0.50  6.90e-06  0.00e+00    0.00    0.00
61261.50  0.50  2.98e-06  0.00e+00    0.00    0.00
61262.50  0.50  1.17e-05  0.00e+00    0.00    0.00
61263.50  0.50  1.93e-06  0.00e+00    0.00    0.00
61264.50  0.50  3.42e-06  0.00e+00    0.00    0.00
61265.50  0.50  1.60e-07  0.00e+00    0.00    0.00
61266.50  0.50  2.37e-07  0.00e+00    0.00    0.00
61267.50  0.50  4.23e-07  0.00e+00    0.00    0.00
61268.50  0.50  3.39e-07  0.00e+00    0.00    0.00
61269.50  0.50  4.82e-07  0.00e+00    0.00    0.00
61270.50  0.50  1.41e-07  0.00e+00    0.00    0.00
61271.50  0.50  4.02e-07  0.00e+00    0.00    0.00
61272.50  0.50  9.87e-08  0.00e+00    0.00    0.00
61273.50  0.50  4.51e-07  0.00e+00    0.00    0.00
61274.50  0.50  1.48e-07  0.00e+00    0.00    0.00
61275.50  0.50  7.15e-08  0.00e+00    0.00    0.00
61276.50  0.50  1.73e-07  0.00e+00    0.00    0.00
61277.50  0.50  2.27e-07  0.00e+00    0.00    0.00
61278.50  0.50  1.20e-07  0.00e+00    0.00    0.00
61279.50  0.50  4.87e-07  0.00e+00    0.00    0.00
61280.50  0.50  1.53e-07  0.00e+00    0.00    0.00
61281.50  0.50  5.67e-07  0.00e+00    0.00    0.00
61282.50  0.50  6.16e-08  0.00e+00    0.00    0.00
61283.50  0.50  9.14e-08  0.00e+00    0.00    0.00
61284.50  0.50  1.96e-07  0.00e+00    0.00    0.00
61285.50  0.50  1.66e-07  0.00e+00    0.00    0.00
61286.50  0.50  8.00e-08  0.00e+00    0.00    0.00
61287.50  0.50  1.04e-07  0.00e+00    0.00    0.00
61288.50  0.50  3.61e-07  0.00e+00    0.00    0.00
61289.50  0.50  1.42e-07  0.00e+00    0.00    0.00
61290.50  0.50  1.21e-07  0.00e+00    0.00    0.00
61291.50  0.50  1.20e-07  0.00e+00    0.00    0.00
61292.50  0.50  1.06e-07  0.00e+00    0.00    0.00
61293.50  0.50  1.64e-07  0.00e+00    0.00    0.00
61294.50  0.50  1.42e-07  0.00e+00    0.00    0.00
61295.50  0.50  3.50e-07  0.00e+00    0.00    0.00
61296.50  0.50  2.41e-07  0.00e+00    0.00    0.00
61297.50  0.50  3.10e-07  0.00e+00    0.00    0.00
61298.50  0.50  1.23e-07  0.00e+00    0.00    0.00
61299.50  0.50  7.95e-07  0.00e+00    0.00    0.00
61300.50  0.50  8.66e-07  0.00e+00    0.00    0.00
61301.50  0.50  6.43e-07  0.00e+00    0.00    0.00
61302.50  0.50  1.06e-06  0.00e+00    0.00    0.00
61303.50  0.50  1.56e-07  0.00e+00    0.00    0.00
61304.50  0.50  1.77e-07  0.00e+00    0.00    0.00
61305.50  0.50  1.46e-07  0.00e+00    0.00    0.00
61306.50  0.50  2.90e-07  0.00e+00    0.00    0.00
61307.50  0.50  2.90e-07  0.00e+00    0.00    0.00
61308.50  0.50  5.96e-08  0.00e+00    0.00    0.00
61309.50  0.50  1.46e-07  0.00e+00    0.00    0.00
61310.50  0.50  5.67e-08  0.00e+00    0.00    0.00
61311.50  0.50  3.04e-07  0.00e+00    0.00    0.00
61312.50  0.50  8.58e-08  0.00e+00    0.00    0.00
61313.50  0.50  8.03e-08  0.00e+00    0.00    0.00
61314.50  0.50  1.68e-07  0.00e+00    0.00    0.00
