61216.50  3.50  6.68e-09  0.00e+00    0.00    0.00
61223.50  3.50  2.53e-09  0.00e+00    0.00    0.00
61230.50  3.50  4.08e-09  0.00e+00    0.00    0.00
61237.50  3.50  2.57e-09  0.00e+00    0.00    0.00
61244.50  3.50  3.07e-09  0.00e+00    0.00    0.00
61251.50  3.50  3.71e-08  0.00e+00    0.00    0.00
61258.50  3.50  6.43e-08  0.00e+00    0.00    0.00
61265.50  3.50  4.49e-09  0.00e+00    0.00    0.00
61272.50  3.50  2.48e-09  0.00e+00    0.00    0.00
61279.50  3.50  2.95e-09  0.00e+00    0.00    0.00
61286.50  3.50  2.80e-09  0.00e+00    0.00    0.00
61293.50  3.50  8.15e-09  0.00e+00    0.00    0.00
61300.50  3.50  6.27e-09  0.00e+00    0.00    0.00
61307.50  3.50  3.28e-09  0.00e+00    0.00    0.00
