61209.50  3.50  5.93e-09  0.00e+00    0.00    0.00
61216.50  3.50  7.81e-09  0.00e+00    0.00    0.00
61223.50  3.50  7.97e-09  0.00e+00    0.00    0.00
61230.50  3.50  5.67e-09  0.00e+00    0.00    0.00
61237.50  3.50  5.95e-09  0.00e+00    0.00    0.00
61244.50  3.50  7.10e-09  0.00e+00    0.00    0.00
61251.50  3.50  4.29e-09  0.00e+00    0.00    0.00
61258.50  3.50  6.25e-09  0.00e+00    0.00    0.00
61265.50  3.50  1.12e-08  0.00e+00    0.00    0.00
61272.50  3.50  1.58e-08  0.00e+00    0.00    0.00
61279.50  3.50  1.38e-08  0.00e+00    0.00    0.00
61286.50  3.50  1.14e-08  0.00e+00    0.00    0.00
61293.50  3.50  2.69e-09  0.00e+00    0.00    0.00
61300.50  3.50  8.28e-09  0.00e+00    0.00    0.00
