61202.50  3.50  8.23e-08  0.00e+00    0.00    0.00
61209.50  3.50  1.22e-07  0.00e+00    0.00    0.00
61216.50  3.50  1.19e-07  0.00e+00    0.00    0.00
61223.50  3.50  5.41e-08  0.00e+00    0.00    0.00
61230.50  3.50  1.41e-07  0.00e+00    0.00    0.00
61237.50  3.50  3.84e-08  0.00e+00    0.00    0.00
61244.50  3.50  2.61e-08  0.00e+00    0.00    0.00
61251.50  3.50  7.09e-08  0.00e+00    0.00    0.00
61258.50  3.50  6.00e-08  0.00e+00    0.00    0.00
61265.50  3.50  1.06e-07  0.00e+00    0.00    0.00
61272.50  3.50  2.91e-07  0.00e+00    0.00    0.00
61279.50  3.50  1.01e-07  0.00e+00    0.00    0.00
61286.50  3.50  1.10e-07  0.00e+00    0.00    0.00
61293.50  3.50  8.38e-08  0.00e+00    0.00    0.00
