61209.50  0.50  2.79e-08  0.00e+00    0.00    0.00
61210.50  0.50  1.04e-08  0.00e+00    0.00    0.00
61211.50  0.50  2.36e-08  0.00e+00    0.00    0.00
61212.50  0.50  9.84e-09  0.00e+00    0.00    0.00
61213.50  0.50  2.90e-08  0.00e+00    0.00    0.00
61214.50  0.50  2.29e-08  0.00e+00    0.00    0.00
61215.50  0.50  2.67e-08  0.00e+00    0.00    0.00
61216.50  0.50  9.77e-09  0.00e+00    0.00    0.00
61217.50  0.50  1.23e-08  0.00e+00    0.00    0.00
61218.50  0.50  2.53e-08  0.00e+00    0.00    0.00
61219.50  0.50  8.82e-09  0.00e+00    0.00    0.00
61220.50  0.50  1.39e-08  0.00e+00    0.00    0.00
61221.50  0.50  1.35e-08  0.00e+00    0.00    0.00
61222.50  0.50  1.58e-08  0.00e+00    0.00    0.00
61223.50  0.50  6.05e-08  0.00e+00    0.00    0.00
61224.50  0.50  1.53e-08  0.00e+00    0.00    0.00
61225.50  0.50  5.82e-08  0.00e+00    0.00    0.00
61226.50  0.50  1.70e-08  0.00e+00    0.00    0.00
61227.50  0.50  1.42e-08  0.00e+00    0.00    0.00
61228.50  0.50  3.64e-08  0.00e+00    0.00    0.00
61229.50  0.50  1.52e-08  0.00e+00    0.00    0.00
61230.50  0.50  3.22e-08  0.00e+00    0.00    0.00
61231.50  0.50  1.57e-08  0.00e+00    0.00    0.00
61232.50  0.50  1.49e-08  0.00e+00    0.00    0.00
61233.50  0.50  1.44e-08  0.00e+00    0.00    0.00
61234.50  0.50  1.49e-08  0.00e+00    0.00    0.00
61235.50  0.50  1.63e-08  0.00e+00    0.00    0.00
61236.50  0.50  1.62e-08  0.00e+00    0.00    0.00
61237.50  0.50  1.70e-08  0.00e+00    0.00    0.00
61238.50  0.50  2.48e-08  0.00e+00    0.00    0.00
61239.50  0.50  1.69e-08  0.00e+00    0.00    0.00
61240.50  0.50  1.76e-08  0.00e+00    0.00    0.00
61241.50  0.50  1.73e-08  0.00e+00    0.00    0.00
61242.50  0.50  2.02e-08  0.00e+00    0.00    0.00
61243.50  0.50  1.66e-08  0.00e+00    0.00    0.00
61244.50  0.50  4.06e-08  0.00e+00    0.00    0.00
61245.50  0.50  2.32e-08  0.00e+00    0.00    0.00
61246.50  0.50  1.71e-08  0.00e+00    0.00    0.00
61247.50  0.50  3.81e-08  0.00e+00    0.00    0.00
61248.50  0.50  9.05e-09  0.00e+00    0.00    0.00
61249.50  0.50  8.32e-09  0.00e+00    0.00    0.00
61250.50  0.50  2.27e-08  0.00e+00    0.00    0.00
61251.50  0.50  9.14e-09  0.00e+00    0.00    0.00
61252.50  0.50  9.01e-09  0.00e+00    0.00    0.00
61253.50  0.50  8.61e-09  0.00e+00    0.00    0.00
61254.50  0.50  2.27e-08  0.00e+00    0.00    0.00
61255.50  0.50  2.40e-08  0.00e+00    0.00    0.00
61256.50  0.50  2.87e-08  0.00e+00    0.00    0.00
61257.50  0.50  8.87e-09  0.00e+00    0.00    0.00
61258.50  0.50  8.98e-09  0.00e+00    0.00    0.00
61259.50  0.50  3.23e-08  0.00e+00    0.00    0.00
61260.50  0.50  1.05e-08  0.00e+00    0.00    0.00
61261.50  0.50  1.80e-08  0.00e+00    0.00    0.00
61262.50  0.50  1.29e-08  0.00e+00    0.00    0.00
61263.50  0.50  3.64e-08  0.00e+00    0.00    0.00
61264.50  0.50  6.06e-08  0.00e+00    0.00    0.00
61265.50  0.50  3.20e-08  0.00e+00    0.00    0.00
61266.50  0.50  1.89e-08  0.00e+00    0.00    0.00
61267.50  0.50  2.82e-08  0.00e+00    0.00    0.00
61268.50  0.50  6.39e-08  0.00e+00    0.00    0.00
61269.50  0.50  6.42e-08  0.00e+00    0.00    0.00
61270.50  0.50  1.65e-08  0.00e+00    0.00    0.00
61271.50  0.50  1.75e-08  0.00e+00    0.00    0.00
61272.50  0.50  1.73e-08  0.00e+00    0.00    0.00
61273.50  0.50  5.68e-08  0.00e+00    0.00    0.00
61274.50  0.50  2.96e-08  0.00e+00    0.00    0.00
61275.50  0.50  7.11e-08  0.00e+00    0.00    0.00
61276.50  0.50  1.69e-08  0.00e+00    0.00    0.00
61277.50  0.50  2.34e-08  0.00e+00    0.00    0.00
61278.50  0.50  3.71e-08  0.00e+00    0.00    0.00
61279.50  0.50  3.92e-08  0.00e+00    0.00    0.00
61280.50  0.50  4.67e-08  0.00e+00    0.00    0.00
61281.50  0.50  5.52e-08  0.00e+00    0.00    0.00
61282.50  0.50  1.97e-08  0.00e+00    0.00    0.00
61283.50  0.50  4.06e-08  0.00e+00    0.00    0.00
61284.50  0.50  1.58e-08  0.00e+00    0.00    0.00
61285.50  0.50  1.64e-08  0.00e+00    0.00    0.00
61286.50  0.50  3.75e-08  0.00e+00    0.00    0.00
61287.50  0.50  3.97e-08  0.00e+00    0.00    0.00
61288.50  0.50  1.57e-08  0.00e+00    0.00    0.00
61289.50  0.50  4.35e-08  0.00e+00    0.00    0.00
61290.50  0.50  1.82e-08  0.00e+00    0.00    0.00
61291.50  0.50  1.69e-08  0.00e+00    0.00    0.00
61292.50  0.50  1.78e-08  0.00e+00    0.00    0.00
61293.50  0.50  2.01e-08  0.00e+00    0.00    0.00
61294.50  0.50  2.19e-08  0.00e+00    0.00    0.00
61295.50  0.50  1.58e-08  0.00e+00    0.00    0.00
61296.50  0.50  2.35e-08  0.00e+00    0.00    0.00
61297.50  0.50  1.69e-08  0.00e+00    0.00    0.00
61298.50  0.50  1.38e-08  0.00e+00    0.00    0.00
61299.50  0.50  3.55e-08  0.00e+00    0.00    0.00
61300.50  0.50  9.68e-09  0.00e+00    0.00    0.00
61301.50  0.50  1.05e-08  0.00e+00    0.00    0.00
61302.50  0.50  3.66e-08  0.00e+00    0.00    0.00
61303.50  0.50  1.13e-08  0.00e+00    0.00    0.00
61304.50  0.50  3.07e-08  0.00e+00    0.00    0.00
61305.50  0.50  3.28e-08  0.00e+00    0.00    0.00
61306.50  0.50  2.11e-08  0.00e+00    0.00    0.00
61307.50  0.50  1.97e-08  0.00e+00    0.00    0.00
61308.50  0.50  1.83e-08  0.00e+00    0.00    0.00
