61202.50  3.50  5.02e-09  0.00e+00    0.00    0.00
61209.50  3.50  7.10e-09  0.00e+00    0.00    0.00
61216.50  3.50  5.17e-09  0.00e+00    0.00    0.00
61223.50  3.50  9.17e-09  0.00e+00    0.00    0.00
61230.50  3.50  1.26e-08  0.00e+00    0.00    0.00
61237.50  3.50  7.76e-09  0.00e+00    0.00    0.00
61244.50  3.50  6.91e-09  0.00e+00    0.00    0.00
61251.50  3.50  1.38e-08  0.00e+00    0.00    0.00
61258.50  3.50  8.43e-09  0.00e+00    0.00    0.00
61265.50  3.50  3.13e-09  0.00e+00    0.00    0.00
61272.50  3.50  1.21e-08  0.00e+00    0.00    0.00
61279.50  3.50  9.35e-09  0.00e+00    0.00    0.00
61286.50  3.50  9.82e-09  0.00e+00    0.00    0.00
61293.50  3.50  2.22e-08  0.00e+00    0.00    0.00
