61202.50  0.50  1.20e-07  0.00e+00    0.00    0.00
61203.50  0.50  3.24e-07  0.00e+00    0.00    0.00
61204.50  0.50  1.10e-07  0.00e+00    0.00    0.00
61205.50  0.50  1.87e-07  0.00e+00    0.00    0.00
61206.50  0.50  3.61e-07  0.00e+00    0.00    0.00
61207.50  0.50  3.15e-07  0.00e+00    0.00    0.00
61208.50  0.50  1.16e-07  0.00e+00    0.00    0.00
61209.50  0.50  3.23e-07  0.00e+00    0.00    0.00
61210.50  0.50  1.34e-07  0.00e+00    0.00    0.00
61211.50  0.50  1.92e-07  0.00e+00    0.00    0.00
61212.50  0.50  1.41e-07  0.00e+00    0.00    0.00
61213.50  0.50  1.65e-07  0.00e+00    0.00    0.00
61214.50  0.50  1.47e-07  0.00e+00    0.00    0.00
61215.50  0.50  2.72e-07  0.00e+00    0.00    0.00
61216.50  0.50  7.14e-08  0.00e+00    0.00    0.00
61217.50  0.50  1.41e-07  0.00e+00    0.00    0.00
61218.50  0.50  3.36e-07  0.00e+00    0.00    0.00
61219.50  0.50  2.63e-07  0.00e+00    0.00    0.00
61220.50  0.50  1.43e-07  0.00e+00    0.00    0.00
61221.50  0.50  6.51e-08  0.00e+00    0.00    0.00
61222.50  0.50  1.57e-07  0.00e+00    0.00    0.00
61223.50  0.50  1.57e-07  0.00e+00    0.00    0.00
61224.50  0.50  3.05e-07  0.00e+00    0.00    0.00
61225.50  0.50  3.31e-07  0.00e+00    0.00    0.00
61226.50  0.50  1.98e-07  0.00e+00    0.00    0.00
61227.50  0.50  3.08e-07  0.00e+00    0.00    0.00
61228.50  0.50  2.70e-07  0.00e+00    0.00    0.00
61229.50  0.50  1.08e-07  0.00e+00    0.00    0.00
61230.50  0.50  3.39e-07  0.00e+00    0.00    0.00
61231.50  0.50  9.34e-08  0.00e+00    0.00    0.00
61232.50  0.50  6.98e-08  0.00e+00    0.00    0.00
61233.50  0.50  2.67e-07  0.00e+00    0.00    0.00
61234.50  0.50  2.17e-07  0.00e+00    0.00    0.00
61235.50  0.50  1.89e-07  0.00e+00    0.00    0.00
61236.50  0.50  7.77e-07  0.00e+00    0.00    0.00
61237.50  0.50  2.29e-07  0.00e+00    0.00    0.00
61238.50  0.50  2.06e-07  0.00e+00    0.00    0.00
61239.50  0.50  4.35e-07  0.00e+00    0.00    0.00
61240.50  0.50  4.51e-07  0.00e+00    0.00    0.00
61241.50  0.50  1.37e-07  0.00e+00    0.00    0.00
61242.50  0.50  3.17e-07  0.00e+00    0.00    0.00
61243.50  0.50  1.53e-07  0.00e+00    0.00    0.00
61244.50  0.50  2.22e-07  0.00e+00    0.00    0.00
61245.50  0.50  6.08e-07  0.00e+00    0.00    0.00
61246.50  0.50  4.70e-07  0.00e+00    0.00    0.00
61247.50  0.50  3.10e-07  0.00e+00    0.00    0.00
61248.50  0.50  5.30e-07  0.00e+00    0.00    0.00
61249.50  0.50  1.42e-07  0.00e+00    0.00    0.00
61250.50  0.50  8.82e-07  0.00e+00    0.00    0.00
61251.50  0.50  8.77e-07  0.00e+00    0.00    0.00
61252.50  0.50  3.08e-07  0.00e+00    0.00    0.00
61253.50  0.50  2.73e-07  0.00e+00    0.00    0.00
61254.50  0.50  1.64e-07  0.00e+00    0.00    0.00
61255.50  0.50  3.48e-07  0.00e+00    0.00    0.00
61256.50  0.50  1.80e-07  0.00e+00    0.00    0.00
61257.50  0.50  1.48e-07  0.00e+00    0.00    0.00
61258.50  0.50  4.28e-07  0.00e+00    0.00    0.00
61259.50  0.50  1.49e-07  0.00e+00    0.00    0.00
61260.50  0.50  1.42e-07  0.00e+00    0.00    0.00
61261.50  0.50  4.55e-07  0.00e+00    0.00    0.00
61262.50  0.50  1.19e-07  0.00e+00    0.00    0.00
61263.50  0.50  5.00e-07  0.00e+00    0.00    0.00
61264.50  0.50  1.96e-07  0.00e+00    0.00    0.00
61265.50  0.50  3.75e-07  0.00e+00    0.00    0.00
61266.50  0.50  4.91e-07  0.00e+00    0.00    0.00
61267.50  0.50  2.80e-07  0.00e+00    0.00    0.00
61268.50  0.50  5.84e-07  0.00e+00    0.00    0.00
61269.50  0.50  2.36e-07  0.00e+00    0.00    0.00
61270.50  0.50  6.55e-08  0.00e+00    0.00    0.00
61271.50  0.50  1.55e-07  0.00e+00    0.00    0.00
61272.50  0.50  4.42e-07  0.00e+00    0.00    0.00
61273.50  0.50  5.03e-07  0.00e+00    0.00    0.00
61274.50  0.50  6.18e-08  0.00e+00    0.00    0.00
61275.50  0.50  2.16e-07  0.00e+00    0.00    0.00
61276.50  0.50  3.08e-07  0.00e+00    0.00    0.00
61277.50  0.50  1.37e-07  0.00e+00    0.00    0.00
61278.50  0.50  9.56e-08  0.00e+00    0.00    0.00
61279.50  0.50  3.19e-07  0.00e+00    0.00    0.00
61280.50  0.50  2.69e-07  0.00e+00    0.00    0.00
61281.50  0.50  4.36e-07  0.00e+00    0.00    0.00
61282.50  0.50  8.20e-08  0.00e+00    0.00    0.00
61283.50  0.50  2.52e-07  0.00e+00    0.00    0.00
61284.50  0.50  5.65e-07  0.00e+00    0.00    0.00
61285.50  0.50  9.32e-08  0.00e+00    0.00    0.00
61286.50  0.50  2.46e-07  0.00e+00    0.00    0.00
61287.50  0.50  3.34e-07  0.00e+00    0.00    0.00
61288.50  0.50  1.54e-07  0.00e+00    0.00    0.00
61289.50  0.50  2.55e-07  0.00e+00    0.00    0.00
61290.50  0.50  2.94e-07  0.00e+00    0.00    0.00
61291.50  0.50  1.85e-07  0.00e+00    0.00    0.00
61292.50  0.50  3.07e-07  0.00e+00    0.00    0.00
61293.50  0.50  1.11e-07  0.00e+00    0.00    0.00
61294.50  0.50  5.23e-07  0.00e+00    0.00    0.00
61295.50  0.50  5.42e-07  0.00e+00    0.00    0.00
61296.50  0.50  1.75e-07  0.00e+00    0.00    0.00
61297.50  0.50  5.31e-07  0.00e+00    0.00    0.00
61298.50  0.50  5.66e-07  0.00e+00    0.00    0.00
61299.50  0.50  4.51e-07  0.00e+00    0.00    0.00
61300.50  0.50  4.14e-07  0.00e+00    0.00    0.00
61301.50  0.50  1.28e-07  0.00e+00    0.00    0.00
