61202.50  3.50  1.02e-07  0.00e+00    0.00    0.00
61209.50  3.50  6.55e-08  0.00e+00    0.00    0.00
61216.50  3.50  1.26e-07  0.00e+00    0.00    0.00
61223.50  3.50  5.54e-08  0.00e+00    0.00    0.00
61230.50  3.50  6.83e-08  0.00e+00    0.00    0.00
61237.50  3.50  2.13e-07  0.00e+00    0.00    0.00
61244.50  3.50  1.71e-07  0.00e+00    0.00    0.00
61251.50  3.50  2.11e-07  0.00e+00    0.00    0.00
61258.50  3.50  1.85e-07  0.00e+00    0.00    0.00
61265.50  3.50  2.23e-07  0.00e+00    0.00    0.00
61272.50  3.50  7.60e-08  0.00e+00    0.00    0.00
61279.50  3.50  1.03e-07  0.00e+00    0.00    0.00
61286.50  3.50  1.07e-07  0.00e+00    0.00    0.00
61293.50  3.50  1.15e-07  0.00e+00    0.00    0.00
