61209.50  0.50  3.06e-07  0.00e+00    0.00    0.00
61210.50  0.50  7.70e-08  0.00e+00    0.00    0.00
61211.50  0.50  2.05e-07  0.00e+00    0.00    0.00
61212.50  0.50  3.72e-07  0.00e+00    0.00    0.00
61213.50  0.50  1.70e-07  0.00e+00    0.00    0.00
61214.50  0.50  2.78e-07  0.00e+00    0.00    0.00
61215.50  0.50  1.92e-07  0.00e+00    0.00    0.00
61216.50  0.50  4.48e-07  0.00e+00    0.00    0.00
61217.50  0.50  2.17e-07  0.00e+00    0.00    0.00
61218.50  0.50  1.09e-07  0.00e+00    0.00    0.00
61219.50  0.50  2.81e-07  0.00e+00    0.00    0.00
61220.50  0.50  4.38e-07  0.00e+00    0.00    0.00
61221.50  0.50  2.35e-07  0.00e+00    0.00    0.00
61222.50  0.50  7.33e-07  0.00e+00    0.00    0.00
61223.50  0.50  3.76e-07  0.00e+00    0.00    0.00
61224.50  0.50  5.11e-07  0.00e+00    0.00    0.00
61225.50  0.50  1.27e-07  0.00e+00    0.00    0.00
61226.50  0.50  2.38e-07  0.00e+00    0.00    0.00
61227.50  0.50  5.24e-07  0.00e+00    0.00    0.00
61228.50  0.50  3.61e-07  0.00e+00    0.00    0.00
61229.50  0.50  3.62e-07  0.00e+00    0.00    0.00
61230.50  0.50  2.63e-07  0.00e+00    0.00    0.00
61231.50  0.50  1.49e-07  0.00e+00    0.00    0.00
61232.50  0.50  3.00e-07  0.00e+00    0.00    0.00
61233.50  0.50  1.67e-07  0.00e+00    0.00    0.00
61234.50  0.50  1.49e-07  0.00e+00    0.00    0.00
61235.50  0.50  2.25e-07  0.00e+00    0.00    0.00
61236.50  0.50  3.91e-07  0.00e+00    0.00    0.00
61237.50  0.50  2.18e-07  0.00e+00    0.00    0.00
61238.50  0.50  2.32e-07  0.00e+00    0.00    0.00
61239.50  0.50  2.70e-07  0.00e+00    0.00    0.00
61240.50  0.50  1.55e-07  0.00e+00    0.00    0.00
61241.50  0.50  1.09e-07  0.00e+00    0.00    0.00
61242.50  0.50  3.56e-07  0.00e+00    0.00    0.00
61243.50  0.50  1.32e-07  0.00e+00    0.00    0.00
61244.50  0.50  1.56e-07  0.00e+00    0.00    0.00
61245.50  0.50  3.10e-07  0.00e+00    0.00    0.00
61246.50  0.50  2.52e-07  0.00e+00    0.00    0.00
61247.50  0.50  2.66e-07  0.00e+00    0.00    0.00
61248.50  0.50  1.35e-07  0.00e+00    0.00    0.00
61249.50  0.50  1.58e-07  0.00e+00    0.00    0.00
61250.50  0.50  2.66e-07  0.00e+00    0.00    0.00
61251.50  0.50  8.96e-08  0.00e+00    0.00    0.00
61252.50  0.50  1.30e-07  0.00e+00    0.00    0.00
61253.50  0.50  3.87e-07  0.00e+00    0.00    0.00
61254.50  0.50  3.76e-07  0.00e+00    0.00    0.00
61255.50  0.50  7.67e-08  0.00e+00    0.00    0.00
61256.50  0.50  2.92e-07  0.00e+00    0.00    0.00
61257.50  0.50  2.72e-07  0.00e+00    0.00    0.00
61258.50  0.50  5.68e-08  0.00e+00    0.00    0.00
61259.50  0.50  1.66e-07  0.00e+00    0.00    0.00
61260.50  0.50  2.47e-07  0.00e+00    0.00    0.00
61261.50  0.50  2.61e-07  0.00e+00    0.00    0.00
61262.50  0.50  4.82e-07  0.00e+00    0.00    0.00
61263.50  0.50  1.83e-07  0.00e+00    0.00    0.00
61264.50  0.50  1.11e-07  0.00e+00    0.00    0.00
61265.50  0.50  1.11e-07  0.00e+00    0.00    0.00
61266.50  0.50  2.22e-07  0.00e+00    0.00    0.00
61267.50  0.50  9.80e-08  0.00e+00    0.00    0.00
61268.50  0.50  2.74e-07  0.00e+00    0.00    0.00
61269.50  0.50  5.51e-07  0.00e+00    0.00    0.00
61270.50  0.50  4.82e-07  0.00e+00    0.00    0.00
61271.50  0.50  5.21e-07  0.00e+00    0.00    0.00
61272.50  0.50  1.81e-07  0.00e+00    0.00    0.00
61273.50  0.50  1.36e-07  0.00e+00    0.00    0.00
61274.50  0.50  2.84e-07  0.00e+00    0.00    0.00
61275.50  0.50  2.28e-07  0.00e+00    0.00    0.00
61276.50  0.50  1.20e-07  0.00e+00    0.00    0.00
61277.50  0.50  4.95e-07  0.00e+00    0.00    0.00
61278.50  0.50  5.99e-07  0.00e+00    0.00    0.00
61279.50  0.50  3.26e-07  0.00e+00    0.00    0.00
61280.50  0.50  3.03e-07  0.00e+00    0.00    0.00
61281.50  0.50  2.43e-07  0.00e+00    0.00    0.00
61282.50  0.50  2.03e-07  0.00e+00    0.00    0.00
61283.50  0.50  1.11e-07  0.00e+00    0.00    0.00
61284.50  0.50  1.57e-07  0.00e+00    0.00    0.00
61285.50  0.50  1.49e-07  0.00e+00    0.00    0.00
61286.50  0.50  8.67e-08  0.00e+00    0.00    0.00
61287.50  0.50  1.95e-07  0.00e+00    0.00    0.00
61288.50  0.50  9.02e-08  0.00e+00    0.00    0.00
61289.50  0.50  3.25e-07  0.00e+00    0.00    0.00
61290.50  0.50  5.09e-07  0.00e+00    0.00    0.00
61291.50  0.50  2.64e-07  0.00e+00    0.00    0.00
61292.50  0.50  1.94e-07  0.00e+00    0.00    0.00
61293.50  0.50  5.48e-07  0.00e+00    0.00    0.00
61294.50  0.50  4.33e-07  0.00e+00    0.00    0.00
61295.50  0.50  9.16e-08  0.00e+00    0.00    0.00
61296.50  0.50  2.53e-07  0.00e+00    0.00    0.00
61297.50  0.50  6.00e-07  0.00e+00    0.00    0.00
61298.50  0.50  9.02e-08  0.00e+00    0.00    0.00
61299.50  0.50  8.47e-07  0.00e+00    0.00    0.00
61300.50  0.50  1.31e-07  8.84e-08    2.08    0.04
61301.50  0.50  2.14e-07  0.00e+00    0.00    0.00
61302.50  0.50  3.31e-07  0.00e+00    0.00    0.00
61303.50  0.50  1.58e-07  0.00e+00    0.00    0.00
61304.50  0.50  1.37e-07  0.00e+00    0.00    0.00
61305.50  0.50  2.65e-07  0.00e+00    0.00    0.00
61306.50  0.50  1.99e-07  0.00e+00    0.00    0.00
61307.50  0.50  4.88e-07  0.00e+00    0.00    0.00
61308.50  0.50  5.48e-07  0.00e+00    0.00    0.00
