61209.50  3.50  9.28e-09  0.00e+00    0.00    0.00
61216.50  3.50  3.76e-09  0.00e+00    0.00    0.00
61223.50  3.50  1.32e-08  0.00e+00    0.00    0.00
61230.50  3.50  1.07e-08  0.00e+00    0.00    0.00
61237.50  3.50  6.88e-09  0.00e+00    0.00    0.00
61244.50  3.50  1.19e-08  0.00e+00    0.00    0.00
61251.50  3.50  1.62e-08  0.00e+00    0.00    0.00
61258.50  3.50  7.88e-09  0.00e+00    0.00    0.00
61265.50  3.50  1.02e-08  0.00e+00    0.00    0.00
61272.50  3.50  8.51e-09  0.00e+00    0.00    0.00
61279.50  3.50  1.08e-08  0.00e+00    0.00    0.00
61286.50  3.50  2.51e-09  0.00e+00    0.00    0.00
61293.50  3.50  2.61e-09  0.00e+00    0.00    0.00
61300.50  3.50  1.09e-08  0.00e+00    0.00    0.00
