61209.50  3.50  1.60e-07  0.00e+00    0.00    0.00
61216.50  3.50  8.92e-08  0.00e+00    0.00    0.00
61223.50  3.50  1.21e-07  4.80e-08    1.91    0.04
61230.50  3.50  1.52e-07  0.00e+00    0.00    0.00
61237.50  3.50  1.03e-07  0.00e+00    0.00    0.00
61244.50  3.50  1.16e-07  0.00e+00    0.00    0.00
61251.50  3.50  1.02e-07  0.00e+00    0.00    0.00
61258.50  3.50  7.38e-08  0.00e+00    0.00    0.00
61265.50  3.50  9.24e-08  0.00e+00    0.00    0.00
61272.50  3.50  1.33e-07  0.00e+00    0.00    0.00
61279.50  3.50  1.02e-07  0.00e+00    0.00    0.00
61286.50  3.50  2.25e-08  0.00e+00    0.00    0.00
61293.50  3.50  1.61e-07  0.00e+00    0.00    0.00
61300.50  3.50  1.10e-07  0.00e+00    0.00    0.00
