61209.50  3.50  6.66e-08  0.00e+00    0.00    0.00
61216.50  3.50  1.12e-07  0.00e+00    0.00    0.00
61223.50  3.50  1.71e-08  0.00e+00    0.00    0.00
61230.50  3.50  4.21e-08  0.00e+00    0.00    0.00
61237.50  3.50  7.50e-09  0.00e+00    0.00    0.00
61244.50  3.50  4.44e-08  0.00e+00    0.00    0.00
61251.50  3.50  3.51e-08  0.00e+00    0.00    0.00
61258.50  3.50  3.10e-08  0.00e+00    0.00    0.00
61265.50  3.50  5.57e-08  0.00e+00    0.00    0.00
61272.50  3.50  3.89e-08  0.00e+00    0.00    0.00
61279.50  3.50  1.70e-07  0.00e+00    0.00    0.00
61286.50  3.50  7.96e-08  0.00e+00    0.00    0.00
61293.50  3.50  1.86e-07  0.00e+00    0.00    0.00
61300.50  3.50  6.78e-08  0.00e+00    0.00    0.00
