61202.50  3.50  1.93e-09  0.00e+00    0.00    0.00
61209.50  3.50  2.48e-09  0.00e+00    0.00    0.00
61216.50  3.50  1.57e-09  0.00e+00    0.00    0.00
61223.50  3.50  4.63e-09  0.00e+00    0.00    0.00
61230.50  3.50  2.57e-09  0.00e+00    0.00    0.00
61237.50  3.50  2.57e-09  0.00e+00    0.00    0.00
61244.50  3.50  2.54e-09  0.00e+00    0.00    0.00
61251.50  3.50  1.98e-09  0.00e+00    0.00    0.00
61258.50  3.50  2.17e-09  0.00e+00    0.00    0.00
61265.50  3.50  2.08e-09  0.00e+00    0.00    0.00
61272.50  3.50  2.58e-09  0.00e+00    0.00    0.00
61279.50  3.50  5.17e-09  0.00e+00    0.00    0.00
61286.50  3.50  2.47e-09  0.00e+00    0.00    0.00
61293.50  3.50  3.80e-09  0.00e+00    0.00    0.00
