61198.50  0.50  6.70e-08  0.00e+00    0.00    0.00
61199.50  0.50  4.34e-07  0.00e+00    0.00    0.00
61200.50  0.50  3.01e-07  0.00e+00    0.00    0.00
61201.50  0.50  6.57e-08  0.00e+00    0.00    0.00
61202.50  0.50  1.04e-07  0.00e+00    0.00    0.00
61203.50  0.50  1.27e-07  0.00e+00    0.00    0.00
61204.50  0.50  1.43e-07  0.00e+00    0.00    0.00
61205.50  0.50  1.85e-07  0.00e+00    0.00    0.00
61206.50  0.50  6.51e-08  0.00e+00    0.00    0.00
61207.50  0.50  1.04e-07  0.00e+00    0.00    0.00
61208.50  0.50  5.25e-08  0.00e+00    0.00    0.00
61209.50  0.50  3.01e-07  0.00e+00    0.00    0.00
61210.50  0.50  3.97e-07  0.00e+00    0.00    0.00
61211.50  0.50  6.34e-08  0.00e+00    0.00    0.00
61212.50  0.50  1.07e-07  0.00e+00    0.00    0.00
61213.50  0.50  3.44e-07  0.00e+00    0.00    0.00
61214.50  0.50  1.08e-07  0.00e+00    0.00    0.00
61215.50  0.50  2.64e-07  0.00e+00    0.00    0.00
61216.50  0.50  3.06e-07  0.00e+00    0.00    0.00
61217.50  0.50  3.70e-07  0.00e+00    0.00    0.00
61218.50  0.50  1.18e-07  0.00e+00    0.00    0.00
61219.50  0.50  6.97e-08  0.00e+00    0.00    0.00
61220.50  0.50  1.82e-07  0.00e+00    0.00    0.00
61221.50  0.50  9.69e-08  0.00e+00    0.00    0.00
61222.50  0.50  3.48e-07  0.00e+00    0.00    0.00
61223.50  0.50  1.19e-07  0.00e+00    0.00    0.00
61224.50  0.50  2.71e-07  0.00e+00    0.00    0.00
61225.50  0.50  9.68e-08  0.00e+00    0.00    0.00
61226.50  0.50  1.03e-07  0.00e+00    0.00    0.00
61227.50  0.50  9.90e-08  0.00e+00    0.00    0.00
61228.50  0.50  1.08e-07  0.00e+00    0.00    0.00
61229.50  0.50  1.07e-07  0.00e+00    0.00    0.00
61230.50  0.50  9.02e-08  0.00e+00    0.00    0.00
61231.50  0.50  3.07e-07  0.00e+00    0.00    0.00
61232.50  0.50  6.85e-08  0.00e+00    0.00    0.00
61233.50  0.50  4.86e-07  0.00e+00    0.00    0.00
61234.50  0.50  5.99e-08  0.00e+00    0.00    0.00
61235.50  0.50  1.58e-07  0.00e+00    0.00    0.00
61236.50  0.50  8.40e-08  0.00e+00    0.00    0.00
61237.50  0.50  4.05e-07  0.00e+00    0.00    0.00
61238.50  0.50  6.64e-08  0.00e+00    0.00    0.00
61239.50  0.50  3.89e-08  0.00e+00    0.00    0.00
61240.50  0.50  9.62e-08  0.00e+00    0.00    0.00
61241.50  0.50  6.24e-08  0.00e+00    0.00    0.00
61242.50  0.50  2.67e-07  0.00e+00    0.00    0.00
61243.50  0.50  1.24e-07  0.00e+00    0.00    0.00
61244.50  0.50  3.92e-08  0.00e+00    0.00    0.00
61245.50  0.50  2.83e-07  0.00e+00    0.00    0.00
61246.50  0.50  4.22e-07  0.00e+00    0.00    0.00
61247.50  0.50  1.89e-07  0.00e+00    0.00    0.00
61248.50  0.50  1.29e-07  0.00e+00    0.00    0.00
61249.50  0.50  1.03e-07  0.00e+00    0.00    0.00
61250.50  0.50  4.22e-07  0.00e+00    0.00    0.00
61251.50  0.50  1.54e-07  0.00e+00    0.00    0.00
61252.50  0.50  1.07e-07  0.00e+00    0.00    0.00
61253.50  0.50  6.73e-08  0.00e+00    0.00    0.00
61254.50  0.50  1.55e-07  0.00e+00    0.00    0.00
61255.50  0.50  1.02e-07  0.00e+00    0.00    0.00
61256.50  0.50  3.23e-07  0.00e+00    0.00    0.00
61257.50  0.50  3.27e-07  0.00e+00    0.00    0.00
61258.50  0.50  6.99e-08  0.00e+00    0.00    0.00
61259.50  0.50  5.97e-08  0.00e+00    0.00    0.00
61260.50  0.50  1.08e-07  0.00e+00    0.00    0.00
61261.50  0.50  1.26e-07  0.00e+00    0.00    0.00
61262.50  0.50  1.59e-07  0.00e+00    0.00    0.00
61263.50  0.50  1.22e-07  0.00e+00    0.00    0.00
61264.50  0.50  1.51e-07  0.00e+00    0.00    0.00
61265.50  0.50  1.31e-07  0.00e+00    0.00    0.00
61266.50  0.50  1.65e-07  0.00e+00    0.00    0.00
61267.50  0.50  3.94e-07  0.00e+00    0.00    0.00
61268.50  0.50  8.05e-08  0.00e+00    0.00    0.00
61269.50  0.50  9.31e-08  0.00e+00    0.00    0.00
61270.50  0.50  6.80e-08  0.00e+00    0.00    0.00
61271.50  0.50  1.47e-07  0.00e+00    0.00    0.00
61272.50  0.50  1.21e-07  0.00e+00    0.00    0.00
61273.50  0.50  2.84e-07  0.00e+00    0.00    0.00
61274.50  0.50  1.43e-07  0.00e+00    0.00    0.00
61275.50  0.50  1.22e-07  0.00e+00    0.00    0.00
61276.50  0.50  1.48e-07  0.00e+00    0.00    0.00
61277.50  0.50  1.38e-07  0.00e+00    0.00    0.00
61278.50  0.50  5.53e-07  0.00e+00    0.00    0.00
61279.50  0.50  2.06e-07  0.00e+00    0.00    0.00
61280.50  0.50  1.74e-07  0.00e+00    0.00    0.00
61281.50  0.50  8.04e-08  0.00e+00    0.00    0.00
61282.50  0.50  6.05e-07  0.00e+00    0.00    0.00
61283.50  0.50  3.04e-07  0.00e+00    0.00    0.00
61284.50  0.50  2.18e-07  0.00e+00    0.00    0.00
61285.50  0.50  3.20e-07  0.00e+00    0.00    0.00
61286.50  0.50  1.67e-07  0.00e+00    0.00    0.00
61287.50  0.50  1.37e-07  0.00e+00    0.00    0.00
61288.50  0.50  1.68e-07  0.00e+00    0.00    0.00
61289.50  0.50  1.34e-07  0.00e+00    0.00    0.00
61290.50  0.50  1.93e-07  0.00e+00    0.00    0.00
61291.50  0.50  2.16e-07  0.00e+00    0.00    0.00
61292.50  0.50  5.26e-07  0.00e+00    0.00    0.00
61293.50  0.50  1.61e-07  0.00e+00    0.00    0.00
61294.50  0.50  5.24e-07  0.00e+00    0.00    0.00
61295.50  0.50  5.24e-07  0.00e+00    0.00    0.00
61296.50  0.50  7.78e-07  0.00e+00    0.00    0.00
61297.50  0.50  1.03e-07  0.00e+00    0.00    0.00
