/*
**
**  Swift/XRT light curve for VER J0521+212.
**
**  Data taken from the automatic processing at http://www.swift.psu.edu/monitoring/
**
**  When using these data and results in publications, please reference M.C. Stroh & A.D. Falcone 2013, ApJS, 207, 28; arXiv: 1305.4949.
**
**  Key:
**
**   BinCenter      - Center of time bin (MJD)
**   BinHW          - One-half of the full time bin size (days)
**   Rate           - The background subtracted, PSF corrected and pile-up corrected source count rate (cts/s).
**   RateError      - 1 sigma error in source count rate (cts/s)
**   FracExp        - Conversion factor between bin size and observing time
**   Mode           - 0 if in Windowed Timing (WT)
**                    1 if in Photon Counting (PC)
**
**
**  Upper limits have an error listed as -1.00000.
**
*/
      BinCenter          BinHW           Rate      RateError        FracExp  Mode
   53686.940930       0.004433        0.08235        0.02059        0.34659     0
   53686.945977       0.007466        0.04626        0.00795        0.81113     1
   55131.489302       0.038914        0.09624        0.01084        0.30620     1
   55132.411108       0.040947        0.17394        0.01254        0.35548     1
   55134.488660       0.034237        0.12724        0.00857        0.39516     1
   55159.277594       0.069591        0.31932        0.01982        0.10347     1
   55160.387139       0.040613        0.76909        0.02436        0.35056     1
   55161.393711       0.043083        1.05546        0.02810        0.37803     1
   55162.354895       0.000156        1.80673        0.29704        0.92639     0
   55162.396623       0.041557        1.58342        0.04893        0.35869     1
   56244.444147       0.033791        0.33905        0.01616        0.31989     0
   56245.390600       0.044120        0.30155        0.01384        0.27507     0
   56246.387027       0.038652        0.26724        0.01448        0.25967     0
   56247.399302       0.039580        0.53453        0.01970        0.26410     0
   56580.465191       0.072293        0.92435        0.03751        0.11309     1
   56581.009833       0.007510        0.84477        0.03785        0.93777     1
   56582.604054       0.009137        1.06106        0.04410        0.95729     1
   56583.485401       0.004169        1.66514        0.09720        0.96269     1
   56584.741112       0.008149        0.76756        0.03575        0.94830     1
   56585.473605       0.009006        0.93658        0.05033        0.93807     1
   56586.012486       0.008309        1.25925        0.04432        0.96989     1
   56590.792715       0.037127        1.31738        0.04812        0.19970     1
   56591.424137       0.000842        0.93929        0.12030        0.95708     1
   56592.258419       0.037389        0.79701        0.03610        0.20027     1
   56621.271053       0.040671        0.53755        0.02546        0.29325     1
   56622.272116       0.040366        0.96471        0.03248        0.29018     1
   56623.341933       0.042763        0.56250        0.02019        0.26381     1
   56624.339772       0.038696        0.60376        0.03236        0.30016     1
   56625.340719       0.038434        0.64403        0.01997        0.29723     1
   56626.341239       0.037897        0.98887        0.03786        0.24830     1
   56627.407445       0.036270        0.47757        0.01859        0.28857     1
   56628.343218       0.037999        0.59930        0.02027        0.29451     1
   56629.344423       0.037505        1.26965        0.03800        0.28912     1
   56650.203907       0.008555        0.35948        0.01790        0.97775     1
   56651.200803       0.008875        0.49114        0.02010        0.97995     1
   56652.204313       0.008163        0.61179        0.02410        0.96770     1
   56653.195983       0.001961        0.52884        0.06667        0.94707     1
   56654.202915       0.008846        0.64074        0.02307        0.98162     1
   56655.239312       0.036343        0.29812        0.01706        0.21501     1
   56656.200122       0.008192        0.39114        0.01863        0.97633     1
   56657.203100       0.008672        0.32259        0.01646        0.97455     1
   56658.202929       0.008846        0.72007        0.03190        0.95842     1
   56673.610168       0.005084        0.77098        0.04409        0.96258     1
   56925.447606       0.005854        0.13495        0.01333        0.97049     1
   56931.445839       0.006943        0.12712        0.01183        0.97120     1
   56952.496829       0.005229        0.11987        0.01296        0.97393     1
   56962.422643       0.006507        0.19041        0.01471        0.97595     1
   56984.266735       0.006159        0.42452        0.02274        0.97982     1
   56990.330373       0.007103        0.22560        0.01682        0.97922     1
   57009.381778       0.005709        0.29574        0.01985        0.96717     1
   57016.242408       0.005462        0.73831        0.04064        0.98100     1
   57032.212758       0.005941        0.20533        0.01604        0.98285     1
   57040.201850       0.005767        0.13598        0.01519        0.97735     1
   57306.452205       0.006115        0.57243        0.02660        0.98359     1
   57315.424936       0.064609        0.63963        0.02705        0.10591     1
   57340.281978       0.006217        0.50340        0.02440        0.97675     1
   57363.224972       0.005578        0.33590        0.02205        0.95866     1
   57372.266025       0.005476        0.18869        0.02015        0.98401     1
   57421.142141       0.005752        0.16915        0.01497        0.97621     1
   57428.185765       0.005868        0.20226        0.01587        0.96978     1
   57718.489521       0.237535        0.03339        0.00682        0.03846     1
   57728.287437       0.005592        0.15123        0.01478        0.97128     1
   57744.443822       0.005447        0.07740        0.01037        0.97579     1
   57751.282468       0.005723        0.07998        0.01025        0.97753     1
   57770.197590       0.037142        0.03732        0.00697        0.18632     1
   57777.124074       0.006435        0.09456        0.01058        0.97861     1
   57808.156708       0.005752        0.05155        0.00872        0.97726     1
   57829.083863       0.061951        0.05272        0.00882        0.10951     1
   58027.449799       0.005723        0.07766        0.01023        0.96646     1
   58046.378564       0.005462        0.06460        0.00976        0.98701     1
   58057.936895       0.006159        0.06965        0.00931        0.97425     1
   58100.374772       0.005738        0.04863        0.00860        0.98439     1
   58112.332886       0.005941        0.02954        0.00645        0.99022     1
   58404.426524       0.005374        0.15829        0.01487        0.97525     1
   58426.382590       0.036822        0.18290        0.01681        0.13777     1
   58429.396744       0.005999        0.12196        0.01633        0.98018     1
   58432.391750       0.004067        0.08260        0.01280        0.95753     1
   58460.288083       0.005636        0.05497        0.00904        0.98380     1
   58464.956036       0.036996        0.08522        0.01133        0.14061     1
   58512.147632       0.005810        0.11547        0.01229        0.98415     1
   58516.202371       0.005781        0.12128        0.01487        0.71599     1
   58520.216197       0.035863        0.14102        0.01355        0.18350     1
   58815.336928       0.004706        0.25506        0.02010        0.97455     1
   58895.229167       0.005520        0.16951        0.01502        0.96809     1
   58898.140758       0.004997        0.58806        0.04058        0.98256     1
   58901.137349       0.005694        2.21847        0.09921        0.94244     1
   58904.127932       0.006057        1.86590        0.08521        0.98070     1
   58905.201496       0.032668        2.23902        0.07623        0.19244     0
   58906.373601       0.008302        1.87652        0.04233        0.94319     0
   58907.871727       0.034847        2.15345        0.12028        0.09428     1
   58908.866075       0.033859        2.25827        0.09593        0.15041     1
   58919.845910       0.005738        0.60553        0.02809        0.97485     1
   58920.909433       0.005505        0.46993        0.03085        0.96463     1
   58921.908250       0.006333        0.49027        0.02413        0.96112     1
   59164.448420       0.003660        0.14273        0.02015        0.97511     1
   59165.380236       0.005854        0.08295        0.01124        0.97853     1
   59168.353435       0.002803        0.06332        0.01382        0.96565     1
   59171.338534       0.005200        0.05915        0.01016        0.96424     1
   59174.392331       0.005563        0.07217        0.01115        0.96869     1
   59178.786336       0.005316        0.05617        0.01296        0.96480     1
   59181.959400       0.003079        0.12531        0.01796        0.95446     1
   59194.306781       0.004982        0.10160        0.01283        0.96501     1
   59197.373285       0.005171        0.14030        0.01435        0.97248     1
   59200.360425       0.004822        0.14888        0.01559        0.98100     1
   59206.864362       0.002629        0.11333        0.01818        0.98371     1
   59214.100946       0.476116        0.22021        0.01699        0.01348     1
   59220.011577       0.009253        0.31391        0.01639        0.93535     1
   59222.207623       0.004183        0.25256        0.02132        0.98306     1
   59225.193153       0.005447        0.31332        0.02074        0.97343     1
   59227.776509       0.009572        0.34889        0.01648        0.98158     1
   59228.239428       0.003588        0.26251        0.02549        0.95544     1
   59231.232262       0.005200        0.16342        0.01549        0.95808     1
   59250.211745       0.006275        0.17736        0.01445        0.96957     1
   59252.204605       0.005098        0.23025        0.01870        0.98347     1
   59254.123542       0.005621        0.17745        0.01615        0.97712     1
   59256.453100       0.264233        0.25838        0.02280        0.02479     1
   59283.004634       0.002310        0.08420        0.01994        0.85440     1
   59286.182817       0.005331        0.07526        0.01016        0.98598     1
   59939.226511       0.005418        0.03130        0.00701        0.98170     1
