61208.50  0.50  1.85e-06  0.00e+00    0.00    0.00
61209.50  0.50  4.89e-06  0.00e+00    0.00    0.00
61211.50  0.50  1.33e-04  0.00e+00    0.00    0.00
61212.50  0.50  5.32e-05  0.00e+00    0.00    0.00
61213.50  0.50  9.65e-06  0.00e+00    0.00    0.00
61214.50  0.50  5.73e-06  0.00e+00    0.00    0.00
61215.50  0.50  8.15e-06  0.00e+00    0.00    0.00
61216.50  0.50  9.02e-06  0.00e+00    0.00    0.00
61217.50  0.50  7.44e-06  0.00e+00    0.00    0.00
61218.50  0.50  4.01e-06  0.00e+00    0.00    0.00
61219.50  0.50  5.91e-06  0.00e+00    0.00    0.00
61220.50  0.50  2.93e-06  0.00e+00    0.00    0.00
61221.50  0.50  5.40e-06  0.00e+00    0.00    0.00
61222.50  0.50  7.34e-07  0.00e+00    0.00    0.00
61223.50  0.50  5.51e-07  2.40e-07    8.19    2.09
61224.50  0.50  6.01e-07  2.23e-07    8.92    2.27
61225.50  0.50  1.22e-06  0.00e+00    0.00    0.00
61226.50  0.50  8.19e-07  0.00e+00    0.00    0.00
61227.50  0.50  6.79e-07  1.11e-07    10.08    2.57
61228.50  0.50  6.29e-07  0.00e+00    0.00    0.00
61229.50  0.50  3.91e-07  1.81e-07    5.81    1.48
61230.50  0.50  5.45e-07  1.37e-08    8.10    2.06
61231.50  0.50  9.47e-07  0.00e+00    0.00    0.00
61232.50  0.50  6.82e-07  0.00e+00    0.00    0.00
61233.50  0.50  1.05e-06  3.05e-07    15.56    3.96
61234.50  0.50  4.61e-07  1.84e-07    6.85    1.75
61235.50  0.50  6.06e-07  7.07e-08    9.01    2.29
61236.50  0.50  6.57e-07  0.00e+00    0.00    0.00
61237.50  0.50  4.03e-07  8.52e-08    5.98    1.52
61238.50  0.50  5.69e-07  9.39e-08    8.45    2.15
61239.50  0.50  8.81e-07  0.00e+00    0.00    0.00
61240.50  0.50  4.12e-07  5.39e-08    6.13    1.56
61241.50  0.50  2.34e-07  4.66e-08    3.48    0.89
61242.50  0.50  5.97e-07  0.00e+00    0.00    0.00
61243.50  0.50  7.10e-07  1.98e-08    10.54    2.69
61244.50  0.50  7.28e-07  0.00e+00    0.00    0.00
61245.50  0.50  3.87e-07  1.80e-07    5.75    1.46
61246.50  0.50  1.36e-06  0.00e+00    0.00    0.00
61247.50  0.50  4.59e-07  2.04e-07    6.82    1.74
61248.50  0.50  3.42e-07  1.78e-07    5.09    1.30
61249.50  0.50  3.86e-07  1.50e-07    5.73    1.46
61250.50  0.50  5.39e-07  0.00e+00    0.00    0.00
61251.50  0.50  3.35e-07  1.53e-07    4.98    1.27
61252.50  0.50  4.45e-07  6.93e-08    6.61    1.69
61253.50  0.50  4.89e-07  0.00e+00    0.00    0.00
61254.50  0.50  8.09e-07  2.79e-07    12.02    3.06
61255.50  0.50  1.25e-07  0.00e+00    0.00    0.00
61256.50  0.50  9.60e-07  0.00e+00    0.00    0.00
61257.50  0.50  7.72e-07  0.00e+00    0.00    0.00
61258.50  0.50  4.01e-07  1.00e-07    5.96    1.52
61259.50  0.50  2.40e-07  0.00e+00    0.00    0.00
61260.50  0.50  3.07e-07  5.09e-08    4.56    1.16
61261.50  0.50  5.63e-07  0.00e+00    0.00    0.00
61262.50  0.50  8.73e-07  0.00e+00    0.00    0.00
61263.50  0.50  7.56e-07  0.00e+00    0.00    0.00
61264.50  0.50  2.91e-07  0.00e+00    0.00    0.00
61265.50  0.50  6.51e-07  0.00e+00    0.00    0.00
61266.50  0.50  3.37e-07  0.00e+00    0.00    0.00
61267.50  0.50  3.00e-07  0.00e+00    0.00    0.00
61268.50  0.50  5.90e-07  0.00e+00    0.00    0.00
61269.50  0.50  2.07e-07  0.00e+00    0.00    0.00
61270.50  0.50  6.02e-07  2.11e-07    8.94    2.28
61271.50  0.50  3.92e-07  4.44e-08    5.82    1.48
61272.50  0.50  1.06e-06  0.00e+00    0.00    0.00
61273.50  0.50  5.93e-07  9.94e-08    8.80    2.24
61274.50  0.50  1.77e-07  0.00e+00    0.00    0.00
61275.50  0.50  1.39e-06  0.00e+00    0.00    0.00
61276.50  0.50  3.26e-07  0.00e+00    0.00    0.00
61277.50  0.50  5.75e-07  0.00e+00    0.00    0.00
61278.50  0.50  2.44e-07  0.00e+00    0.00    0.00
61279.50  0.50  1.55e-07  0.00e+00    0.00    0.00
61280.50  0.50  6.29e-07  0.00e+00    0.00    0.00
61281.50  0.50  1.25e-07  0.00e+00    0.00    0.00
61282.50  0.50  4.84e-07  0.00e+00    0.00    0.00
61283.50  0.50  9.77e-07  0.00e+00    0.00    0.00
61284.50  0.50  2.43e-07  6.20e-08    3.62    0.92
61285.50  0.50  9.67e-07  0.00e+00    0.00    0.00
61286.50  0.50  2.60e-07  3.50e-08    3.87    0.99
61287.50  0.50  1.99e-07  1.11e-07    2.96    0.75
61288.50  0.50  5.07e-07  0.00e+00    0.00    0.00
61289.50  0.50  9.32e-07  0.00e+00    0.00    0.00
61290.50  0.50  3.28e-07  0.00e+00    0.00    0.00
61291.50  0.50  4.54e-07  0.00e+00    0.00    0.00
61292.50  0.50  1.08e-06  0.00e+00    0.00    0.00
61293.50  0.50  3.90e-07  0.00e+00    0.00    0.00
61294.50  0.50  8.21e-07  0.00e+00    0.00    0.00
61295.50  0.50  5.46e-07  0.00e+00    0.00    0.00
61296.50  0.50  4.71e-07  0.00e+00    0.00    0.00
61297.50  0.50  6.51e-07  0.00e+00    0.00    0.00
61298.50  0.50  8.91e-07  0.00e+00    0.00    0.00
61299.50  0.50  8.94e-07  0.00e+00    0.00    0.00
61300.50  0.50  4.09e-07  0.00e+00    0.00    0.00
61301.50  0.50  6.85e-07  0.00e+00    0.00    0.00
61302.50  0.50  6.00e-07  8.44e-08    8.91    2.27
61303.50  0.50  1.50e-07  0.00e+00    0.00    0.00
61304.50  0.50  2.52e-07  0.00e+00    0.00    0.00
61305.50  0.50  5.52e-07  0.00e+00    0.00    0.00
61306.50  0.50  1.75e-07  0.00e+00    0.00    0.00
61307.50  0.50  2.86e-07  0.00e+00    0.00    0.00
61308.50  0.50  2.48e-07  0.00e+00    0.00    0.00
