61197.50  0.50  7.96e-08  3.23e-08    9.96    2.54
61198.50  0.50  6.89e-08  0.00e+00    0.00    0.00
61199.50  0.50  1.23e-07  1.90e-08    15.33    3.90
61200.50  0.50  1.05e-07  1.64e-08    13.13    3.34
61201.50  0.50  1.03e-07  4.36e-08    12.90    3.29
61202.50  0.50  2.51e-07  0.00e+00    0.00    0.00
61203.50  0.50  3.32e-07  0.00e+00    0.00    0.00
61204.50  0.50  3.42e-07  0.00e+00    0.00    0.00
61205.50  0.50  6.33e-07  0.00e+00    0.00    0.00
61206.50  0.50  5.34e-07  0.00e+00    0.00    0.00
61207.50  0.50  5.06e-07  0.00e+00    0.00    0.00
61208.50  0.50  4.96e-07  0.00e+00    0.00    0.00
61209.50  0.50  2.37e-06  0.00e+00    0.00    0.00
61211.50  0.50  2.32e-05  0.00e+00    0.00    0.00
61212.50  0.50  4.58e-06  0.00e+00    0.00    0.00
61213.50  0.50  2.00e-06  0.00e+00    0.00    0.00
61214.50  0.50  1.06e-06  0.00e+00    0.00    0.00
61215.50  0.50  8.72e-07  0.00e+00    0.00    0.00
61216.50  0.50  3.47e-07  0.00e+00    0.00    0.00
61217.50  0.50  9.56e-07  0.00e+00    0.00    0.00
61218.50  0.50  1.00e-06  0.00e+00    0.00    0.00
61219.50  0.50  5.03e-07  0.00e+00    0.00    0.00
61220.50  0.50  4.00e-07  0.00e+00    0.00    0.00
61221.50  0.50  1.86e-07  0.00e+00    0.00    0.00
61222.50  0.50  1.12e-07  0.00e+00    0.00    0.00
61223.50  0.50  6.57e-08  2.86e-08    8.21    2.09
61224.50  0.50  1.06e-07  2.80e-08    13.29    3.39
61225.50  0.50  1.03e-07  0.00e+00    0.00    0.00
61226.50  0.50  8.31e-08  0.00e+00    0.00    0.00
61227.50  0.50  9.46e-08  3.31e-08    11.83    3.01
61228.50  0.50  6.15e-08  0.00e+00    0.00    0.00
61229.50  0.50  1.36e-07  0.00e+00    0.00    0.00
61230.50  0.50  7.02e-08  2.85e-08    8.78    2.24
61231.50  0.50  9.85e-08  0.00e+00    0.00    0.00
61232.50  0.50  4.20e-08  0.00e+00    0.00    0.00
61233.50  0.50  1.01e-07  2.91e-08    12.58    3.21
61234.50  0.50  8.34e-08  2.84e-08    10.43    2.66
61235.50  0.50  8.69e-08  2.38e-08    10.87    2.77
61236.50  0.50  8.75e-08  0.00e+00    0.00    0.00
61237.50  0.50  7.03e-08  0.00e+00    0.00    0.00
61238.50  0.50  7.26e-08  0.00e+00    0.00    0.00
61239.50  0.50  6.71e-08  0.00e+00    0.00    0.00
61240.50  0.50  4.95e-08  2.28e-08    6.19    1.58
61241.50  0.50  6.28e-08  2.03e-08    7.86    2.00
61242.50  0.50  6.32e-08  0.00e+00    0.00    0.00
61243.50  0.50  7.09e-08  0.00e+00    0.00    0.00
61244.50  0.50  9.91e-08  0.00e+00    0.00    0.00
61245.50  0.50  1.32e-07  0.00e+00    0.00    0.00
61246.50  0.50  4.48e-08  0.00e+00    0.00    0.00
61247.50  0.50  4.46e-08  1.04e-08    5.57    1.42
61248.50  0.50  7.18e-08  0.00e+00    0.00    0.00
61249.50  0.50  3.50e-08  1.67e-08    4.38    1.11
61250.50  0.50  6.90e-08  0.00e+00    0.00    0.00
61251.50  0.50  4.76e-08  2.30e-08    5.96    1.52
61252.50  0.50  7.75e-08  0.00e+00    0.00    0.00
61253.50  0.50  7.55e-08  0.00e+00    0.00    0.00
61254.50  0.50  8.00e-08  0.00e+00    0.00    0.00
61255.50  0.50  3.54e-08  0.00e+00    0.00    0.00
61256.50  0.50  7.19e-08  0.00e+00    0.00    0.00
61257.50  0.50  1.29e-07  0.00e+00    0.00    0.00
61258.50  0.50  8.36e-08  0.00e+00    0.00    0.00
61259.50  0.50  7.73e-08  0.00e+00    0.00    0.00
61260.50  0.50  5.53e-08  4.47e-09    6.91    1.76
61261.50  0.50  7.36e-08  0.00e+00    0.00    0.00
61262.50  0.50  8.10e-08  0.00e+00    0.00    0.00
61263.50  0.50  5.90e-08  0.00e+00    0.00    0.00
61264.50  0.50  7.71e-08  0.00e+00    0.00    0.00
61265.50  0.50  7.71e-08  0.00e+00    0.00    0.00
61266.50  0.50  1.12e-07  0.00e+00    0.00    0.00
61267.50  0.50  1.11e-07  0.00e+00    0.00    0.00
61268.50  0.50  8.07e-08  0.00e+00    0.00    0.00
61269.50  0.50  5.77e-08  0.00e+00    0.00    0.00
61270.50  0.50  8.82e-08  0.00e+00    0.00    0.00
61271.50  0.50  7.27e-08  2.87e-08    9.09    2.31
61272.50  0.50  4.85e-08  0.00e+00    0.00    0.00
61273.50  0.50  1.42e-07  0.00e+00    0.00    0.00
61274.50  0.50  5.35e-08  0.00e+00    0.00    0.00
61275.50  0.50  4.35e-08  0.00e+00    0.00    0.00
61276.50  0.50  3.90e-08  0.00e+00    0.00    0.00
61277.50  0.50  5.72e-08  0.00e+00    0.00    0.00
61278.50  0.50  6.46e-08  0.00e+00    0.00    0.00
61279.50  0.50  4.94e-08  0.00e+00    0.00    0.00
61280.50  0.50  9.40e-08  0.00e+00    0.00    0.00
61281.50  0.50  5.57e-08  0.00e+00    0.00    0.00
61282.50  0.50  3.04e-08  0.00e+00    0.00    0.00
61283.50  0.50  8.86e-08  0.00e+00    0.00    0.00
61284.50  0.50  2.33e-08  1.60e-08    2.91    0.74
61285.50  0.50  5.90e-08  0.00e+00    0.00    0.00
61286.50  0.50  5.93e-08  7.46e-09    7.42    1.89
61287.50  0.50  4.27e-08  1.37e-08    5.34    1.36
61288.50  0.50  3.53e-08  0.00e+00    0.00    0.00
61289.50  0.50  1.54e-08  0.00e+00    0.00    0.00
61290.50  0.50  8.48e-08  0.00e+00    0.00    0.00
61291.50  0.50  5.23e-08  0.00e+00    0.00    0.00
61292.50  0.50  3.56e-08  0.00e+00    0.00    0.00
61293.50  0.50  4.80e-08  0.00e+00    0.00    0.00
61294.50  0.50  1.91e-08  0.00e+00    0.00    0.00
61295.50  0.50  5.08e-08  0.00e+00    0.00    0.00
61296.50  0.50  9.95e-08  0.00e+00    0.00    0.00
61297.50  0.50  2.14e-08  0.00e+00    0.00    0.00
