61223.50  3.50  5.10e-07  1.05e-07    7.58    1.93
61230.50  3.50  4.90e-07  7.96e-08    7.28    1.85
61237.50  3.50  4.44e-07  7.94e-08    6.59    1.68
61244.50  3.50  4.10e-07  7.78e-08    6.09    1.55
61251.50  3.50  3.96e-07  6.75e-08    5.88    1.50
61258.50  3.50  2.58e-07  1.63e-08    3.83    0.98
61265.50  3.50  2.47e-07  6.11e-08    3.67    0.94
61272.50  3.50  3.73e-07  7.46e-08    5.54    1.41
61279.50  3.50  1.49e-07  2.06e-08    2.21    0.56
61286.50  3.50  2.86e-07  6.97e-08    4.25    1.08
61293.50  3.50  1.67e-07  5.97e-08    2.48    0.63
61300.50  3.50  3.13e-07  7.51e-08    4.65    1.19
61307.50  3.50  9.83e-08  3.87e-08    1.46    0.37
61314.50  3.50  1.26e-07  2.38e-08    1.88    0.48
