61223.50  3.50  5.45e-08  1.18e-08    6.81    1.74
61230.50  3.50  5.66e-08  9.46e-09    7.08    1.80
61237.50  3.50  5.25e-08  6.58e-09    6.57    1.67
61244.50  3.50  4.15e-08  3.60e-09    5.19    1.32
61251.50  3.50  3.31e-08  6.90e-09    4.14    1.06
61258.50  3.50  3.27e-08  7.28e-09    4.09    1.04
61265.50  3.50  3.27e-08  7.56e-09    4.09    1.04
61272.50  3.50  3.69e-08  2.98e-09    4.61    1.17
61279.50  3.50  1.84e-08  2.52e-09    2.30    0.59
61286.50  3.50  2.22e-08  3.25e-09    2.78    0.71
61293.50  3.50  1.97e-08  2.02e-09    2.46    0.63
61300.50  3.50  1.90e-08  5.57e-09    2.38    0.61
61307.50  3.50  1.65e-08  5.25e-09    2.06    0.52
61314.50  3.50  1.78e-08  0.00e+00    0.00    0.00
