61202.50  3.50  1.11e-08  0.00e+00    0.00    0.00
61209.50  3.50  6.35e-09  0.00e+00    0.00    0.00
61216.50  3.50  4.46e-09  0.00e+00    0.00    0.00
61223.50  3.50  1.56e-08  0.00e+00    0.00    0.00
61230.50  3.50  1.32e-08  0.00e+00    0.00    0.00
61237.50  3.50  1.09e-08  0.00e+00    0.00    0.00
61244.50  3.50  4.94e-09  0.00e+00    0.00    0.00
61251.50  3.50  5.98e-09  0.00e+00    0.00    0.00
61258.50  3.50  1.93e-09  0.00e+00    0.00    0.00
61265.50  3.50  1.06e-08  0.00e+00    0.00    0.00
61272.50  3.50  1.38e-08  0.00e+00    0.00    0.00
61279.50  3.50  1.21e-08  1.95e-09    4.83    0.02
61286.50  3.50  1.08e-08  0.00e+00    0.00    0.00
61293.50  3.50  9.95e-09  0.00e+00    0.00    0.00
