61209.50  3.50  1.34e-07  3.34e-08    1.90    0.01
61216.50  3.50  1.45e-07  0.00e+00    0.00    0.00
61223.50  3.50  8.01e-08  2.19e-09    1.14    0.01
61230.50  3.50  1.34e-07  2.60e-08    1.90    0.01
61237.50  3.50  9.72e-08  2.72e-09    1.38    0.01
61244.50  3.50  1.24e-07  0.00e+00    0.00    0.00
61251.50  3.50  9.54e-08  0.00e+00    0.00    0.00
61258.50  3.50  1.42e-07  0.00e+00    0.00    0.00
61265.50  3.50  7.20e-08  0.00e+00    0.00    0.00
61272.50  3.50  1.33e-07  3.04e-09    1.89    0.01
61279.50  3.50  1.39e-07  1.45e-09    1.98    0.01
61286.50  3.50  8.70e-08  1.60e-08    1.23    0.01
61293.50  3.50  7.37e-08  0.00e+00    0.00    0.00
61300.50  3.50  1.45e-07  0.00e+00    0.00    0.00
