61202.50  3.50  1.20e-07  0.00e+00    0.00    0.00
61209.50  3.50  7.01e-08  0.00e+00    0.00    0.00
61216.50  3.50  1.91e-07  0.00e+00    0.00    0.00
61223.50  3.50  3.26e-08  0.00e+00    0.00    0.00
61230.50  3.50  1.73e-07  0.00e+00    0.00    0.00
61237.50  3.50  1.48e-07  0.00e+00    0.00    0.00
61244.50  3.50  4.51e-08  0.00e+00    0.00    0.00
61251.50  3.50  1.78e-06  0.00e+00    0.00    0.00
61258.50  3.50  2.27e-05  0.00e+00    0.00    0.00
61265.50  3.50  7.03e-08  0.00e+00    0.00    0.00
61272.50  3.50  1.00e-07  0.00e+00    0.00    0.00
61279.50  3.50  1.14e-07  0.00e+00    0.00    0.00
61286.50  3.50  2.03e-08  0.00e+00    0.00    0.00
61293.50  3.50  1.73e-07  0.00e+00    0.00    0.00
