61202.50  3.50  6.11e-09  0.00e+00    0.00    0.00
61209.50  3.50  8.41e-09  0.00e+00    0.00    0.00
61216.50  3.50  4.03e-09  0.00e+00    0.00    0.00
61223.50  3.50  2.78e-09  0.00e+00    0.00    0.00
61230.50  3.50  2.38e-09  0.00e+00    0.00    0.00
61237.50  3.50  2.28e-09  0.00e+00    0.00    0.00
61244.50  3.50  2.78e-09  0.00e+00    0.00    0.00
61251.50  3.50  4.50e-08  0.00e+00    0.00    0.00
61258.50  3.50  3.79e-06  0.00e+00    0.00    0.00
61265.50  3.50  9.70e-09  0.00e+00    0.00    0.00
61272.50  3.50  2.62e-09  0.00e+00    0.00    0.00
61279.50  3.50  3.40e-09  0.00e+00    0.00    0.00
61286.50  3.50  5.92e-09  0.00e+00    0.00    0.00
61293.50  3.50  2.40e-09  0.00e+00    0.00    0.00
