61192.50  0.50  1.27e-07  0.00e+00    0.00    0.00
61193.50  0.50  7.19e-08  0.00e+00    0.00    0.00
61194.50  0.50  6.40e-08  0.00e+00    0.00    0.00
61195.50  0.50  1.18e-07  0.00e+00    0.00    0.00
61196.50  0.50  2.74e-07  0.00e+00    0.00    0.00
61197.50  0.50  7.97e-08  0.00e+00    0.00    0.00
61198.50  0.50  2.70e-07  0.00e+00    0.00    0.00
61199.50  0.50  2.23e-07  0.00e+00    0.00    0.00
61200.50  0.50  1.10e-07  0.00e+00    0.00    0.00
61201.50  0.50  4.09e-07  0.00e+00    0.00    0.00
61202.50  0.50  7.29e-07  0.00e+00    0.00    0.00
61203.50  0.50  1.21e-06  0.00e+00    0.00    0.00
61204.50  0.50  1.96e-07  0.00e+00    0.00    0.00
61205.50  0.50  3.10e-07  0.00e+00    0.00    0.00
61206.50  0.50  3.19e-07  0.00e+00    0.00    0.00
61207.50  0.50  1.57e-07  0.00e+00    0.00    0.00
61208.50  0.50  7.82e-07  0.00e+00    0.00    0.00
61209.50  0.50  2.05e-07  0.00e+00    0.00    0.00
61210.50  0.50  3.13e-07  0.00e+00    0.00    0.00
61211.50  0.50  4.80e-07  0.00e+00    0.00    0.00
61212.50  0.50  1.79e-07  0.00e+00    0.00    0.00
61213.50  0.50  5.20e-07  0.00e+00    0.00    0.00
61214.50  0.50  2.23e-07  0.00e+00    0.00    0.00
61215.50  0.50  1.93e-07  0.00e+00    0.00    0.00
61216.50  0.50  5.68e-07  0.00e+00    0.00    0.00
61217.50  0.50  1.26e-06  0.00e+00    0.00    0.00
61218.50  0.50  3.96e-07  0.00e+00    0.00    0.00
61219.50  0.50  2.64e-07  0.00e+00    0.00    0.00
61220.50  0.50  2.05e-07  0.00e+00    0.00    0.00
61221.50  0.50  4.08e-07  0.00e+00    0.00    0.00
61222.50  0.50  1.96e-07  0.00e+00    0.00    0.00
61223.50  0.50  9.08e-08  0.00e+00    0.00    0.00
61224.50  0.50  1.99e-07  0.00e+00    0.00    0.00
61225.50  0.50  2.11e-07  0.00e+00    0.00    0.00
61226.50  0.50  8.75e-08  0.00e+00    0.00    0.00
61227.50  0.50  4.22e-07  0.00e+00    0.00    0.00
61228.50  0.50  1.09e-07  0.00e+00    0.00    0.00
61229.50  0.50  3.72e-07  0.00e+00    0.00    0.00
61230.50  0.50  4.59e-07  0.00e+00    0.00    0.00
61231.50  0.50  1.30e-07  0.00e+00    0.00    0.00
61232.50  0.50  5.59e-07  0.00e+00    0.00    0.00
61233.50  0.50  6.36e-07  0.00e+00    0.00    0.00
61234.50  0.50  3.15e-07  0.00e+00    0.00    0.00
61235.50  0.50  4.95e-07  0.00e+00    0.00    0.00
61236.50  0.50  4.06e-07  0.00e+00    0.00    0.00
61237.50  0.50  1.14e-07  0.00e+00    0.00    0.00
61238.50  0.50  3.55e-07  0.00e+00    0.00    0.00
61239.50  0.50  9.04e-08  0.00e+00    0.00    0.00
61240.50  0.50  2.97e-07  0.00e+00    0.00    0.00
61241.50  0.50  4.10e-07  0.00e+00    0.00    0.00
61242.50  0.50  1.65e-07  0.00e+00    0.00    0.00
61243.50  0.50  1.41e-07  0.00e+00    0.00    0.00
61244.50  0.50  9.26e-08  0.00e+00    0.00    0.00
61245.50  0.50  2.05e-07  0.00e+00    0.00    0.00
61246.50  0.50  1.57e-07  0.00e+00    0.00    0.00
61247.50  0.50  1.42e-07  0.00e+00    0.00    0.00
61248.50  0.50  3.32e-06  0.00e+00    0.00    0.00
61249.50  0.50  1.65e-06  0.00e+00    0.00    0.00
61250.50  0.50  1.85e-06  0.00e+00    0.00    0.00
61251.50  0.50  2.09e-05  0.00e+00    0.00    0.00
61258.50  0.50  1.30e-04  0.00e+00    0.00    0.00
61259.50  0.50  1.13e-04  0.00e+00    0.00    0.00
61260.50  0.50  9.44e-05  0.00e+00    0.00    0.00
61261.50  0.50  4.00e-05  0.00e+00    0.00    0.00
61262.50  0.50  1.82e-05  0.00e+00    0.00    0.00
61263.50  0.50  5.69e-06  0.00e+00    0.00    0.00
61264.50  0.50  2.54e-06  0.00e+00    0.00    0.00
61265.50  0.50  6.69e-07  0.00e+00    0.00    0.00
61266.50  0.50  8.57e-08  0.00e+00    0.00    0.00
61267.50  0.50  1.60e-07  0.00e+00    0.00    0.00
61268.50  0.50  8.38e-08  0.00e+00    0.00    0.00
61269.50  0.50  3.34e-07  0.00e+00    0.00    0.00
61270.50  0.50  4.04e-07  0.00e+00    0.00    0.00
61271.50  0.50  1.81e-07  0.00e+00    0.00    0.00
61272.50  0.50  1.35e-07  0.00e+00    0.00    0.00
61273.50  0.50  3.65e-07  0.00e+00    0.00    0.00
61274.50  0.50  1.21e-07  0.00e+00    0.00    0.00
61275.50  0.50  1.13e-07  0.00e+00    0.00    0.00
61276.50  0.50  3.88e-07  0.00e+00    0.00    0.00
61277.50  0.50  7.24e-08  0.00e+00    0.00    0.00
61278.50  0.50  1.19e-07  0.00e+00    0.00    0.00
61279.50  0.50  1.55e-07  0.00e+00    0.00    0.00
61280.50  0.50  1.67e-07  0.00e+00    0.00    0.00
61281.50  0.50  2.07e-07  0.00e+00    0.00    0.00
61282.50  0.50  1.64e-07  0.00e+00    0.00    0.00
61283.50  0.50  2.39e-07  0.00e+00    0.00    0.00
61284.50  0.50  5.81e-08  0.00e+00    0.00    0.00
61285.50  0.50  9.68e-08  0.00e+00    0.00    0.00
61286.50  0.50  1.52e-07  0.00e+00    0.00    0.00
61287.50  0.50  1.18e-07  0.00e+00    0.00    0.00
61288.50  0.50  1.16e-07  0.00e+00    0.00    0.00
61289.50  0.50  1.31e-07  0.00e+00    0.00    0.00
61290.50  0.50  9.97e-08  0.00e+00    0.00    0.00
61291.50  0.50  1.41e-07  0.00e+00    0.00    0.00
61292.50  0.50  1.32e-07  0.00e+00    0.00    0.00
61293.50  0.50  1.27e-07  0.00e+00    0.00    0.00
61294.50  0.50  3.31e-07  0.00e+00    0.00    0.00
61295.50  0.50  4.35e-07  0.00e+00    0.00    0.00
61296.50  0.50  6.21e-07  0.00e+00    0.00    0.00
61297.50  0.50  3.19e-07  0.00e+00    0.00    0.00
