61209.50  3.50  1.77e-09  0.00e+00    0.00    0.00
61216.50  3.50  2.44e-09  0.00e+00    0.00    0.00
61223.50  3.50  1.00e-08  0.00e+00    0.00    0.00
61230.50  3.50  2.42e-09  0.00e+00    0.00    0.00
61237.50  3.50  5.21e-09  0.00e+00    0.00    0.00
61244.50  3.50  2.58e-09  0.00e+00    0.00    0.00
61251.50  3.50  4.36e-09  0.00e+00    0.00    0.00
61258.50  3.50  3.44e-09  0.00e+00    0.00    0.00
61265.50  3.50  7.68e-09  0.00e+00    0.00    0.00
61272.50  3.50  3.34e-09  0.00e+00    0.00    0.00
61279.50  3.50  6.59e-09  0.00e+00    0.00    0.00
61286.50  3.50  3.82e-09  0.00e+00    0.00    0.00
61293.50  3.50  2.30e-09  0.00e+00    0.00    0.00
61300.50  3.50  8.33e-09  0.00e+00    0.00    0.00
