61209.50  3.50  1.55e-08  0.00e+00    0.00    0.00
61216.50  3.50  3.02e-08  0.00e+00    0.00    0.00
61223.50  3.50  3.79e-08  0.00e+00    0.00    0.00
61230.50  3.50  1.53e-07  0.00e+00    0.00    0.00
61237.50  3.50  4.67e-08  0.00e+00    0.00    0.00
61244.50  3.50  4.75e-08  0.00e+00    0.00    0.00
61251.50  3.50  4.41e-08  0.00e+00    0.00    0.00
61258.50  3.50  4.95e-08  0.00e+00    0.00    0.00
61265.50  3.50  9.07e-08  0.00e+00    0.00    0.00
61272.50  3.50  1.07e-07  0.00e+00    0.00    0.00
61279.50  3.50  3.27e-08  0.00e+00    0.00    0.00
61286.50  3.50  7.48e-08  0.00e+00    0.00    0.00
61293.50  3.50  3.57e-08  0.00e+00    0.00    0.00
61300.50  3.50  2.71e-07  0.00e+00    0.00    0.00
