61209.50  3.50  1.18e-07  0.00e+00    0.00    0.00
61216.50  3.50  2.31e-08  0.00e+00    0.00    0.00
61223.50  3.50  6.40e-08  0.00e+00    0.00    0.00
61230.50  3.50  1.31e-07  0.00e+00    0.00    0.00
61237.50  3.50  8.91e-08  0.00e+00    0.00    0.00
61244.50  3.50  1.61e-07  0.00e+00    0.00    0.00
61251.50  3.50  2.20e-07  0.00e+00    0.00    0.00
61258.50  3.50  2.50e-07  0.00e+00    0.00    0.00
61265.50  3.50  5.96e-08  0.00e+00    0.00    0.00
61272.50  3.50  4.91e-08  0.00e+00    0.00    0.00
61279.50  3.50  3.10e-08  0.00e+00    0.00    0.00
61286.50  3.50  1.52e-07  0.00e+00    0.00    0.00
61293.50  3.50  6.83e-08  0.00e+00    0.00    0.00
61300.50  3.50  1.22e-07  0.00e+00    0.00    0.00
