61209.50  3.50  8.07e-09  0.00e+00    0.00    0.00
61216.50  3.50  6.85e-09  0.00e+00    0.00    0.00
61223.50  3.50  6.43e-09  0.00e+00    0.00    0.00
61230.50  3.50  7.25e-09  0.00e+00    0.00    0.00
61237.50  3.50  2.70e-09  0.00e+00    0.00    0.00
61244.50  3.50  3.06e-09  0.00e+00    0.00    0.00
61251.50  3.50  5.59e-08  0.00e+00    0.00    0.00
61258.50  3.50  2.51e-08  0.00e+00    0.00    0.00
61265.50  3.50  8.73e-09  0.00e+00    0.00    0.00
61272.50  3.50  6.30e-09  0.00e+00    0.00    0.00
61279.50  3.50  3.15e-09  0.00e+00    0.00    0.00
61286.50  3.50  4.29e-09  0.00e+00    0.00    0.00
61293.50  3.50  2.63e-09  0.00e+00    0.00    0.00
61300.50  3.50  3.26e-08  0.00e+00    0.00    0.00
