61209.50  0.50  8.92e-08  0.00e+00    0.00    0.00
61210.50  0.50  2.26e-07  0.00e+00    0.00    0.00
61211.50  0.50  4.17e-07  0.00e+00    0.00    0.00
61212.50  0.50  7.87e-08  0.00e+00    0.00    0.00
61213.50  0.50  7.78e-08  0.00e+00    0.00    0.00
61214.50  0.50  8.30e-08  0.00e+00    0.00    0.00
61215.50  0.50  9.07e-08  0.00e+00    0.00    0.00
61216.50  0.50  7.26e-08  0.00e+00    0.00    0.00
61217.50  0.50  5.96e-08  0.00e+00    0.00    0.00
61218.50  0.50  3.13e-07  0.00e+00    0.00    0.00
61219.50  0.50  4.52e-08  0.00e+00    0.00    0.00
61220.50  0.50  2.29e-07  0.00e+00    0.00    0.00
61221.50  0.50  3.29e-08  0.00e+00    0.00    0.00
61222.50  0.50  2.54e-07  0.00e+00    0.00    0.00
61223.50  0.50  2.88e-07  0.00e+00    0.00    0.00
61224.50  0.50  9.90e-08  0.00e+00    0.00    0.00
61225.50  0.50  3.53e-07  0.00e+00    0.00    0.00
61226.50  0.50  1.16e-07  0.00e+00    0.00    0.00
61227.50  0.50  3.86e-07  0.00e+00    0.00    0.00
61228.50  0.50  2.16e-07  0.00e+00    0.00    0.00
61229.50  0.50  5.00e-08  0.00e+00    0.00    0.00
61230.50  0.50  4.68e-07  0.00e+00    0.00    0.00
61231.50  0.50  2.82e-07  0.00e+00    0.00    0.00
61232.50  0.50  3.54e-07  0.00e+00    0.00    0.00
61233.50  0.50  4.85e-08  0.00e+00    0.00    0.00
61234.50  0.50  3.26e-07  0.00e+00    0.00    0.00
61235.50  0.50  1.11e-07  0.00e+00    0.00    0.00
61236.50  0.50  7.70e-08  0.00e+00    0.00    0.00
61237.50  0.50  1.90e-07  0.00e+00    0.00    0.00
61238.50  0.50  2.37e-07  0.00e+00    0.00    0.00
61239.50  0.50  1.54e-07  0.00e+00    0.00    0.00
61240.50  0.50  1.16e-07  0.00e+00    0.00    0.00
61241.50  0.50  1.65e-07  0.00e+00    0.00    0.00
61242.50  0.50  3.58e-07  0.00e+00    0.00    0.00
61243.50  0.50  1.80e-07  0.00e+00    0.00    0.00
61244.50  0.50  3.45e-07  0.00e+00    0.00    0.00
61245.50  0.50  4.80e-07  0.00e+00    0.00    0.00
61246.50  0.50  1.61e-07  0.00e+00    0.00    0.00
61247.50  0.50  2.93e-07  0.00e+00    0.00    0.00
61248.50  0.50  2.65e-06  0.00e+00    0.00    0.00
61249.50  0.50  1.21e-06  0.00e+00    0.00    0.00
61250.50  0.50  2.00e-06  0.00e+00    0.00    0.00
61251.50  0.50  3.40e-07  0.00e+00    0.00    0.00
61252.50  0.50  1.02e-06  0.00e+00    0.00    0.00
61253.50  0.50  4.87e-07  0.00e+00    0.00    0.00
61254.50  0.50  4.23e-07  0.00e+00    0.00    0.00
61255.50  0.50  4.75e-07  0.00e+00    0.00    0.00
61256.50  0.50  3.80e-07  0.00e+00    0.00    0.00
61257.50  0.50  2.01e-06  0.00e+00    0.00    0.00
61258.50  0.50  1.05e-06  0.00e+00    0.00    0.00
61259.50  0.50  7.53e-07  0.00e+00    0.00    0.00
61260.50  0.50  4.28e-07  0.00e+00    0.00    0.00
61261.50  0.50  1.14e-06  0.00e+00    0.00    0.00
61262.50  0.50  4.94e-07  0.00e+00    0.00    0.00
61263.50  0.50  2.13e-07  0.00e+00    0.00    0.00
61264.50  0.50  1.90e-07  0.00e+00    0.00    0.00
61265.50  0.50  1.28e-07  0.00e+00    0.00    0.00
61266.50  0.50  2.34e-07  0.00e+00    0.00    0.00
61267.50  0.50  3.42e-07  0.00e+00    0.00    0.00
61268.50  0.50  1.57e-07  0.00e+00    0.00    0.00
61269.50  0.50  5.01e-08  0.00e+00    0.00    0.00
61270.50  0.50  1.18e-07  0.00e+00    0.00    0.00
61271.50  0.50  3.21e-07  0.00e+00    0.00    0.00
61272.50  0.50  2.23e-07  0.00e+00    0.00    0.00
61273.50  0.50  6.23e-07  0.00e+00    0.00    0.00
61274.50  0.50  1.37e-07  0.00e+00    0.00    0.00
61275.50  0.50  6.32e-08  0.00e+00    0.00    0.00
61276.50  0.50  3.78e-07  0.00e+00    0.00    0.00
61277.50  0.50  1.23e-07  0.00e+00    0.00    0.00
61278.50  0.50  5.07e-07  0.00e+00    0.00    0.00
61279.50  0.50  1.07e-07  0.00e+00    0.00    0.00
61280.50  0.50  2.25e-07  0.00e+00    0.00    0.00
61281.50  0.50  1.03e-07  0.00e+00    0.00    0.00
61282.50  0.50  1.39e-07  0.00e+00    0.00    0.00
61283.50  0.50  2.75e-07  0.00e+00    0.00    0.00
61284.50  0.50  7.39e-08  0.00e+00    0.00    0.00
61285.50  0.50  6.74e-07  0.00e+00    0.00    0.00
61286.50  0.50  1.06e-07  0.00e+00    0.00    0.00
61287.50  0.50  3.66e-07  0.00e+00    0.00    0.00
61288.50  0.50  1.17e-07  0.00e+00    0.00    0.00
61289.50  0.50  1.21e-07  0.00e+00    0.00    0.00
61290.50  0.50  1.48e-07  0.00e+00    0.00    0.00
61291.50  0.50  1.85e-07  0.00e+00    0.00    0.00
61292.50  0.50  1.25e-07  0.00e+00    0.00    0.00
61293.50  0.50  1.24e-07  0.00e+00    0.00    0.00
61294.50  0.50  4.53e-07  0.00e+00    0.00    0.00
61295.50  0.50  1.23e-07  0.00e+00    0.00    0.00
61296.50  0.50  3.06e-07  0.00e+00    0.00    0.00
61297.50  0.50  2.31e-07  0.00e+00    0.00    0.00
61298.50  0.50  2.94e-07  0.00e+00    0.00    0.00
61299.50  0.50  6.58e-07  0.00e+00    0.00    0.00
61300.50  0.50  1.38e-06  0.00e+00    0.00    0.00
61301.50  0.50  3.40e-06  0.00e+00    0.00    0.00
61302.50  0.50  1.25e-06  0.00e+00    0.00    0.00
61303.50  0.50  1.47e-06  0.00e+00    0.00    0.00
61304.50  0.50  4.40e-06  0.00e+00    0.00    0.00
61305.50  0.50  1.26e-07  0.00e+00    0.00    0.00
61306.50  0.50  8.25e-08  0.00e+00    0.00    0.00
61307.50  0.50  4.14e-07  0.00e+00    0.00    0.00
61308.50  0.50  2.82e-07  0.00e+00    0.00    0.00
