61202.50  0.50  1.70e-07  0.00e+00    0.00    0.00
61203.50  0.50  1.98e-07  0.00e+00    0.00    0.00
61204.50  0.50  2.04e-07  0.00e+00    0.00    0.00
61205.50  0.50  2.51e-08  0.00e+00    0.00    0.00
61206.50  0.50  2.48e-07  0.00e+00    0.00    0.00
61207.50  0.50  1.11e-07  0.00e+00    0.00    0.00
61208.50  0.50  9.40e-08  0.00e+00    0.00    0.00
61209.50  0.50  2.00e-07  0.00e+00    0.00    0.00
61210.50  0.50  1.12e-07  5.01e-09    2.13    2.02
61211.50  0.50  4.81e-07  0.00e+00    0.00    0.00
61212.50  0.50  2.45e-07  0.00e+00    0.00    0.00
61213.50  0.50  2.00e-07  0.00e+00    0.00    0.00
61214.50  0.50  1.18e-07  0.00e+00    0.00    0.00
61215.50  0.50  1.32e-07  0.00e+00    0.00    0.00
61216.50  0.50  1.53e-07  0.00e+00    0.00    0.00
61217.50  0.50  1.99e-07  0.00e+00    0.00    0.00
61218.50  0.50  4.25e-08  0.00e+00    0.00    0.00
61219.50  0.50  3.09e-08  0.00e+00    0.00    0.00
61220.50  0.50  1.90e-07  0.00e+00    0.00    0.00
61221.50  0.50  5.93e-08  0.00e+00    0.00    0.00
61222.50  0.50  3.77e-08  0.00e+00    0.00    0.00
61223.50  0.50  1.60e-07  0.00e+00    0.00    0.00
61224.50  0.50  2.37e-07  0.00e+00    0.00    0.00
61225.50  0.50  8.75e-08  0.00e+00    0.00    0.00
61226.50  0.50  1.96e-07  0.00e+00    0.00    0.00
61227.50  0.50  2.05e-07  0.00e+00    0.00    0.00
61228.50  0.50  1.18e-07  0.00e+00    0.00    0.00
61229.50  0.50  1.68e-07  0.00e+00    0.00    0.00
61230.50  0.50  7.07e-08  0.00e+00    0.00    0.00
61231.50  0.50  2.50e-07  0.00e+00    0.00    0.00
61232.50  0.50  1.86e-07  0.00e+00    0.00    0.00
61233.50  0.50  7.99e-08  0.00e+00    0.00    0.00
61234.50  0.50  1.29e-07  0.00e+00    0.00    0.00
61235.50  0.50  1.27e-07  0.00e+00    0.00    0.00
61236.50  0.50  1.74e-07  0.00e+00    0.00    0.00
61237.50  0.50  3.28e-07  0.00e+00    0.00    0.00
61238.50  0.50  2.25e-07  0.00e+00    0.00    0.00
61239.50  0.50  1.09e-07  0.00e+00    0.00    0.00
61240.50  0.50  2.66e-07  0.00e+00    0.00    0.00
61241.50  0.50  3.12e-07  0.00e+00    0.00    0.00
61242.50  0.50  2.23e-07  0.00e+00    0.00    0.00
61243.50  0.50  2.46e-07  0.00e+00    0.00    0.00
61244.50  0.50  1.63e-07  0.00e+00    0.00    0.00
61245.50  0.50  1.62e-07  0.00e+00    0.00    0.00
61246.50  0.50  1.41e-07  0.00e+00    0.00    0.00
61247.50  0.50  8.36e-08  0.00e+00    0.00    0.00
61248.50  0.50  1.25e-07  0.00e+00    0.00    0.00
61249.50  0.50  1.83e-07  0.00e+00    0.00    0.00
61250.50  0.50  6.41e-08  2.80e-08    1.22    1.15
61251.50  0.50  1.64e-07  0.00e+00    0.00    0.00
61252.50  0.50  1.70e-07  0.00e+00    0.00    0.00
61253.50  0.50  6.12e-08  0.00e+00    0.00    0.00
61254.50  0.50  3.42e-07  0.00e+00    0.00    0.00
61255.50  0.50  6.87e-08  4.13e-09    1.31    1.24
61256.50  0.50  9.81e-08  0.00e+00    0.00    0.00
61257.50  0.50  2.04e-07  0.00e+00    0.00    0.00
61258.50  0.50  2.03e-07  0.00e+00    0.00    0.00
61259.50  0.50  1.28e-07  0.00e+00    0.00    0.00
61260.50  0.50  2.11e-07  0.00e+00    0.00    0.00
61261.50  0.50  2.92e-07  0.00e+00    0.00    0.00
61262.50  0.50  1.13e-07  0.00e+00    0.00    0.00
61263.50  0.50  1.73e-07  0.00e+00    0.00    0.00
61264.50  0.50  1.86e-07  0.00e+00    0.00    0.00
61265.50  0.50  3.38e-07  0.00e+00    0.00    0.00
61266.50  0.50  2.15e-07  0.00e+00    0.00    0.00
61267.50  0.50  3.05e-07  0.00e+00    0.00    0.00
61268.50  0.50  1.19e-07  0.00e+00    0.00    0.00
61269.50  0.50  3.01e-07  0.00e+00    0.00    0.00
61270.50  0.50  1.00e-07  0.00e+00    0.00    0.00
61271.50  0.50  1.88e-07  0.00e+00    0.00    0.00
61272.50  0.50  1.08e-07  0.00e+00    0.00    0.00
61273.50  0.50  2.28e-07  0.00e+00    0.00    0.00
61274.50  0.50  1.73e-07  0.00e+00    0.00    0.00
61275.50  0.50  7.01e-08  4.85e-09    1.34    1.26
61276.50  0.50  3.57e-07  0.00e+00    0.00    0.00
61277.50  0.50  1.49e-07  0.00e+00    0.00    0.00
61278.50  0.50  2.00e-07  0.00e+00    0.00    0.00
61279.50  0.50  1.00e-07  0.00e+00    0.00    0.00
61280.50  0.50  3.53e-07  0.00e+00    0.00    0.00
61281.50  0.50  1.22e-07  0.00e+00    0.00    0.00
61282.50  0.50  1.90e-07  0.00e+00    0.00    0.00
61283.50  0.50  3.22e-07  0.00e+00    0.00    0.00
61284.50  0.50  1.36e-07  0.00e+00    0.00    0.00
61285.50  0.50  1.23e-07  0.00e+00    0.00    0.00
61286.50  0.50  2.01e-07  0.00e+00    0.00    0.00
61287.50  0.50  3.55e-07  0.00e+00    0.00    0.00
61288.50  0.50  1.38e-07  0.00e+00    0.00    0.00
61289.50  0.50  3.02e-07  0.00e+00    0.00    0.00
61290.50  0.50  3.97e-07  0.00e+00    0.00    0.00
61291.50  0.50  1.03e-07  0.00e+00    0.00    0.00
61292.50  0.50  2.18e-07  0.00e+00    0.00    0.00
61293.50  0.50  4.12e-07  0.00e+00    0.00    0.00
61294.50  0.50  9.42e-08  5.43e-08    1.80    1.70
61295.50  0.50  9.58e-08  0.00e+00    0.00    0.00
61296.50  0.50  1.58e-07  0.00e+00    0.00    0.00
61297.50  0.50  2.71e-07  0.00e+00    0.00    0.00
61298.50  0.50  1.92e-07  0.00e+00    0.00    0.00
61299.50  0.50  1.38e-07  4.21e-08    2.63    2.48
61300.50  0.50  7.36e-08  0.00e+00    0.00    0.00
61301.50  0.50  5.27e-08  1.78e-08    1.01    0.95
