61209.50  3.50  8.68e-08  2.36e-08    1.65    1.56
61216.50  3.50  6.46e-08  8.76e-09    1.23    1.16
61223.50  3.50  2.00e-08  8.98e-10    0.38    0.36
61230.50  3.50  5.03e-08  1.27e-08    0.96    0.91
61237.50  3.50  6.09e-08  2.02e-09    1.16    1.10
61244.50  3.50  6.51e-08  2.04e-09    1.24    1.17
61251.50  3.50  7.34e-08  3.59e-09    1.40    1.32
61258.50  3.50  6.53e-08  7.80e-09    1.24    1.18
61265.50  3.50  6.84e-08  1.57e-09    1.30    1.23
61272.50  3.50  6.28e-08  1.54e-09    1.20    1.13
61279.50  3.50  5.29e-08  8.87e-10    1.01    0.95
61286.50  3.50  7.08e-08  8.97e-09    1.35    1.28
61293.50  3.50  8.31e-08  2.16e-08    1.58    1.50
61300.50  3.50  5.81e-08  2.00e-08    1.11    1.05
