61202.50  3.50  8.83e-09  0.00e+00    0.00    0.00
61209.50  3.50  1.24e-08  3.28e-09    1.25    1.18
61216.50  3.50  5.84e-09  2.37e-09    0.59    0.56
61223.50  3.50  5.95e-09  1.88e-09    0.60    0.57
61230.50  3.50  1.18e-08  4.10e-09    1.19    1.12
61237.50  3.50  1.58e-08  0.00e+00    0.00    0.00
61244.50  3.50  1.45e-08  4.08e-09    1.46    1.38
61251.50  3.50  6.79e-09  7.66e-10    0.68    0.65
61258.50  3.50  9.19e-09  2.91e-09    0.92    0.87
61265.50  3.50  1.27e-08  1.39e-09    1.27    1.20
61272.50  3.50  1.98e-08  4.01e-09    1.99    1.88
61279.50  3.50  8.07e-09  1.55e-09    0.81    0.77
61286.50  3.50  8.00e-09  3.16e-09    0.80    0.76
61293.50  3.50  1.51e-08  2.51e-09    1.52    1.44
