61202.50  0.50  2.97e-08  0.00e+00    0.00    0.00
61203.50  0.50  2.57e-08  0.00e+00    0.00    0.00
61204.50  0.50  1.83e-08  0.00e+00    0.00    0.00
61205.50  0.50  8.48e-09  0.00e+00    0.00    0.00
61206.50  0.50  3.31e-08  0.00e+00    0.00    0.00
61207.50  0.50  3.74e-08  0.00e+00    0.00    0.00
61208.50  0.50  3.95e-08  0.00e+00    0.00    0.00
61209.50  0.50  4.03e-08  0.00e+00    0.00    0.00
61210.50  0.50  2.77e-08  1.28e-08    2.78    2.63
61211.50  0.50  2.94e-08  0.00e+00    0.00    0.00
61212.50  0.50  1.04e-08  0.00e+00    0.00    0.00
61213.50  0.50  4.25e-08  0.00e+00    0.00    0.00
61214.50  0.50  2.25e-08  0.00e+00    0.00    0.00
61215.50  0.50  2.29e-08  0.00e+00    0.00    0.00
61216.50  0.50  2.29e-08  0.00e+00    0.00    0.00
61217.50  0.50  2.22e-08  0.00e+00    0.00    0.00
61218.50  0.50  9.07e-09  0.00e+00    0.00    0.00
61219.50  0.50  8.69e-09  0.00e+00    0.00    0.00
61220.50  0.50  3.53e-08  0.00e+00    0.00    0.00
61221.50  0.50  2.68e-08  0.00e+00    0.00    0.00
61222.50  0.50  1.48e-08  0.00e+00    0.00    0.00
61223.50  0.50  4.89e-08  0.00e+00    0.00    0.00
61224.50  0.50  3.26e-08  0.00e+00    0.00    0.00
61225.50  0.50  3.64e-08  0.00e+00    0.00    0.00
61226.50  0.50  1.98e-08  0.00e+00    0.00    0.00
61227.50  0.50  6.82e-08  0.00e+00    0.00    0.00
61228.50  0.50  5.11e-08  0.00e+00    0.00    0.00
61229.50  0.50  3.62e-08  0.00e+00    0.00    0.00
61230.50  0.50  3.59e-08  0.00e+00    0.00    0.00
61231.50  0.50  4.93e-08  0.00e+00    0.00    0.00
61232.50  0.50  3.67e-08  0.00e+00    0.00    0.00
61233.50  0.50  1.40e-08  0.00e+00    0.00    0.00
61234.50  0.50  4.89e-08  0.00e+00    0.00    0.00
61235.50  0.50  1.88e-08  0.00e+00    0.00    0.00
61236.50  0.50  1.86e-08  0.00e+00    0.00    0.00
61237.50  0.50  1.65e-08  0.00e+00    0.00    0.00
61238.50  0.50  4.75e-08  0.00e+00    0.00    0.00
61239.50  0.50  1.60e-08  0.00e+00    0.00    0.00
61240.50  0.50  8.18e-08  0.00e+00    0.00    0.00
61241.50  0.50  1.63e-08  0.00e+00    0.00    0.00
61242.50  0.50  6.17e-08  0.00e+00    0.00    0.00
61243.50  0.50  6.18e-08  0.00e+00    0.00    0.00
61244.50  0.50  4.37e-08  0.00e+00    0.00    0.00
61245.50  0.50  4.64e-08  0.00e+00    0.00    0.00
61246.50  0.50  5.10e-08  0.00e+00    0.00    0.00
61247.50  0.50  3.77e-08  0.00e+00    0.00    0.00
61248.50  0.50  1.12e-08  0.00e+00    0.00    0.00
61249.50  0.50  1.99e-08  0.00e+00    0.00    0.00
61250.50  0.50  1.84e-08  5.63e-09    1.85    1.75
61251.50  0.50  3.30e-08  0.00e+00    0.00    0.00
61252.50  0.50  1.98e-08  0.00e+00    0.00    0.00
61253.50  0.50  3.01e-08  0.00e+00    0.00    0.00
61254.50  0.50  1.56e-08  0.00e+00    0.00    0.00
61255.50  0.50  2.36e-08  0.00e+00    0.00    0.00
61256.50  0.50  3.89e-08  0.00e+00    0.00    0.00
61257.50  0.50  4.74e-08  0.00e+00    0.00    0.00
61258.50  0.50  1.92e-08  0.00e+00    0.00    0.00
61259.50  0.50  2.27e-08  0.00e+00    0.00    0.00
61260.50  0.50  4.66e-08  0.00e+00    0.00    0.00
61261.50  0.50  1.36e-08  0.00e+00    0.00    0.00
61262.50  0.50  4.73e-08  0.00e+00    0.00    0.00
61263.50  0.50  5.24e-08  0.00e+00    0.00    0.00
61264.50  0.50  2.87e-08  0.00e+00    0.00    0.00
61265.50  0.50  4.36e-08  0.00e+00    0.00    0.00
61266.50  0.50  4.43e-08  0.00e+00    0.00    0.00
61267.50  0.50  3.70e-08  0.00e+00    0.00    0.00
61268.50  0.50  5.16e-08  0.00e+00    0.00    0.00
61269.50  0.50  6.46e-08  0.00e+00    0.00    0.00
61270.50  0.50  3.54e-08  0.00e+00    0.00    0.00
61271.50  0.50  1.09e-07  0.00e+00    0.00    0.00
61272.50  0.50  1.49e-08  0.00e+00    0.00    0.00
61273.50  0.50  7.16e-08  0.00e+00    0.00    0.00
61274.50  0.50  7.18e-08  0.00e+00    0.00    0.00
61275.50  0.50  5.37e-08  0.00e+00    0.00    0.00
61276.50  0.50  1.47e-08  0.00e+00    0.00    0.00
61277.50  0.50  5.43e-08  0.00e+00    0.00    0.00
61278.50  0.50  1.34e-08  0.00e+00    0.00    0.00
61279.50  0.50  3.78e-08  0.00e+00    0.00    0.00
61280.50  0.50  3.09e-08  0.00e+00    0.00    0.00
61281.50  0.50  6.14e-08  0.00e+00    0.00    0.00
61282.50  0.50  1.53e-08  0.00e+00    0.00    0.00
61283.50  0.50  6.15e-08  0.00e+00    0.00    0.00
61284.50  0.50  5.57e-08  0.00e+00    0.00    0.00
61285.50  0.50  4.26e-08  0.00e+00    0.00    0.00
61286.50  0.50  3.50e-08  0.00e+00    0.00    0.00
61287.50  0.50  1.59e-08  0.00e+00    0.00    0.00
61288.50  0.50  1.48e-08  0.00e+00    0.00    0.00
61289.50  0.50  1.52e-08  0.00e+00    0.00    0.00
61290.50  0.50  6.15e-08  0.00e+00    0.00    0.00
61291.50  0.50  4.28e-08  0.00e+00    0.00    0.00
61292.50  0.50  6.20e-08  0.00e+00    0.00    0.00
61293.50  0.50  6.28e-08  0.00e+00    0.00    0.00
61294.50  0.50  3.17e-08  1.69e-08    3.19    3.01
61295.50  0.50  1.56e-08  0.00e+00    0.00    0.00
61296.50  0.50  4.75e-08  0.00e+00    0.00    0.00
61297.50  0.50  1.61e-08  0.00e+00    0.00    0.00
61298.50  0.50  1.28e-08  0.00e+00    0.00    0.00
61299.50  0.50  4.60e-08  0.00e+00    0.00    0.00
61300.50  0.50  2.35e-08  0.00e+00    0.00    0.00
61301.50  0.50  1.57e-08  1.06e-08    1.58    1.50
