/*
**
**  Swift/XRT light curve for Mrk 501.
**
**  Data taken from the automatic processing at http://www.swift.psu.edu/monitoring/
**
**  When using these data and results in publications, please reference M.C. Stroh & A.D. Falcone 2013, ApJS, 207, 28; arXiv: 1305.4949.
**
**  Key:
**
**   BinCenter      - Center of time bin (MJD)
**   BinHW          - One-half of the full time bin size (days)
**   Rate           - The background subtracted, PSF corrected and pile-up corrected source count rate (cts/s).
**   RateError      - 1 sigma error in source count rate (cts/s)
**   FracExp        - Conversion factor between bin size and observing time
**   Mode           - 0 if in Windowed Timing (WT)
**                    1 if in Photon Counting (PC)
**
**
**  Upper limits have an error listed as -1.00000.
**
*/
      BinCenter          BinHW           Rate      RateError        FracExp  Mode
   53426.046930       0.009703        5.64433        0.25020        0.22580     1
   53426.052444       0.011079        6.83393        0.07769        0.93473     0
   53481.082632       0.033484        4.96798        0.28647        0.01219     0
   53481.084370       0.035050        4.44031        0.18064        0.08834     1
   53539.493552       0.468715        6.11275        1.35361        0.00006     0
   53539.497142       0.472281        6.96928        0.13227        0.02232     1
   53934.989954       0.126021        4.48550        0.25488        0.00519     0
   53934.993842       0.129872        4.30805        0.06438        0.19667     1
   53935.935168       0.000469        5.56797        0.35955        0.97490     0
   53935.941417       0.005767        5.51949        0.15601        0.99232     1
   53936.039653       0.035093        5.94183        0.29014        0.01792     0
   53936.043183       0.038042        5.53117        0.16309        0.15461     1
   53936.869018       0.069606        6.03360        0.15797        0.02282     0
   53936.875844       0.075518        5.75819        0.08824        0.22544     1
   53937.073625       0.062445        6.00156        0.10780        0.20936     1
   54182.395675       0.100813        4.01810        0.24125        0.00504     0
   54182.402448       0.106573        3.75148        0.09219        0.10789     1
   54189.829634       0.033397        4.36253        0.40832        0.00558     0
   54189.841996       0.039233        3.83690        0.08620        0.33081     1
   54197.251552       0.072028        3.40144        0.39009        0.00239     0
   54197.251569       0.071959        3.33105        0.08597        0.15990     1
   54204.183645       0.035776        3.09961        0.12178        0.15097     1
   54211.457547       0.036264        4.54244        0.55920        0.00461     0
   54211.460304       0.038972        3.71476        0.09433        0.27046     1
   54218.230271       0.092688        3.61963        0.44182        0.00161     0
   54218.239367       0.101591        3.39226        0.08920        0.10912     1
   54224.452472       0.100341        4.57684        0.33619        0.00372     0
   54224.459090       0.106835        3.89584        0.06333        0.22061     1
   54238.229180       0.033547        3.19539        0.46403        0.00317     0
   54238.235011       0.039291        3.24810        0.09310        0.27020     1
   54248.345991       0.102593        2.31341        0.07936        0.09037     1
   54266.533717       0.070419        3.06320        0.07708        0.16675     1
   54273.248943       0.039219        3.32097        0.09313        0.28283     1
   54393.006139       0.973671        4.19407        0.03975        0.07144     1
   54395.217272       0.774352        4.15537        0.03347        0.12666     1
   54553.272951       0.168018        4.46542        0.05244        0.06793     0
   54556.288384       0.165752        4.25555        0.06855        0.06492     0
   54559.172522       0.037867        4.82479        0.07910        0.15206     0
   54559.460442       0.006215        4.77061        0.07408        0.98510     0
   54562.120534       0.036366        4.91077        0.07598        0.16528     0
   54562.442338       0.038808        4.95642        0.07809        0.15586     0
   54565.297971       0.199925        5.79930        0.05749        0.06072     0
   54568.283033       0.171126        5.13923        0.05373        0.08457     0
   54571.295539       0.170428        5.54527        0.06421        0.07273     0
   54580.247524       0.170515        4.61323        0.05509        0.06405     0
   54583.089412       0.005778        5.05366        0.07768        0.96595     0
   54583.424051       0.005694        5.35864        0.08346        0.98425     0
   54586.100984       0.006620        9.09507        0.15613        0.97596     0
   54586.368756       0.006244        5.71775        0.07970        0.99305     0
   54589.123794       0.006068        3.69715        0.08536        0.94993     0
   54589.390458       0.006065        6.28991        0.14733        0.94466     0
   54592.401224       0.005694        5.48421        0.08369        0.98526     0
   54598.147819       0.007025        6.10619        0.08851        0.98558     0
   54598.425743       0.006817        5.72707        0.08088        0.98430     0
   54913.153403       0.009774        5.73781        0.06385        0.99053     0
   54914.215998       0.009690        5.75162        0.06627        0.92036     0
   54915.162907       0.007894        5.30524        0.07505        0.98350     0
   54918.167940       0.012572        4.77757        0.07972        0.41527     0
   54923.099626       0.036467        5.02474        0.07014        0.19259     0
   54929.089241       0.007951        5.40162        0.06821        0.98945     0
   54935.047142       0.005631        5.55460        0.12913        0.96249     0
   54941.068561       0.005026        4.70861        0.08404        0.95570     0
   54946.081544       0.006620        4.45028        0.06835        0.98776     0
   54951.043477       0.005778        5.38875        0.13954        0.94051     0
   54952.760114       0.000043        6.13536        1.13123        0.97520     0
   54952.765868       0.005694        5.25377        0.16059        0.98214     1
   54953.362149       0.000069        5.44368        0.77626        0.96533     0
   54953.367912       0.005679        5.20082        0.16302        0.98941     1
   54953.696989       0.000093        6.17841        0.69579        0.99087     0
   54953.702764       0.005665        5.59921        0.15887        0.98944     1
   54954.371834       0.005778        6.52702        0.15353        0.95794     0
   54954.706394       0.005770        5.61933        0.08291        0.98596     0
   54955.375700       0.005778        5.30219        0.09082        0.98147     0
   54957.059661       0.005611        5.97856        0.08764        0.99123     0
   54962.002759       0.000436        4.55058        0.49426        0.99892     1
   54962.007562       0.003585        5.60722        0.10320        0.99321     0
   54963.420650       0.068105        4.81052        0.11696        0.08041     0
   54963.886648       0.005778        4.52878        0.07496        0.98798     0
   54964.409429       0.005781        5.29573        0.08104        0.98999     0
   54964.924682       0.024228        4.71239        0.15180        0.23179     1
   54965.422843       0.276453        4.94434        0.04889        0.05121     0
   54966.061353       0.041432        4.37922        0.05753        0.23850     0
   54970.344700       0.108733        7.23258        0.08710        0.05807     0
   54976.329071       0.007694        9.12189        0.08741        0.99737     0
   54976.872637       0.005778        6.98013        0.08913        0.99399     0
   54977.329141       0.005778        7.35226        0.11789        0.97947     0
   54977.597021       0.005778        6.30479        0.08965        0.98898     0
   54977.738447       0.005778        6.12091        0.08585        0.99249     0
   54978.411973       0.400492        5.82515        0.03803        0.06879     0
   54979.489131       0.469161        5.04720        0.03555        0.05885     0
   54981.034009       0.000436        3.98820        0.48332        0.99892     1
   54989.993394       0.070223        5.58146        0.04415        0.27955     0
   54995.947263       0.006849        6.25461        0.07862        0.99113     0
   55000.954789       0.000891        4.38332        0.18568        0.98890     0
   55005.978688       0.006707        4.97973        0.07449        0.98274     0
   55010.557434       0.303675        4.60299        0.03493        0.08587     0
   55015.954748       0.009112        4.90336        0.07515        0.97428     0
   55020.942626       0.028166        5.71348        0.07813        0.29883     0
   55027.742576       0.140807        4.68242        0.03401        0.19749     0
   55029.922430       0.036606        4.10881        0.07736        0.13779     0
   55030.003239       0.000203        2.93789        0.57525        0.99892     1
   55035.162816       0.005923        3.10469        0.07205        0.95506     0
   55040.791843       0.005489        3.87603        0.07092        0.97681     0
   55043.002777       0.000436        3.70971        0.45196        0.96559     1
   55043.008577       0.004601        4.10322        0.07844        0.98679     0
   55047.344491       0.007514        3.43303        0.05558        0.98306     0
   55054.331388       0.101950        3.52484        0.06413        0.05777     0
   55061.012555       0.001302        6.63367        0.26323        0.95850     0
   55068.422056       0.007083        3.46270        0.05919        0.97753     0
   55075.053786       0.005897        3.01677        0.06023        0.97301     0
   55089.114220       0.005692        7.42527        0.72932        0.90137     0
   55096.002776       0.000436        4.24704        0.51546        0.93226     1
   55096.039136       0.035159        4.40027        0.07880        0.14007     0
   55103.465494       0.036580        2.88190        0.05512        0.18075     0
   55110.991118       0.005405        3.19341        0.06883        0.96681     0
   55117.949482       0.006071        3.16986        0.06138        0.97331     0
   55131.944673       0.006707        3.38572        0.06096        0.97239     0
   55138.543902       0.037312        3.26404        0.05911        0.17373     0
   55145.677747       0.005576        4.22897        0.07236        0.98547     0
   55152.958647       0.006591        4.01674        0.06572        0.97849     0
   55159.426983       0.038284        3.30265        0.05058        0.23211     0
   55173.098813       0.006042        2.86594        0.05653        0.98228     0
   55180.002777       0.000436        2.60953        0.37356        0.99892     1
   55180.031488       0.027512        3.31753        0.07279        0.15361     0
   55187.830924       0.008646        3.64318        0.05595        0.97958     0
   55194.399802       0.007839        3.43925        0.05635        0.97490     0
   55201.048782       0.037323        3.69838        0.06360        0.19921     0
   55208.283867       0.036936        3.00798        0.04511        0.27976     0
   55215.211444       0.005900        3.08958        0.06407        0.97057     0
   55229.993988       0.005984        3.12576        0.06049        0.97872     0
   55236.222373       0.006794        3.01575        0.05625        0.97138     0
   55248.610277       0.007054        4.65447        0.06749        0.98523     0
   55276.070771       0.040304        4.85611        0.04521        0.40812     0
   55291.904666       0.006447        4.93487        0.09675        0.96544     0
   55298.869984       0.007083        5.19371        0.07394        0.98611     0
   55305.361474       0.007254        7.23382        0.10169        0.98564     0
   55319.543236       0.007462        7.14600        0.08023        0.99496     0
   55325.770715       0.005694       11.19827        0.12303        0.99746     0
   55333.987625       0.006826        7.14416        0.08280        0.99618     0
   55340.882846       0.003238        5.72874        0.11314        0.98187     0
   55347.850287       0.006620        6.16778        0.09803        0.97640     0
   55354.818274       0.006013        7.64271        0.09146        0.99711     0
   55361.177641       0.137593        4.10525        0.07755        0.03474     0
   55368.787852       0.006589        5.02028        0.07425        0.98726     0
   55375.210258       0.006392        4.18903        0.07771        0.97057     0
   55382.513550       0.006594        3.69171        0.06351        0.98245     0
   55396.695783       0.006276        3.74044        0.06452        0.98432     0
   55403.797662       0.006505        3.61704        0.06243        0.98265     0
   55411.016297       0.006589        4.07106        0.06632        0.97980     0
   55429.219016       0.005955        2.61275        0.05580        0.97522     0
   55623.238156       0.037517        3.46826        0.06374        0.18192     0
   55626.546536       0.007555        3.66614        0.05808        0.97855     0
   55628.222837       0.006997        6.94099        0.13612        0.95244     0
   55630.305707       0.006797        3.79932        0.06372        0.98169     0
   55632.244501       0.007572        3.07692        0.05739        0.97134     0
   55634.447483       0.006652        3.40260        0.08178        0.95128     0
   55637.259643       0.006997        3.59546        0.05891        0.98222     0
   55644.275367       0.005839        4.41943        0.07300        0.98117     0
   55650.178245       0.000923        5.64706        0.20779        0.98156     0
   55653.517077       0.003035        5.62621        0.12628        0.97880     0
   55656.130146       0.004572        5.74577        0.09276        0.98576     0
   55659.466927       0.005286        4.46897        0.08018        0.97811     0
   55662.154137       0.006276        4.28252        0.07271        0.98248     0
   55665.499775       0.007170        4.26676        0.06504        0.97983     0
   55669.902632       0.005694        4.93936        0.07852        0.98476     0
   55671.045015       0.006360        5.75410        0.08112        0.97953     0
   55677.065883       0.007691        6.27495        0.08054        0.98683     0
   55680.404272       0.006128        7.00293        0.08719        0.99528     0
   55682.355726       0.005347        4.82221        0.08245        0.97673     0
   55686.425338       0.007954        6.57805        0.07407        0.98836     0
   55689.037791       0.006620        6.94616        0.08554        0.97378     0
   55692.443417       0.006562        6.57559        0.14474        0.94896     0
   55695.190172       0.002193        6.98646        0.14728        0.99462     0
   55696.534691       0.005550        6.73667        0.09079        0.99218     0
   55703.997856       0.037517        5.48393        0.07905        0.20414     0
   55707.295937       0.008209        5.45957        0.06805        0.99260     0
   55709.986051       0.004916        6.26388        0.09411        0.99175     0
   55713.251117       0.004424        6.87625        0.10239        0.99387     0
   55715.943002       0.005576        5.77249        0.08526        0.98030     0
   55722.028560       0.006849        6.43306        0.07992        0.99409     0
   55725.841973       0.006620        7.70932        0.08909        0.99301     0
   55731.394073       0.005929        4.42505        0.07950        0.96730     0
   55736.941988       0.006594        5.97659        0.08419        0.98991     0
   55738.288338       0.001907        5.96120        0.15823        0.98328     0
   55745.843709       0.004855        6.41702        0.09419        0.98987     0
   55752.794302       0.004308        5.78001        0.09943        0.98512     0
   55768.573752       0.003006        4.53873        0.10569        0.97579     0
   55776.880415       0.005694        4.17353        0.07397        0.93293     0
   55783.496229       0.006505        4.83194        0.07249        0.97820     0
   55789.312393       0.006331        4.37644        0.07015        0.98172     0
   55796.268681       0.004887        3.74387        0.07208        0.98401     0
   55803.302595       0.006389        3.99887        0.06598        0.98143     0
   55818.920958       0.026256        5.77937        0.09079        0.18458     0
   55825.433243       0.003530        5.28793        0.10239        0.98776     0
   55833.271225       0.006505        6.00717        0.08118        0.99155     0
   55839.893124       0.006881        5.83166        0.07682        0.98570     0
   55847.104625       0.007173        5.07385        0.07223        0.98386     0
   55852.065511       0.006016        5.33861        0.07818        0.99230     0
   55859.874038       0.005781        4.88559        0.09224        0.97798     0
   55866.430838       0.005923        9.26440        0.10329        0.96873     0
   55873.938626       0.006508       10.52024        0.10351        0.99460     0
   55887.040723       0.006505        6.82247        0.08320        0.99288     0
   55894.182718       0.006126        8.98242        0.09780        0.99622     0
   55901.084563       0.005663        9.43999        0.10422        0.99796     0
   55907.896446       0.006302       11.07083        0.10836        1.00000     0
   55917.062580       0.005466        9.97233        0.10908        0.99841     0
   55922.079490       0.005923       11.35349        0.11216        1.00000     0
   55931.093529       0.005781       15.81777        0.13324        1.00000     0
   55938.048326       0.007925       11.63151        0.10251        0.99781     0
   55945.876160       0.005755       13.60011        0.12583        0.99950     0
   55952.615199       0.005611       12.06667        0.14492        0.99278     0
   55959.900232       0.005987        9.91496        0.10327        1.00000     0
   55966.586228       0.005408       13.26986        0.18069        0.98983     0
   55972.082695       0.004308       10.50965        0.12628        0.99896     0
   55977.301229       0.005726        7.87835        0.09954        0.99444     0
   55981.247509       0.005958        6.63726        0.08546        0.99709     0
   55985.251741       0.005868        7.32811        0.09590        0.99211     0
   55989.260730       0.005897        8.67528        0.10133        0.99558     0
   55994.212038       0.006681        8.23968        0.09012        0.99740     0
   56000.146091       0.005260       10.92079        0.11788        0.99890     0
   56005.171375       0.005668        8.24659        0.10797        0.99438     0
   56009.434193       0.006045        8.87931        0.09950        0.99665     0
   56011.619581       0.170671        9.84817        0.10494        0.03459     0
   56015.455903       0.005897       10.29875        0.12384        0.99657     0
   56017.321302       0.005781        8.53852        0.09958        0.99750     0
   56019.225013       0.037390        8.00192        0.08864        0.18090     0
   56019.461235       0.005434        7.84375        0.09871        0.99840     0
   56023.085011       0.005955        7.07691        0.09478        0.98882     0
   56027.553289       0.005726        7.40321        0.09540        0.99293     0
   56032.178869       0.005839        8.48584        0.09946        0.99356     0
   56034.254146       0.005544        7.64509        0.10160        0.99113     0
   56036.048449       0.005694        8.07013        0.10115        0.99441     0
   56038.381519       0.005984        6.34182        0.08406        0.99710     0
   56040.127626       0.005666        7.50356        0.09595        0.99591     0
   56042.399817       0.005694        6.16792        0.09268        0.99238     0
   56044.002759       0.000436        5.29999        0.53453        0.99892     1
   56044.008583       0.004606        6.68650        0.09821        0.99749     0
   56046.416567       0.005639        6.77864        0.08935        0.99590     0
   56047.418275       0.006016        7.22107        0.09032        0.99327     0
   56048.153035       0.005955        6.88003        0.08958        0.99514     0
   56053.094339       0.005639        6.91346        0.09035        0.98974     0
   56054.952375       0.005926        6.50617        0.08731        0.99023     0
   56056.034507       0.005752        7.10011        0.09255        0.99447     0
   56059.363780       0.006331        6.90672        0.08952        0.99086     0
   56061.330726       0.035946        6.94060        0.09334        0.14968     0
   56066.314402       0.005029        7.80194        0.13244        0.97986     0
   56073.338173       0.005576        9.42810        0.10642        0.99481     0
   56074.093255       0.034549        8.32736        0.12676        0.16387     0
   56076.056721       0.036513        8.76780        0.10229        0.15728     0
   56077.277939       0.005379        9.60460        0.10810        0.99839     0
   56078.211022       0.003397        8.84382        0.13076        0.99699     0
   56078.427231       0.005405        8.32339        0.10192        0.99304     0
   56086.978242       0.005781       13.03551        0.14708        0.99850     0
   56089.051843       0.005752        9.68552        0.11548        0.99447     0
   56090.053942       0.005752       10.87851        0.11314        0.99899     0
   56090.927695       0.005639        9.16682        0.10350        0.99897     0
   56093.993032       0.005576        9.44500        0.18811        0.96004     0
   56095.053971       0.005049       10.37667        0.11792        0.99771     0
   56097.052779       0.000272       13.36098        0.70097        0.65411     0
   56101.283239       0.004251       10.94921        0.13278        0.99784     0
   56103.286665       0.006360       10.47321        0.10427        1.00000     0
   56110.364000       0.005405       10.65535        0.18546        0.97484     0
   56116.497922       0.202037        7.34283        0.12504        0.03002     0
   56131.471903       0.004456        9.07508        0.11931        0.99563     0
   56138.157064       0.005434       12.87587        0.12399        0.99894     0
   56383.029333       0.006039        6.14945        0.08221        0.99281     0
   56389.446259       0.005810        6.23122        0.08569        0.99353     0
   56391.163718       0.035558        6.01937        0.13076        0.16430     0
   56393.416230       0.035153        5.03115        0.08112        0.15136     0
   56395.330247       0.272494        5.02287        0.02620        0.20147     0
   56397.469893       0.005781        5.69953        0.10083        0.97948     0
   56399.107752       0.030402        4.87194        0.08932        0.18018     0
   56401.410900       0.006421        4.81069        0.07373        0.98288     0
   56405.350279       0.005955        4.20828        0.07289        0.97959     0
   56409.126762       0.035720        4.44607        0.07936        0.14342     0
   56411.890709       0.001617        4.36832        0.23576        0.94518     0
   56414.222851       0.005579        5.46695        0.08525        0.98444     0
   56416.145772       0.000894        5.33415        0.20350        0.98445     0
   56425.372165       0.006970        5.85220        0.07683        0.98672     0
   56427.301717       0.000865        6.08189        0.21551        0.98962     0
   56431.370322       0.005347        4.70839        0.11261        0.96158     0
   56436.388533       0.006565        6.17333        0.07865        0.99339     0
   56439.719928       0.000286        3.55590        0.29314        0.98186     0
   56443.003107       0.000087        3.13833        0.90596        0.99892     1
   56443.039683       0.035972        4.51639        0.07321        0.16125     0
   56447.332834       0.005058        3.54158        0.06978        0.98112     0
   56463.286489       0.005830        8.38566        0.12632        0.98710     0
   56467.224034       0.005781        5.95878        0.08517        0.99550     0
   56472.229481       0.005897        9.18579        0.10429        0.99804     0
   56476.301317       0.005425        6.37655        0.08873        0.99467     0
   56479.913824       0.005576        7.69002        0.09801        0.99377     0
   56480.239560       0.005553        8.11971        0.10171        0.99427     0
   56483.921216       0.008614       13.81524        0.15064        0.65484     0
   56485.046118       0.005926       13.18832        0.12057        1.00000     0
   56485.179796       0.005576       11.76755        0.11756        0.99948     0
   56485.844123       0.001936       11.08978        0.22644        0.74909     0
   56485.979142       0.004167       11.62561        0.14069        0.99684     0
   56486.314221       0.005897       12.05000        0.11756        0.99853     0
   56487.047856       0.005579        9.65237        0.10813        0.99585     0
   56487.116170       0.006707        9.72623        0.09879        0.99612     0
   56487.282715       0.039491        8.38427        0.07786        0.30915     0
   56488.011400       0.032703        7.93807        0.12584        0.10524     0
   56489.395427       0.005929        8.42581        0.09576        0.99561     0
   56491.321606       0.005434       10.28119        0.11276        0.99894     0
   56493.841704       0.036759       12.07589        0.13180        0.19211     0
   56495.128755       0.005923       10.81415        0.13116        0.99658     0
   56497.741465       0.005749        8.10591        0.13265        0.97987     0
   56499.616797       0.006102        8.54850        0.09933        0.99716     0
   56501.613399       0.007402        9.56839        0.09254        0.99805     0
   56501.886337       0.006681        8.67060        0.09266        0.99610     0
   56503.612534       0.006881        5.97126        0.08249        0.98150     0
   56504.887819       0.000946        7.89440        0.29708        0.99270     0
   56505.616344       0.007228        7.41839        0.09394        0.98719     0
   56507.623844       0.006707        4.60674        0.06943        0.98619     0
   56507.891948       0.006649        4.26478        0.06713        0.98259     0
   56509.622784       0.007752        4.60292        0.06476        0.98582     0
   56510.898422       0.005709        4.85429        0.28014        0.15389     0
   56511.620146       0.006238        5.39157        0.07847        0.98887     0
   56513.886543       0.005813        5.41343        0.08400        0.98158     0
   56515.032368       0.005810        5.85013        0.08324        0.99303     0
   56516.864944       0.046837        5.09559        0.08286        0.10940     0
   56517.103249       0.005781        5.04339        0.07789        0.98899     0
   56519.836898       0.074870        6.97573        0.06346        0.15644     0
   56521.030560       0.005553        7.41184        0.09419        0.99531     0
   56523.038428       0.005984        6.13044        0.08615        0.98839     0
   56525.099245       0.005611        6.61850        0.08835        0.99536     0
   56527.863305       0.035275        9.26077        0.11131        0.14280     0
   56529.370388       0.006675        8.70064        0.09384        0.99653     0
   56531.972165       0.005582        7.99175        0.10013        0.99430     0
   56533.977754       0.006244        7.09541        0.08650        0.99537     0
   56540.050676       0.000436        9.58265        0.75963        0.99892     1
   56540.056364       0.004737        9.38329        0.11432        0.99756     0
   56717.872646       0.005810        8.60819        0.09963        0.99851     0
   56719.933664       0.005923        9.11215        0.10078        0.99658     0
   56721.406200       0.005608        8.51707        0.09949        0.99690     0
   56723.931415       0.006045        7.02649        0.08686        0.99713     0
   56725.931486       0.006013        7.72668        0.09168        0.99663     0
   56729.211253       0.005871        6.33272        0.08457        0.99458     0
   56731.072457       0.005987        6.42832        0.08484        0.99178     0
   56733.544598       0.006102        6.96479        0.08725        0.99668     0
   56735.407590       0.005602        9.12910        0.10643        0.99742     0
   56737.864880       0.005929        8.53046        0.09707        0.99951     0
   56739.013736       0.005668        8.25819        0.10319        0.99541     0
   56740.207373       0.005778        7.83077        0.09457        0.99750     0
   56741.931964       0.005492       10.85932        0.14354        0.98841     0
   56742.198917       0.005929        9.07012        0.10003        0.99610     0
   56743.880215       0.005891        9.64017        0.10626        0.99804     0
   56745.472215       0.006215        9.29425        0.10103        0.99814     0
   56747.811564       0.005781        8.95012        0.10140        0.99550     0
   56748.205884       0.062847        8.94022        0.06987        0.19346     0
   56748.470195       0.075608        8.82855        0.05122        0.31869     0
   56751.207393       0.059951        8.93223        0.10084        0.09677     0
   56753.464446       0.001487        8.93887        0.20496        0.99393     0
   56754.469308       0.005663        8.70458        0.10020        0.99745     0
   56756.474110       0.005732        8.90078        0.12484        0.98435     0
   56757.184111       0.036713       10.21523        0.13412        0.15654     0
   56760.082426       0.005781       11.55176        0.14658        0.99149     0
   56764.085851       0.005784       11.51764        0.11725        0.99900     0
   56767.352092       0.005521        9.27725        0.10567        0.99843     0
   56769.147395       0.006071        9.84058        0.11203        0.99476     0
   56772.076371       0.005538        7.31676        0.13694        0.96447     0
   56775.343528       0.006447        7.69022        0.08889        0.99372     0
   56778.069742       0.005260        7.90056        0.17706        0.94994     0
   56781.350219       0.006013        9.45995        0.13143        0.98460     0
   56782.072364       0.006071       10.41088        0.13714        0.99380     0
   56784.084935       0.003238       10.10418        0.14377        0.99887     0
   56786.068560       0.005723       12.62680        0.15474        0.99191     0
   56787.464810       0.005984       13.94612        0.12637        0.99903     0
   56789.545256       0.006102       13.42143        0.11895        1.00000     0
   56797.671281       0.005784       18.18510        0.14990        1.00000     0
   56800.193996       0.005289       19.42002        0.15381        1.00000     0
   56801.935259       0.005694       13.88625        0.12535        0.99898     0
   56802.398448       0.011568       11.36113        0.12168        0.98349     0
   56802.865374       0.011568       11.87578        0.08192        0.99900     0
   56803.290920       0.037159       11.16373        0.08102        0.31010     0
   56803.865631       0.011568       10.43842        0.07697        0.99850     0
   56804.400335       0.011453        9.83956        0.07469        0.99848     0
   56805.043691       0.036849        8.59896        0.12872        0.09649     0
   56808.941324       0.005868       10.11881        0.12790        0.98915     0
   56811.330717       0.005379       12.06028        0.12014        1.00000     0
   56824.832972       0.104479       12.22290        0.09859        0.08207     0
   56826.196476       0.005608       12.90440        0.12423        0.99897     0
   56829.002760       0.000436       13.85777        0.98379        0.99892     1
   56829.005795       0.005987       15.38825        0.15778        0.70473     0
   56830.002760       0.000436       10.21885        0.79644        0.99892     1
   56830.007750       0.004039       12.27165        0.14207        0.99924     0
   56831.002180       0.004080       14.16541        0.15090        0.99861     0
   56832.002760       0.000436       14.56313        0.97604        0.99892     1
   56832.029277       0.025567       15.87603        0.14516        0.26114     0
   56832.256003       0.003727       14.35498        0.16256        0.99950     0
   56832.983775       0.001965       10.61870        0.19573        0.99701     0
   56834.054153       0.004858       12.49476        0.13169        0.99821     0
   56834.989197       0.007269       13.11425        0.11114        0.99920     0
   56835.254146       0.005553       12.10305        0.11927        1.00000     0
   56836.991029       0.008938       11.33685        0.09282        0.99903     0
   56838.051572       0.006736       13.08184        0.12410        0.99736     0
   56838.993526       0.006447       16.26300        0.13694        0.99955     0
   56841.025683       0.026386       13.06241        0.11504        0.24452     0
   56842.463170       0.008325       14.67194        0.10715        1.00000     0
   56843.052348       0.008067       12.71363        0.10346        0.99928     0
   56844.049648       0.005205       14.33845        0.13569        0.99944     0
   56845.050614       0.007028       13.54988        0.12483        0.99835     0
   56846.078221       0.034948       11.89444        0.09870        0.24129     0
   56847.048185       0.003293       11.64345        0.16190        0.99609     0
   56855.076959       0.034818       12.43247        0.16529        0.14755     0
   56856.077591       0.034907       16.74615        0.14210        0.15870     0
   56856.894668       0.036577       17.91437        0.14459        0.15616     0
   56858.077401       0.035093       21.11908        0.18922        0.13019     0
   56858.963178       0.036794       21.13676        0.16135        0.14504     0
   56860.080315       0.038435       18.80420        0.13101        0.19827     0
   56861.996810       0.003163       15.01172        0.17489        0.99909     0
   56862.044559       0.001936       14.61310        0.22483        0.99882     0
   56864.019387       0.027095       16.65342        0.14287        0.19146     0
   56865.054601       0.013281       18.33333        0.14232        0.44686     0
   56865.995762       0.005420       19.13832        0.15077        1.00000     0
   56866.926134       0.005784       17.57820        0.13979        0.99893     0
   56867.994478       0.005515       20.07796        0.15330        0.99948     0
   56868.924829       0.005726       14.92734        0.13068        1.00000     0
   56869.924061       0.005752       13.86915        0.12559        0.99849     0
   56870.922607       0.005842       16.07599        0.23492        0.97722     0
   56871.921841       0.005929       12.49553        0.11804        0.99902     0
   56872.921037       0.005347       10.83994        0.11627        1.00000     0
   56873.918980       0.005987       12.89108        0.11773        1.00000     0
   56875.642912       0.007083       16.98660        0.12416        1.00000     0
   56883.971313       0.005752       13.28368        0.12392        0.99849     0
   56886.974559       0.000402       12.72160        0.69125        0.96231     0
   56892.908151       0.006392       18.48573        0.13610        1.00000     0
   56895.966156       0.006045       16.42914        0.15350        1.00000     0
   56901.101554       0.006739       12.59364        0.11003        0.99957     0
   56904.920761       0.035446       12.60009        0.11358        0.17843     0
   56943.902979       0.033542       16.59524        0.10134        0.34419     0
   56944.773250       0.103134       12.36456        0.07708        0.12925     0
   56945.502284       0.433111       12.54255        0.07566        0.03369     0
   56946.840298       0.037474       11.27507        0.08433        0.32004     0
   57080.837373       0.004953        6.52979        0.17906        0.99690     1
   57087.906056       0.003631        7.34025        0.24091        0.98885     1
   57097.402762       0.005576        9.64042        0.10681        0.99896     0
   57101.399412       0.003238        8.03001        0.12884        0.99676     0
   57101.404801       0.002135        7.16301        0.28088        0.99544     1
   57105.458106       0.004343        8.18762        0.11131        0.99770     0
   57105.464208       0.001743        6.61795        0.29588        0.99463     1
   57109.440059       0.000185        7.46787        0.52671        0.99565     0
   57109.446174       0.005912        7.37179        0.17356        0.99566     1
   57122.959605       0.001655        7.21840        0.17314        0.99444     0
   57122.965360       0.004082        6.74801        0.20151        0.99023     1
   57129.680415       0.005686       10.24272        0.11804        0.99440     0
   57136.413866       0.005541        9.31291        0.18082        0.35075     0
   57139.461062       0.005611        7.34241        0.09413        0.99381     0
   57141.725348       0.001169        9.32297        0.24438        0.99549     0
   57141.731311       0.004779        8.97102        0.22292        0.99800     1
   57159.324752       0.034951       11.27116        0.15386        0.10764     0
   57174.729783       0.005639        8.39928        0.09971        0.99590     0
   57181.187097       0.005231        8.15291        0.10273        0.99723     0
   57188.171013       0.003993        7.61345        0.12535        0.99290     0
   57199.101898       0.026936        8.32132        0.14337        0.16303     0
   57199.129692       0.000842        7.47290        0.50416        0.98884     1
   57202.480926       0.036398        7.53651        0.09669        0.16762     0
   57206.037386       0.000556        6.89876        0.29838        0.99398     0
   57206.043261       0.005302        5.50094        0.16879        0.98325     1
   57209.903617       0.006102        8.66635        0.13082        0.97866     0
   57213.089526       0.002121        6.43256        0.29171        0.97472     1
   57220.818837       0.000104        3.33913        0.67013        0.97219     0
   57220.821620       0.002658        5.21842        0.23725        0.97478     1
   57227.460069       0.000148        7.25988        0.56656        0.99876     0
   57227.465857       0.005621        6.29244        0.16326        0.99469     1
   57230.202861       0.005463       10.78083        0.15095        0.98729     0
   57231.659679       0.005781       10.06604        0.10879        0.99750     0
   57232.728187       0.005113        8.12733        0.11076        0.99208     0
   57233.326248       0.005663        7.24396        0.09323        0.99285     0
   57234.855512       0.005579        6.56373        0.08961        0.99378     0
   57241.692356       0.000026        7.18044        1.41623        0.91447     0
   57241.697931       0.005534        5.36286        0.15643        0.98973     1
   57248.418780       0.000547        6.40127        0.27959        1.00000     0
   57248.425277       0.005926        5.64486        0.15352        0.98992     1
   57255.064768       0.000321        6.38580        0.37514        0.99737     0
   57255.070394       0.005287        5.24455        0.15263        0.99196     1
   57262.203717       0.033455        5.67931        0.26500        0.01650     0
   57262.207798       0.036604        5.09727        0.14538        0.15795     1
   57269.089947       0.000260        4.60772        0.35556        0.97061     0
   57269.096149       0.005926        3.97308        0.12664        0.98800     1
   57276.545279       0.000642        6.45083        0.26029        0.98517     0
   57276.550399       0.004459        5.26149        0.16634        0.99079     1
   57283.007742       0.005418        5.46804        0.15706        0.94323     1
   57455.457504       0.005692        7.96764        0.09608        0.99237     0
   57459.242964       0.005608        7.47444        0.09445        0.99742     0
   57459.512024       0.006045        7.63610        0.09114        0.99521     0
   57463.505621       0.006157        8.37260        0.09472        0.99671     0
   57467.228279       0.005749        6.95222        0.08975        0.99597     0
   57470.689393       0.005723        4.69808        0.15222        0.98749     1
   57473.075555       0.006363        6.08197        0.07945        0.99272     0
   57478.659589       0.005665        5.51627        0.17112        0.98098     1
   57481.228559       0.036672        6.42125        0.10219        0.14564     0
   57482.123264       0.005868        8.57749        0.13671        0.97978     0
   57484.439072       0.005347        7.15187        0.14879        0.96320     0
   57488.171820       0.005231        7.87007        0.10561        0.99392     0
   57488.423882       0.001733        7.72878        0.17057        0.99588     0
   57492.480407       0.005666        8.97172        0.14943        0.98161     0
   57496.073989       0.005868        6.36870        0.08464        0.99063     0
   57498.463738       0.005666        7.01219        0.10079        0.99030     0
   57500.071138       0.004692        6.63767        0.19940        0.99536     1
   57510.360081       0.005177        6.11311        0.08909        0.99050     0
   57514.116462       0.025171        6.38284        0.08789        0.22574     0
   57514.345355       0.005315        6.14235        0.08939        0.99292     0
   57518.329474       0.005923        5.63723        0.08092        0.98828     0
   57522.450561       0.005694        5.26580        0.07960        0.99035     0
   57525.140266       0.036803        5.72366        0.10160        0.17524     0
   57540.947874       0.001441        4.76720        0.16369        0.97098     0
   57544.991735       0.005489        5.52804        0.11056        0.97522     0
   57548.986635       0.005694        5.64804        0.08584        0.98882     0
   57553.089801       0.005321        5.53310        0.08477        0.98912     0
   57557.158574       0.006007        5.19113        0.07885        0.98410     0
   57565.051499       0.000550        5.66530        0.42787        0.94735     0
   57566.050645       0.006201        5.74702        0.13749        0.93327     0
   57572.758498       0.004653        5.84684        0.09316        0.99565     0
   57575.678381       0.201476        5.22536        0.07975        0.02943     0
   57579.739066       0.006071        4.91584        0.08803        0.96759     0
   57580.973848       0.025408        4.99150        0.09561        0.15715     0
   57586.296643       0.031131        5.35024        0.08231        0.17936     0
   57591.913703       0.005726        6.01882        0.08529        0.99545     0
   57594.173606       0.005521        5.21755        0.09332        0.97642     0
   57598.920237       0.024861        4.57892        0.08340        0.21069     0
   57600.938509       0.005231        5.09495        0.14650        0.93861     0
   57602.931397       0.006102        4.42295        0.07140        0.98293     0
   57604.939933       0.005868        4.45790        0.07480        0.97633     0
   57606.920420       0.006623        4.58066        0.06961        0.98952     0
   57607.460306       0.005639        4.45714        0.07516        0.98615     0
   57608.924148       0.006389        5.52472        0.13565        0.93976     0
   57610.905002       0.005379        4.51533        0.07756        0.98279     0
   57621.535304       0.005663        5.49802        0.08605        0.98263     0
   57628.248689       0.005434        4.97209        0.08452        0.98243     0
   57635.563850       0.005582        4.21924        0.07317        0.98289     0
   57642.079983       0.005888        5.42264        0.07994        0.98968     0
   57649.915353       0.005466        4.74016        0.07955        0.98041     0
   57656.770778       0.005579        4.16018        0.07537        0.97770     0
   57663.271662       0.006100        5.08942        0.08133        0.98292     0
   57675.559892       0.006071        5.44838        0.07788        0.98808     0
   57678.153934       0.007839        4.70968        0.06524        0.98560     0
   57681.573744       0.236670        4.66468        0.07160        0.03096     0
   57684.376488       0.174858        5.34544        0.06563        0.04969     0
   57777.084806       0.006130        3.20422        0.11571        0.97843     1
   57784.062231       0.005810        2.46160        0.11161        0.98016     1
   57792.106813       0.005636        2.85238        0.12334        0.96366     1
   57804.390929       0.000810        3.67894        0.18609        0.94767     0
   57804.396548       0.004793        3.78570        0.13979        0.98451     1
   57806.937154       0.003094        3.02932        0.13263        0.98954     1
   57810.237696       0.000049        3.09923        0.70787        0.98585     0
   57820.596741       0.000093        3.17344        0.49449        0.95962     0
   57820.602923       0.006043        2.94678        0.10811        0.98317     1
   57827.843842       0.006159        2.60354        0.08680        0.99848     1
   57834.881642       0.000205        6.11016        0.52797        0.94524     0
   57834.887105       0.005244        4.64335        0.15306        0.98915     1
   57841.534962       0.005302        3.52117        0.13863        0.96839     1
   57848.973332       0.000049        2.49400        0.66175        0.98459     0
   57848.979035       0.005636        3.49363        0.12811        0.97669     1
   57855.327183       0.171198        3.12784        0.28936        0.00155     0
   57855.330247       0.173899        3.33426        0.11930        0.03173     1
   57862.127320       0.005984        7.00701        0.13192        0.97969     0
   57864.331688       0.005767        2.84166        0.11613        0.97463     1
   57865.199129       0.004994        2.66893        0.06297        0.97393     0
   57867.245128       0.460399        2.36280        0.09117        0.01640     1
   57868.105425       0.005668        2.59336        0.05796        0.97039     0
   57868.570829       0.006244        2.93937        0.05888        0.97359     0
   57869.115673       0.006534        3.13599        0.06070        0.96457     0
   57870.968062       0.006244        3.88435        0.07002        0.97590     0
   57871.027277       0.006016        4.28403        0.07058        0.97787     0
   57871.103432       0.005553        4.74155        0.10003        0.96248     0
   57871.173827       0.005318        4.39019        0.07729        0.98096     0
   57871.226598       0.006013        4.37151        0.07160        0.98268     0
   57871.302846       0.005466        4.74718        0.08706        0.97353     0
   57871.362109       0.005929        4.28062        0.11595        0.93021     0
   57871.426953       0.004800        4.28977        0.08049        0.97709     0
   57872.104041       0.005666        4.39941        0.08493        0.97242     0
   57873.892295       0.005582        4.95554        0.09060        0.98030     0
   57874.417923       0.005668        4.98218        0.07894        0.98315     0
   57875.029769       0.004945        5.15285        0.11300        0.96665     0
   57877.435188       0.036299        4.84681        0.14313        0.15168     1
   57878.109767       0.024922        5.82685        0.09025        0.19915     0
   57892.037795       0.005260        3.57503        0.13528        0.90594     0
   57895.163298       0.004025        3.14392        0.07650        0.97599     0
   57897.339533       0.005563        3.12843        0.11533        0.98932     1
   57897.945315       0.005350        2.93660        0.08046        0.94213     0
   57898.014943       0.005897        2.92053        0.07869        0.94750     0
   57898.083724       0.005854        3.15335        0.07802        0.95205     0
   57898.152740       0.005553        3.10789        0.06861        0.95779     0
   57898.220238       0.004048        3.14704        0.09823        0.95001     0
   57898.286806       0.004158        3.25681        0.08491        0.96312     0
   57898.345855       0.005492        3.08586        0.06381        0.96417     0
   57898.412336       0.005026        2.91833        0.06430        0.97352     0
   57898.949915       0.005639        2.86252        0.06231        0.97332     0
   57899.937343       0.005660        3.06951        0.06334        0.96268     0
   57900.970392       0.029609        2.76069        0.07136        0.17864     0
   57901.929726       0.005666        3.11786        0.06281        0.97293     0
   57902.256169       0.005636        3.07853        0.12080        0.96151     1
   57905.055379       0.005726        3.36002        0.06563        0.97575     0
   57906.440220       0.005592        3.44330        0.12624        0.98219     1
   57908.100981       0.005231        3.13855        0.06655        0.96571     0
   57917.945746       0.006331        3.67979        0.08027        0.96161     0
   57921.195736       0.005607        2.03759        0.09848        0.96872     1
   57922.122310       0.006131        2.27657        0.05137        0.96649     0
   57924.618870       0.373464        2.09295        0.06939        0.02885     1
   57927.169340       0.005636        2.52783        0.10893        0.96800     1
   57930.217577       0.005302        3.00209        0.11613        0.97792     1
   57931.944334       0.005663        3.44590        0.07163        0.95963     0
   57933.944677       0.012240        2.75616        0.05988        0.44023     0
   57936.063298       0.004740        2.32118        0.06099        0.95665     0
   57938.716933       0.000069        2.99823        0.56846        0.92440     0
   57938.722392       0.005374        2.09518        0.09826        0.96865     1
   57945.167243       0.067737        2.68827        0.61799        0.00075     0
   57945.169917       0.070332        2.49055        0.10984        0.07266     1
   57947.975676       0.005570        3.17398        0.06333        0.97974     0
   57950.963626       0.005810        3.05616        0.05997        0.97709     0
   57952.217187       0.005679        2.60636        0.10468        0.98200     1
   57957.934671       0.005602        2.79008        0.05989        0.97314     0
   57959.190073       0.069644        2.72955        0.57153        0.00086     0
   57959.192864       0.072380        2.50558        0.10268        0.08124     1
   57960.917278       0.005611        2.89128        0.06088        0.97112     0
   57963.968346       0.005929        3.33029        0.06319        0.97755     0
   57966.957978       0.005897        2.89494        0.05907        0.97252     0
   57973.726339       0.000069        3.02726        0.58503        0.88257     0
   57973.732291       0.005868        2.53265        0.10209        0.97236     1
   57980.434486       0.000075        3.83112        0.60390        0.97428     0
   57980.440880       0.006304        2.73327        0.10702        0.97913     1
   57987.552929       0.002600        2.04121        0.14441        0.93382     1
   57990.549546       0.003196        2.74414        0.14560        0.98630     1
   57995.602917       0.000148        3.13450        0.39395        0.93984     0
   57995.603621       0.000537        2.12637        0.30884        0.98253     1
   58004.495133       0.006231        2.36524        0.09483        0.98351     1
   58008.618399       0.002397        1.98510        0.14287        0.96863     1
   58011.076751       0.003108        2.19582        0.13142        0.95408     1
   58015.066444       0.005752        2.39075        0.09885        0.98446     1
   58016.582403       0.005752        2.83120        0.05989        0.96630     0
   58017.719774       0.003047        2.88235        0.08093        0.96537     0
   58018.119216       0.005752        4.67825        0.59097        0.86268     0
   58019.646151       0.005929        3.64390        0.14835        0.90678     0
   58020.911020       0.005608        3.17742        0.09513        0.94169     0
   58021.509400       0.006534        3.05546        0.05754        0.97741     0
   58022.359324       0.005941        3.23792        0.12001        0.96647     1
   58163.840946       0.005553        2.83523        0.06033        0.97238     0
   58164.187474       0.005576        3.50489        0.08430        0.95381     0
   58165.505105       0.005987        2.82535        0.05781        0.97197     0
   58166.829094       0.006305        2.55848        0.05405        0.96788     0
   58167.163535       0.005868        2.25650        0.07427        0.93984     0
   58168.158991       0.005570        2.50086        0.05712        0.96779     0
   58169.153833       0.005868        2.58426        0.05688        0.95957     0
   58188.681942       0.002257        2.44007        0.08799        0.96315     0
   58191.465907       0.004910        1.80004        0.07563        0.97823     1
   58194.521371       0.005665        1.63801        0.06088        0.99453     1
   58195.983280       0.004916        2.29065        0.05794        0.97410     0
   58197.512881       0.006536        1.94862        0.08449        0.95546     1
   58200.504793       0.006319        2.13187        0.09937        0.97497     1
   58202.970938       0.006102        2.38450        0.05287        0.96539     0
   58210.005719       0.994274        2.51470        0.07367        0.00336     0
   58212.309838       0.035295        2.07948        0.07410        0.13045     0
   58216.117626       0.005955        2.29900        0.05242        0.96259     0
   58217.771097       0.005289        2.33492        0.05702        0.96389     0
   58219.274762       0.032167        2.46628        0.05204        0.19984     0
   58219.468758       0.030533        1.82151        0.07077        0.20645     1
   58222.100504       0.005749        2.53600        0.05747        0.96678     0
   58224.346614       0.006159        2.10014        0.09370        0.97211     1
   58225.877827       0.008096        2.17690        0.04483        0.95640     0
   58227.938612       0.005813        2.13668        0.05137        0.97511     0
   58227.995552       0.004424        2.25249        0.05972        0.97051     0
   58228.062853       0.005200        2.24170        0.05535        0.96828     0
   58228.129517       0.005200        2.18651        0.05377        0.97106     0
   58229.333814       0.006420        1.90109        0.08457        0.97225     1
   58230.067251       0.005663        2.06378        0.05372        0.96014     0
   58232.126393       0.006215        2.58396        0.11822        0.89898     0
   58234.172879       0.005550        1.98062        0.05093        0.95203     0
   58234.437892       0.005825        2.24300        0.08113        0.98953     1
   58247.154617       0.036846        2.11701        0.05120        0.15839     0
   58249.216342       0.037124        2.16236        0.05188        0.15205     0
   58251.060169       0.003727        2.53559        0.08754        0.95060     0
   58253.052169       0.005396        2.93295        0.07275        0.94477     0
   58256.042985       0.005576        2.98500        0.06259        0.97457     0
   58259.027585       0.005749        2.63360        0.05743        0.96880     0
   58262.153504       0.005521        2.56153        0.05809        0.97013     0
   58264.143181       0.006102        2.75359        0.05706        0.96918     0
   58276.089609       0.006189        2.33236        0.05263        0.96260     0
   58278.141067       0.005463        2.69871        0.06139        0.96504     0
   58280.994858       0.005113        2.54887        0.06140        0.96718     0
   58284.116910       0.006010        2.78677        0.06106        0.95474     0
   58285.924559       0.006678        3.49044        0.11795        0.91724     0
   58288.035506       0.005466        2.49459        0.05829        0.94653     0
   58291.090497       0.006710        2.85480        0.05556        0.96421     0
   58294.145521       0.007257        2.30242        0.04903        0.95136     0
   58295.339551       0.005582        2.18136        0.05276        0.97097     0
   58297.674345       0.005524        2.20456        0.05359        0.96490     0
   58301.730429       0.006360        2.65914        0.06306        0.94950     0
   58303.079708       0.036253        2.55089        0.07313        0.10347     0
   58306.077769       0.026372        2.52914        0.06128        0.19774     0
   58308.975321       0.005897        2.27775        0.05249        0.96516     0
   58309.492968       0.004939        2.10082        0.05697        0.96134     0
   58311.962622       0.005434        1.99926        0.05894        0.93930     0
   58314.949150       0.005692        2.15120        0.05241        0.96187     0
   58316.143146       0.006131        2.05702        0.05144        0.96177     0
   58316.940141       0.005663        1.96537        0.05043        0.96679     0
   58319.055148       0.005263        2.12532        0.05624        0.96262     0
   58323.111340       0.005984        2.11673        0.05199        0.96277     0
   58330.307121       0.036623        2.46881        0.05393        0.16115     0
   58337.325728       0.006218        2.54003        0.05401        0.96929     0
   58344.951900       0.005726        1.95742        0.05017        0.95755     0
   58346.943767       0.004829        1.80274        0.05509        0.94967     0
   58351.065852       0.006331        2.10969        0.08357        0.91819     0
   58358.373491       0.005639        2.61501        0.31269        0.85890     0
   58365.360860       0.005813        2.05377        0.05120        0.95470     0
   58367.879682       0.005726        1.99836        0.05142        0.95654     0
   58379.094506       0.005460        2.33573        0.05565        0.96608     0
   58386.730759       0.006039        1.89217        0.04727        0.96790     0
   58393.336854       0.035359        2.14314        0.04876        0.17563     0
   58543.197048       0.006418        2.58875        0.05352        0.97115     0
   58546.238917       0.006215        3.22708        0.06130        0.97207     0
   58554.223031       0.002633        3.79501        0.10234        0.97051     0
   58559.171460       0.034766        3.23866        0.06809        0.13823     0
   58571.157297       0.002431        2.99126        0.09982        0.96443     0
   58573.214753       0.006071        3.08351        0.06007        0.96711     0
   58578.197508       0.005955        2.73744        0.06934        0.95773     0
   58580.189953       0.005839        2.70502        0.05970        0.96036     0
   58582.233733       0.005113        2.63399        0.06811        0.95473     0
   58587.146833       0.005923        2.87207        0.05904        0.97509     0
   58587.478556       0.006157        3.24621        0.06296        0.97076     0
   58594.067323       0.004858        3.01114        0.07038        0.97439     0
   58596.052164       0.001994        2.87478        0.10146        0.98712     0
   58602.147127       0.068111        2.93553        0.06968        0.08010     0
   58605.002760       0.000436        2.62322        0.37835        0.99892     1
   58605.008789       0.005078        3.23259        0.06664        0.96923     0
   58607.196847       0.003122        2.79422        0.07941        0.97881     0
   58609.002760       0.000436        1.45038        0.23776        0.96441     1
   58609.005816       0.005990        2.39575        0.07324        0.66617     0
   58611.994102       0.005856        2.58736        0.05835        0.94763     0
   58617.112162       0.005894        2.40611        0.05533        0.96220     0
   58630.110958       0.005668        2.50533        0.05610        0.96529     0
   58633.177959       0.004656        2.03203        0.05871        0.95233     0
   58636.161110       0.006913        1.85676        0.06596        0.91168     0
   58639.158473       0.003990        2.03580        0.06115        0.95756     0
   58641.994507       0.005486        2.06081        0.05241        0.96150     0
   58645.065307       0.005492        1.91743        0.05068        0.95311     0
   58648.168701       0.005602        2.22297        0.05487        0.95093     0
   58656.765073       0.168244        2.28927        0.05872        0.03295     0
   58658.094837       0.036383        2.34651        0.05132        0.17731     0
   58661.121179       0.001698        2.31432        0.10433        0.93861     0
   58664.084440       0.025972        2.32166        0.08198        0.18540     0
   58667.049656       0.003093        2.48335        0.08957        0.95328     0
   58669.899604       0.005923        2.64379        0.05667        0.96825     0
   58671.960236       0.006421        2.43065        0.07913        0.94412     0
   58675.081239       0.003472        2.50892        0.07220        0.96677     0
   58676.675437       0.005090        2.56185        0.06005        0.97669     0
   58687.963154       0.003498        2.40798        0.07216        0.96023     0
   58690.541874       0.005318        2.54482        0.06062        0.95919     0
   58691.996688       0.003139        2.76595        0.07937        0.96547     0
   58695.984318       0.005234        2.75618        0.06225        0.95909     0
   58697.845693       0.005666        2.68652        0.05866        0.96170     0
   58700.962394       0.005639        2.56278        0.05753        0.95998     0
   58703.228800       0.004543        2.63530        0.06410        0.97209     0
   58704.557846       0.005318        2.39250        0.05711        0.96899     0
   58706.216545       0.004253        2.42769        0.06395        0.96806     0
   58709.271648       0.005405        2.39232        0.05718        0.95236     0
   58711.983517       0.003961        3.38375        0.07875        0.96749     0
   58712.260318       0.005608        4.24536        0.09950        0.95872     0
   58715.312363       0.005694        2.90968        0.06069        0.96494     0
   58719.025498       0.004363        2.46153        0.06517        0.94447     0
   58723.886627       0.003585        2.77292        0.07529        0.96066     0
   58725.879622       0.005090        3.12595        0.07533        0.95168     0
   58728.935043       0.005203        2.60043        0.06015        0.96496     0
   58732.975932       0.005984        2.36462        0.05367        0.95600     0
   58739.750615       0.209094        2.06974        0.05710        0.02136     0
   58746.919431       0.005521        2.52665        0.05744        0.96488     0
   58753.165216       0.005579        2.63804        0.05948        0.96680     0
   58865.903300       0.005679        2.95495        0.11708        0.98182     1
   58872.353407       0.004852        2.85512        0.12389        0.97857     1
   58879.920706       0.003588        2.67351        0.15222        0.96779     1
   58886.946925       0.005142        2.41443        0.09208        0.98081     1
   58893.520190       0.003399        3.04420        0.16514        0.97449     1
   58900.488981       0.005418        3.55138        0.13910        0.98607     1
   58907.392694       0.005200        3.22510        0.12266        0.98088     1
   58914.829498       0.005186        2.93892        0.11478        0.98312     1
   58921.081759       0.006391        3.01164        0.10578        0.98836     1
   58928.121649       0.005418        4.28881        0.13941        0.99218     1
   58935.352564       0.002963        5.08354        0.20992        0.99620     1
   58942.327763       0.006231        3.31495        0.11190        0.98548     1
   58949.293708       0.005549        4.32758        0.13670        0.99188     1
   59011.036602       0.005055        3.32367        0.06949        0.96680     0
   59013.094292       0.005000        3.43140        0.07015        0.96181     0
   59016.079844       0.004881        3.35361        0.10989        0.92507     0
   59018.071330       0.003643        3.25899        0.07956        0.97833     0
   59020.063461       0.002488        3.62745        0.14601        0.93036     0
   59024.928750       0.005231        3.78482        0.06995        0.97622     0
   59026.988816       0.004913        3.69712        0.07312        0.97762     0
   59042.514581       0.461768        3.58606        0.06387        0.01316     0
   59044.049242       0.006276        3.69917        0.06900        0.96773     0
   59046.039127       0.005289        3.23181        0.06631        0.97429     0
   59048.026712       0.005203        2.77880        0.06175        0.97664     0
   59050.024962       0.005553        2.78081        0.06074        0.96040     0
   59052.016269       0.005231        3.04032        0.06864        0.96073     0
   59053.927576       0.005726        3.70717        0.06895        0.97221     0
   59055.984974       0.005958        3.36619        0.06420        0.96017     0
   59070.954779       0.036869        4.28803        0.07770        0.13594     0
   59071.057763       0.004711        4.24728        0.08044        0.97482     0
   59073.918617       0.059852        4.17491        0.07874        0.07721     0
   59076.916866       0.002543        3.28024        0.09624        0.97364     0
   59079.929137       0.024332        3.10470        0.08620        0.12183     0
   59082.892008       0.005177        2.95880        0.06460        0.97317     0
   59085.945165       0.006215        3.64347        0.06504        0.97253     0
   59100.874250       0.005579        3.05497        0.06355        0.95799     0
   59103.885703       0.032323        3.21170        0.05793        0.20732     0
   59106.906981       0.006212        3.63504        0.06337        0.97904     0
   59109.891801       0.004016        3.86925        0.08413        0.97902     0
   59112.885152       0.005110        3.43153        0.07855        0.96036     0
   59257.536444       0.005205        3.49773        0.06974        0.96053     0
   59261.518928       0.004685        3.90118        0.07839        0.96541     0
   59265.500877       0.004682        4.15033        0.07982        0.97899     0
   59280.219935       0.036999        5.82949        0.11356        0.16324     0
   59282.215507       0.035868        4.76875        0.08546        0.17644     0
   59285.165070       0.005058        4.57216        0.08015        0.97769     0
   59287.478856       0.004453        5.36199        0.09280        0.97803     0
   59289.217772       0.002344        4.66662        0.12746        0.97797     0
   59290.466513       0.004974        4.79147        0.08294        0.98022     0
   59293.125961       0.005286        5.45269        0.08575        0.98686     0
   59298.176712       0.001730        5.14995        0.14440        0.98822     0
   59301.019519       0.003380        5.57977        0.11190        0.98535     0
   59304.335814       0.005116        5.65871        0.08621        0.98925     0
   59307.057660       0.004109        5.28637        0.09460        0.98696     0
   59309.195793       0.005576        5.26771        0.09526        0.97769     0
   59311.187111       0.005231        6.53207        0.16095        0.94137     0
   59314.091756       0.004774        5.97778        0.59556        0.02329     0
   59315.551900       0.004337        7.90117        0.11814        0.99053     0
   59316.121502       0.025680        8.06345        0.09731        0.22222     0
   59317.227564       0.005029        8.36826        0.10762        0.99310     0
   59318.142752       0.000781        7.74874        0.39925        0.41729     0
   59318.405373       0.005000        7.75388        0.10166        0.99421     0
   59319.205613       0.003414        7.42882        0.22084        0.94261     0
   59322.138993       0.004734        7.00033        0.09958        0.98839     0
   59323.057745       0.000868        7.50848        0.30702        0.98002     0
   59326.147182       0.026395        7.49061        0.09561        0.21120     0
   59328.296217       0.003466        7.85381        0.12504        0.99410     0
   59340.198029       0.005437        9.88456        0.11034        0.99787     0
   59342.255952       0.005810       10.34801        0.18826        0.96614     0
   59345.172705       0.005749        8.61367        0.10032        0.99396     0
   59348.165923       0.002830        7.26599        0.19510        0.96709     0
   59349.945324       0.003961        8.44583        0.12495        0.99454     0
   59352.002760       0.000436        6.38636        0.59071        0.96559     1
   59352.007744       0.004034        7.28615        0.10911        0.99484     0
   59354.063243       0.006204        6.88581        0.14241        0.94916     0
   59356.120013       0.005573        6.33710        0.11268        0.97404     0
   59363.090495       0.007367        5.35121        0.07041        0.98468     0
   59366.136240       0.004048        6.17517        0.10266        0.99099     0
   59368.187454       0.003521        7.25962        0.11872        0.99006     0
   59371.319041       0.004543        6.89542        0.10391        0.97972     0
   59371.456257       0.004826        7.50261        0.12097        0.98141     0
   59374.164790       0.005318        7.40301        0.10234        0.98640     0
   59377.149006       0.003064        7.42353        0.12801        0.99237     0
   59379.918316       0.036542        5.71276        0.09449        0.16830     0
   59381.945439       0.003874        5.34402        0.09943        0.97282     0
   59384.003454       0.000436        4.83497        0.51413        0.99892     1
   59384.039688       0.035284        5.55202        0.11227        0.11903     0
   59394.028672       0.006042        6.05256        0.08341        0.98659     0
   59396.311212       0.233903        6.02651        0.10840        0.01464     0
   59398.078637       0.005350        5.36715        0.08175        0.98702     0
   59400.270462       0.003122        6.58080        0.11966        0.98738     0
   59402.059891       0.005347        6.94568        0.12025        0.98323     0
   59404.048978       0.005839        6.46165        0.14611        0.95391     0
   59406.024232       0.003556        6.03675        0.11372        0.98229     0
   59407.952907       0.004711        5.63572        0.09134        0.99509     0
   59409.952715       0.005579        5.05454        0.07978        0.98340     0
   59412.014163       0.005260        5.22615        0.08676        0.98515     0
   59414.071391       0.004974        6.95578        0.09885        0.94488     0
   59423.017718       0.005177        4.41538        0.07903        0.97093     0
   59425.002760       0.000436        3.86197        0.46809        0.96559     1
   59425.008447       0.004737        3.98801        0.07759        0.97618     0
   59427.992910       0.004965        4.53995        0.08089        0.97261     0
   59431.846001       0.132436        4.79419        0.07892        0.04085     0
   59435.100760       0.140188        4.04374        0.06938        0.04201     0
   59437.902683       0.003553        4.18284        0.09145        0.97289     0
   59439.961254       0.003296        4.29184        0.09559        0.98551     0
   59442.019417       0.003498        4.01255        0.09030        0.97467     0
   59455.881953       0.006212        5.58742        0.07986        0.98277     0
   59459.869870       0.005090        6.76353        0.11086        0.98181     0
   59463.902884       0.005437        5.87649        0.08738        0.98616     0
   59467.891062       0.005437        6.44795        0.09623        0.98510     0
   59469.687872       0.197529        7.52495        0.08596        0.03488     0
   59522.584804       0.403383        5.89929        0.08660        0.01575     0
   59528.025382       0.005177        6.95938        0.13630        0.97764     0
   59534.926040       0.005177        5.71404        0.08799        0.98770     0
   59540.896178       0.006594        6.52937        0.08187        0.98771     0
   59546.799723       0.005813        7.64840        0.09462        0.99552     0
   59552.054967       0.005437        8.43900        0.10184        0.99415     0
   59558.152774       0.006244        9.08731        0.09770        0.99815     0
   59564.130067       0.005347        9.25189        0.11031        0.99405     0
   59570.092464       0.004742       12.98101        0.13907        0.99878     0
   59576.858434       0.006128       13.05404        0.12453        0.99764     0
   59581.245932       0.005460       11.52830        0.11949        0.99682     0
   59587.077956       0.003296       14.72214        0.17218        0.99820     0
   59590.804887       0.005524       12.16789        0.12247        0.99738     0
   59593.264731       0.002633       11.27464        0.16724        0.99944     0
   59629.373259       0.368414       10.44028        0.12627        0.01421     0
   59633.730250       0.004893        9.11254        0.15096        0.56742     0
   59634.647659       0.005113       10.22680        0.14825        0.98698     0
   59635.713716       0.075862        8.52197        0.08815        0.11955     0
   59636.649454       0.003993       10.25450        0.13558        0.99288     0
   59639.242534       0.002601       13.64283        0.18588        0.99878     0
   59642.228966       0.004366       11.25479        0.13423        0.99678     0
   59642.622555       0.005205       10.53144        0.11595        0.99666     0
   59644.672030       0.005058        9.42960        0.11171        0.99542     0
   59645.214538       0.005527       10.04201        0.11161        0.99738     0
   59646.138843       0.004884       10.46071        0.12122        0.99822     0
   59646.211187       0.005463       10.08415        0.11392        0.99788     0
   59647.134521       0.005749        9.50992        0.10575        0.99748     0
   59647.203046       0.005955        9.40149        0.10128        0.99757     0
   59648.128452       0.006267        8.28320        0.10241        0.99261     0
   59648.198308       0.005810        9.40906        0.10691        0.99602     0
   59649.262278       0.006447       10.32381        0.10453        0.99461     0
   59649.521182       0.005200       10.58213        0.11877        0.99555     0
   59650.516538       0.005663       10.72726        0.14352        0.98978     0
   59652.246593       0.006157       10.92539        0.12861        0.99013     0
   59654.602476       0.373209        9.42006        0.11099        0.01501     0
   59657.887006       0.003255       10.68479        0.17001        0.99244     0
   59658.469249       0.005052       10.70057        0.12142        0.99485     0
   59659.331745       0.005058       10.19456        0.11509        0.99943     0
   59660.167566       0.101175       10.08073        0.11968        0.04818     0
   59661.233360       0.036768        9.71866        0.09270        0.20447     0
   59662.618533       0.233519        9.99652        0.10529        0.02679     0
   59663.114524       0.004884        9.91074        0.12400        0.99585     0
   59664.188081       0.006331       11.75875        0.11460        0.99863     0
   59665.039648       0.006189       12.30562        0.17512        0.89715     0
   59665.169436       0.005341       12.16682        0.12486        0.96858     0
   59666.163799       0.005639       14.19166        0.12942        0.99897     0
   59667.235000       0.005706       14.89083        0.12982        0.99899     0
   59669.150365       0.006560       13.15817        0.11593        0.99868     0
   59671.153056       0.005292       14.91535        0.13538        0.99672     0
   59672.145308       0.005347       13.81635        0.21348        0.98593     0
   59673.132006       0.004792       13.05940        0.13284        1.00000     0
   59675.124592       0.005260       12.93502        0.12858        1.00000     0
   59677.809703       0.569485        7.85802        0.12760        0.00709     0
   59679.164723       0.005376       11.36125        0.12174        0.99731     0
   59681.753944       0.003727       23.76745        0.22802        0.98745     0
   59693.374305       0.197902       10.46272        0.11374        0.02952     0
   59695.133386       0.037402        9.03687        0.09192        0.20749     0
   59700.073812       0.006036       10.28162        0.10556        0.99754     0
   59703.063076       0.004974       16.32060        0.20281        0.99418     0
   59706.047852       0.004884       11.98064        0.14024        0.99763     0
   59708.095796       0.005553       11.00568        0.11404        0.99844     0
   59710.144131       0.005839        9.94395        0.11391        0.99653     0
   59719.031489       0.004621       10.47985        0.12674        0.99812     0
   59722.144322       0.004282       10.36159        0.13498        0.99696     0
   59725.193768       0.004800       10.48603        0.12435        0.99036     0
   59728.178335       0.004997       10.09425        0.12284        0.99363     0
   59730.962641       0.005405        9.79067        0.10939        0.99358     0
   59734.078785       0.003122       11.40829        0.26286        0.95332     0
   59737.094901       0.034957        9.14285        0.10800        0.15120     0
   59740.150968       0.037905        8.10710        0.10451        0.13046     0
   59751.938613       0.003061        9.27756        0.14163        0.99687     0
   59754.110423       0.001386        9.95541        0.23336        0.97537     0
   59755.912461       0.006968       12.44665        0.11324        0.99751     0
   59757.096197       0.005177       13.94017        0.13337        0.99888     0
   59760.025946       0.005090       11.27047        0.12112        0.99886     0
   59769.095860       0.004844        9.54900        0.11482        0.99283     0
   59770.164911       0.005226        9.18907        0.10852        0.99446     0
   59771.150920       0.004633        8.60289        0.11150        0.99313     0
   59775.604863       0.005553        9.50156        0.10708        0.99479     0
   59777.921826       0.005237        9.93845        0.11346        0.99448     0
   59779.968417       0.005197        9.86612        0.11359        0.99053     0
   59780.911264       0.005402        9.76094        0.10931        0.99625     0
   59783.794915       0.039126        9.25426        0.10455        0.14610     0
   59786.929550       0.003788       10.95952        0.13822        0.99443     0
   59787.607007       0.004792       10.62577        0.12128        0.99638     0
   59789.912896       0.001693        6.40822        0.22925        0.94527     0
   59792.906232       0.059722        8.73299        0.12386        0.10209     0
   59796.052839       0.037433        7.76882        0.09915        0.15313     0
   59807.040601       0.005677        8.68468        0.10000        0.99286     0
   59808.959165       0.005417        7.31964        0.09429        0.99199     0
   59809.890130       0.006389        7.15057        0.08625        0.99094     0
   59810.936958       0.004688        6.89993        0.10316        0.99012     0
   59811.931083       0.005020        6.93223        0.10141        0.99251     0
   59814.980472       0.005645        5.98912        0.08636        0.99026     0
   59817.962815       0.004549        7.33358        0.10575        0.98684     0
   59820.960439       0.005527        6.58458        0.08909        0.99162     0
   59823.939299       0.005116        7.51370        0.10128        0.98869     0
   59824.458535       0.004653        7.80948        0.10792        0.99378     0
   59842.889952       0.002399        8.75883        0.15727        0.98734     0
   59846.006926       0.000436        7.56964        0.63834        0.99892     1
   59846.011925       0.004048        8.42387        0.12014        0.99434     0
   59854.840486       0.004653        8.35364        0.11030        0.99316     0
   59871.462867       0.005174        6.68537        0.09280        0.99329     0
   59875.896291       0.005101        6.80884        0.09481        0.99376     0
   59883.521486       0.004884        6.93692        0.09771        0.99230     0
   59887.236717       0.004939        7.22382        0.09933        0.99356     0
   59891.111228       0.101959        7.31472        0.08088        0.07415     0
