61186.50  0.50  3.02e-06  0.00e+00    0.00    0.00
61187.50  0.50  2.52e-06  0.00e+00    0.00    0.00
61188.50  0.50  2.53e-06  0.00e+00    0.00    0.00
61189.50  0.50  2.61e-06  0.00e+00    0.00    0.00
61190.50  0.50  2.35e-06  0.00e+00    0.00    0.00
61191.50  0.50  2.44e-06  0.00e+00    0.00    0.00
61192.50  0.50  2.52e-06  0.00e+00    0.00    0.00
61193.50  0.50  2.67e-06  0.00e+00    0.00    0.00
61194.50  0.50  2.19e-06  0.00e+00    0.00    0.00
61195.50  0.50  2.82e-06  0.00e+00    0.00    0.00
61196.50  0.50  2.36e-06  0.00e+00    0.00    0.00
61197.50  0.50  3.40e-06  0.00e+00    0.00    0.00
61198.50  0.50  2.06e-06  0.00e+00    0.00    0.00
61199.50  0.50  1.78e-06  0.00e+00    0.00    0.00
61200.50  0.50  2.19e-06  0.00e+00    0.00    0.00
61201.50  0.50  2.53e-06  0.00e+00    0.00    0.00
61202.50  0.50  1.04e-05  0.00e+00    0.00    0.00
61203.50  0.50  3.36e-06  0.00e+00    0.00    0.00
61204.50  0.50  4.32e-06  0.00e+00    0.00    0.00
61205.50  0.50  5.16e-06  0.00e+00    0.00    0.00
61206.50  0.50  1.17e-05  0.00e+00    0.00    0.00
61207.50  0.50  3.27e-06  0.00e+00    0.00    0.00
61208.50  0.50  3.07e-06  0.00e+00    0.00    0.00
61209.50  0.50  3.72e-05  0.00e+00    0.00    0.00
61222.50  0.50  3.17e-06  0.00e+00    0.00    0.00
61223.50  0.50  2.36e-06  0.00e+00    0.00    0.00
61224.50  0.50  2.86e-06  0.00e+00    0.00    0.00
61225.50  0.50  2.23e-06  0.00e+00    0.00    0.00
61226.50  0.50  3.15e-06  0.00e+00    0.00    0.00
61227.50  0.50  2.54e-06  0.00e+00    0.00    0.00
61228.50  0.50  3.62e-06  0.00e+00    0.00    0.00
61229.50  0.50  2.32e-06  0.00e+00    0.00    0.00
61230.50  0.50  2.61e-06  0.00e+00    0.00    0.00
61231.50  0.50  2.22e-06  0.00e+00    0.00    0.00
61232.50  0.50  2.63e-06  0.00e+00    0.00    0.00
61233.50  0.50  3.22e-06  0.00e+00    0.00    0.00
61234.50  0.50  2.43e-06  0.00e+00    0.00    0.00
61235.50  0.50  3.11e-06  0.00e+00    0.00    0.00
61236.50  0.50  3.48e-06  0.00e+00    0.00    0.00
61237.50  0.50  2.23e-06  0.00e+00    0.00    0.00
61238.50  0.50  2.79e-06  0.00e+00    0.00    0.00
61239.50  0.50  3.17e-06  0.00e+00    0.00    0.00
61240.50  0.50  2.62e-06  0.00e+00    0.00    0.00
61241.50  0.50  2.86e-06  0.00e+00    0.00    0.00
61242.50  0.50  2.80e-06  0.00e+00    0.00    0.00
61243.50  0.50  2.49e-06  0.00e+00    0.00    0.00
61244.50  0.50  3.09e-06  0.00e+00    0.00    0.00
61245.50  0.50  2.51e-06  0.00e+00    0.00    0.00
61246.50  0.50  1.11e-06  0.00e+00    0.00    0.00
61247.50  0.50  2.63e-06  0.00e+00    0.00    0.00
61248.50  0.50  2.67e-06  0.00e+00    0.00    0.00
61249.50  0.50  2.55e-06  0.00e+00    0.00    0.00
61250.50  0.50  2.52e-06  0.00e+00    0.00    0.00
61251.50  0.50  2.90e-06  0.00e+00    0.00    0.00
61252.50  0.50  1.96e-06  0.00e+00    0.00    0.00
61253.50  0.50  2.79e-06  0.00e+00    0.00    0.00
61254.50  0.50  1.78e-06  0.00e+00    0.00    0.00
61255.50  0.50  2.68e-06  0.00e+00    0.00    0.00
61256.50  0.50  3.08e-06  0.00e+00    0.00    0.00
61257.50  0.50  2.38e-06  0.00e+00    0.00    0.00
61258.50  0.50  2.34e-06  0.00e+00    0.00    0.00
61259.50  0.50  2.74e-06  0.00e+00    0.00    0.00
61260.50  0.50  2.55e-06  0.00e+00    0.00    0.00
61261.50  0.50  3.28e-06  0.00e+00    0.00    0.00
61262.50  0.50  2.52e-06  0.00e+00    0.00    0.00
61263.50  0.50  2.55e-06  0.00e+00    0.00    0.00
61264.50  0.50  2.76e-06  0.00e+00    0.00    0.00
61265.50  0.50  2.83e-06  0.00e+00    0.00    0.00
61266.50  0.50  3.04e-06  0.00e+00    0.00    0.00
61267.50  0.50  2.78e-06  0.00e+00    0.00    0.00
61268.50  0.50  2.49e-06  0.00e+00    0.00    0.00
61269.50  0.50  2.41e-06  0.00e+00    0.00    0.00
61270.50  0.50  2.34e-06  0.00e+00    0.00    0.00
61271.50  0.50  2.06e-06  0.00e+00    0.00    0.00
61272.50  0.50  3.61e-06  0.00e+00    0.00    0.00
61273.50  0.50  4.79e-06  0.00e+00    0.00    0.00
61274.50  0.50  5.60e-06  0.00e+00    0.00    0.00
61275.50  0.50  6.12e-06  0.00e+00    0.00    0.00
61276.50  0.50  9.18e-06  0.00e+00    0.00    0.00
61277.50  0.50  6.63e-06  0.00e+00    0.00    0.00
61278.50  0.50  4.82e-06  0.00e+00    0.00    0.00
61279.50  0.50  4.67e-06  0.00e+00    0.00    0.00
61280.50  0.50  4.51e-06  0.00e+00    0.00    0.00
61281.50  0.50  4.42e-06  0.00e+00    0.00    0.00
61282.50  0.50  2.83e-06  0.00e+00    0.00    0.00
61283.50  0.50  2.64e-06  0.00e+00    0.00    0.00
61284.50  0.50  3.19e-06  0.00e+00    0.00    0.00
61285.50  0.50  2.75e-06  0.00e+00    0.00    0.00
61286.50  0.50  2.23e-06  0.00e+00    0.00    0.00
61287.50  0.50  3.23e-06  0.00e+00    0.00    0.00
61288.50  0.50  3.12e-06  0.00e+00    0.00    0.00
61289.50  0.50  3.77e-06  0.00e+00    0.00    0.00
61290.50  0.50  3.45e-06  0.00e+00    0.00    0.00
61291.50  0.50  4.38e-06  0.00e+00    0.00    0.00
61292.50  0.50  3.58e-06  0.00e+00    0.00    0.00
61293.50  0.50  3.71e-06  0.00e+00    0.00    0.00
61294.50  0.50  3.76e-06  0.00e+00    0.00    0.00
61295.50  0.50  3.01e-06  0.00e+00    0.00    0.00
61296.50  0.50  3.26e-06  0.00e+00    0.00    0.00
61297.50  0.50  2.44e-06  0.00e+00    0.00    0.00
