61209.50  3.50  4.67e-07  0.00e+00    0.00    0.00
61216.50  3.50  4.46e-07  0.00e+00    0.00    0.00
61223.50  3.50  1.80e-07  0.00e+00    0.00    0.00
61230.50  3.50  1.72e-07  0.00e+00    0.00    0.00
61237.50  3.50  1.52e-07  0.00e+00    0.00    0.00
61244.50  3.50  1.71e-07  0.00e+00    0.00    0.00
61251.50  3.50  1.67e-07  0.00e+00    0.00    0.00
61258.50  3.50  1.82e-07  0.00e+00    0.00    0.00
61265.50  3.50  1.77e-07  0.00e+00    0.00    0.00
61272.50  3.50  1.91e-07  0.00e+00    0.00    0.00
61279.50  3.50  1.65e-07  0.00e+00    0.00    0.00
61286.50  3.50  1.62e-07  0.00e+00    0.00    0.00
61293.50  3.50  1.84e-07  0.00e+00    0.00    0.00
61300.50  3.50  1.62e-07  0.00e+00    0.00    0.00
