61202.50  3.50  2.20e-06  0.00e+00    0.00    0.00
61209.50  3.50  2.22e-06  0.00e+00    0.00    0.00
61216.50  3.50  2.13e-06  0.00e+00    0.00    0.00
61223.50  3.50  2.64e-06  0.00e+00    0.00    0.00
61230.50  3.50  2.68e-06  0.00e+00    0.00    0.00
61237.50  3.50  2.84e-06  0.00e+00    0.00    0.00
61244.50  3.50  2.74e-06  0.00e+00    0.00    0.00
61251.50  3.50  2.44e-06  0.00e+00    0.00    0.00
61258.50  3.50  2.68e-06  0.00e+00    0.00    0.00
61265.50  3.50  2.63e-06  0.00e+00    0.00    0.00
61272.50  3.50  3.84e-06  0.00e+00    0.00    0.00
61279.50  3.50  5.25e-06  0.00e+00    0.00    0.00
61286.50  3.50  3.03e-06  0.00e+00    0.00    0.00
61293.50  3.50  3.72e-06  0.00e+00    0.00    0.00
