61202.50  3.50  1.24e-08  0.00e+00    0.00    0.00
61209.50  3.50  4.94e-09  0.00e+00    0.00    0.00
61216.50  3.50  8.61e-09  0.00e+00    0.00    0.00
61223.50  3.50  3.34e-09  0.00e+00    0.00    0.00
61230.50  3.50  9.46e-09  0.00e+00    0.00    0.00
61237.50  3.50  9.83e-09  0.00e+00    0.00    0.00
61244.50  3.50  1.03e-08  0.00e+00    0.00    0.00
61251.50  3.50  1.14e-08  0.00e+00    0.00    0.00
61258.50  3.50  3.92e-08  0.00e+00    0.00    0.00
61265.50  3.50  5.32e-09  0.00e+00    0.00    0.00
61272.50  3.50  5.65e-09  0.00e+00    0.00    0.00
61279.50  3.50  6.14e-09  0.00e+00    0.00    0.00
61286.50  3.50  4.05e-09  0.00e+00    0.00    0.00
61293.50  3.50  3.33e-09  0.00e+00    0.00    0.00
