61202.50  0.50  4.74e-07  0.00e+00    0.00    0.00
61203.50  0.50  1.85e-07  0.00e+00    0.00    0.00
61204.50  0.50  3.26e-07  0.00e+00    0.00    0.00
61205.50  0.50  5.59e-07  0.00e+00    0.00    0.00
61206.50  0.50  2.42e-07  0.00e+00    0.00    0.00
61207.50  0.50  3.35e-07  0.00e+00    0.00    0.00
61208.50  0.50  4.29e-07  0.00e+00    0.00    0.00
61209.50  0.50  1.72e-07  0.00e+00    0.00    0.00
61210.50  0.50  1.77e-07  0.00e+00    0.00    0.00
61211.50  0.50  3.08e-07  0.00e+00    0.00    0.00
61212.50  0.50  8.32e-08  0.00e+00    0.00    0.00
61213.50  0.50  3.97e-07  0.00e+00    0.00    0.00
61214.50  0.50  1.67e-07  0.00e+00    0.00    0.00
61215.50  0.50  5.21e-07  0.00e+00    0.00    0.00
61216.50  0.50  2.16e-07  0.00e+00    0.00    0.00
61217.50  0.50  1.18e-07  0.00e+00    0.00    0.00
61218.50  0.50  1.12e-07  0.00e+00    0.00    0.00
61219.50  0.50  3.13e-07  0.00e+00    0.00    0.00
61220.50  0.50  2.06e-07  0.00e+00    0.00    0.00
61221.50  0.50  5.71e-08  0.00e+00    0.00    0.00
61222.50  0.50  4.98e-07  0.00e+00    0.00    0.00
61223.50  0.50  1.49e-07  0.00e+00    0.00    0.00
61224.50  0.50  2.50e-07  0.00e+00    0.00    0.00
61225.50  0.50  6.64e-08  0.00e+00    0.00    0.00
61226.50  0.50  3.89e-07  0.00e+00    0.00    0.00
61227.50  0.50  6.88e-08  0.00e+00    0.00    0.00
61228.50  0.50  8.26e-08  0.00e+00    0.00    0.00
61229.50  0.50  1.25e-07  0.00e+00    0.00    0.00
61230.50  0.50  3.78e-07  0.00e+00    0.00    0.00
61231.50  0.50  4.05e-07  0.00e+00    0.00    0.00
61232.50  0.50  2.51e-07  0.00e+00    0.00    0.00
61233.50  0.50  8.02e-08  0.00e+00    0.00    0.00
61234.50  0.50  3.40e-07  0.00e+00    0.00    0.00
61235.50  0.50  3.38e-07  0.00e+00    0.00    0.00
61236.50  0.50  2.53e-07  0.00e+00    0.00    0.00
61237.50  0.50  2.59e-07  0.00e+00    0.00    0.00
61238.50  0.50  2.22e-07  0.00e+00    0.00    0.00
61239.50  0.50  4.01e-07  0.00e+00    0.00    0.00
61240.50  0.50  2.92e-07  0.00e+00    0.00    0.00
61241.50  0.50  2.67e-07  0.00e+00    0.00    0.00
61242.50  0.50  4.36e-07  0.00e+00    0.00    0.00
61243.50  0.50  7.70e-08  0.00e+00    0.00    0.00
61244.50  0.50  1.50e-07  0.00e+00    0.00    0.00
61245.50  0.50  3.94e-07  0.00e+00    0.00    0.00
61246.50  0.50  1.47e-07  0.00e+00    0.00    0.00
61247.50  0.50  4.42e-07  0.00e+00    0.00    0.00
61248.50  0.50  8.17e-07  0.00e+00    0.00    0.00
61249.50  0.50  7.21e-07  0.00e+00    0.00    0.00
61250.50  0.50  1.09e-06  0.00e+00    0.00    0.00
61251.50  0.50  6.48e-07  0.00e+00    0.00    0.00
61252.50  0.50  3.84e-07  0.00e+00    0.00    0.00
61253.50  0.50  2.05e-06  0.00e+00    0.00    0.00
61254.50  0.50  6.51e-07  0.00e+00    0.00    0.00
61255.50  0.50  4.54e-07  0.00e+00    0.00    0.00
61256.50  0.50  7.63e-07  0.00e+00    0.00    0.00
61257.50  0.50  1.43e-06  0.00e+00    0.00    0.00
61258.50  0.50  5.32e-07  0.00e+00    0.00    0.00
61259.50  0.50  1.48e-06  0.00e+00    0.00    0.00
61260.50  0.50  1.63e-06  0.00e+00    0.00    0.00
61261.50  0.50  1.65e-06  0.00e+00    0.00    0.00
61262.50  0.50  5.11e-07  0.00e+00    0.00    0.00
61263.50  0.50  9.55e-07  0.00e+00    0.00    0.00
61264.50  0.50  1.60e-07  0.00e+00    0.00    0.00
61265.50  0.50  4.74e-07  0.00e+00    0.00    0.00
61266.50  0.50  1.27e-07  0.00e+00    0.00    0.00
61267.50  0.50  5.51e-07  0.00e+00    0.00    0.00
61268.50  0.50  1.93e-07  0.00e+00    0.00    0.00
61269.50  0.50  1.01e-07  0.00e+00    0.00    0.00
61270.50  0.50  3.61e-07  0.00e+00    0.00    0.00
61271.50  0.50  1.11e-07  0.00e+00    0.00    0.00
61272.50  0.50  1.51e-07  0.00e+00    0.00    0.00
61273.50  0.50  1.07e-07  0.00e+00    0.00    0.00
61274.50  0.50  1.28e-07  0.00e+00    0.00    0.00
61275.50  0.50  4.81e-07  0.00e+00    0.00    0.00
61276.50  0.50  2.46e-07  0.00e+00    0.00    0.00
61277.50  0.50  1.18e-07  0.00e+00    0.00    0.00
61278.50  0.50  1.08e-07  0.00e+00    0.00    0.00
61279.50  0.50  5.26e-07  0.00e+00    0.00    0.00
61280.50  0.50  1.50e-07  0.00e+00    0.00    0.00
61281.50  0.50  1.08e-07  0.00e+00    0.00    0.00
61282.50  0.50  2.43e-07  0.00e+00    0.00    0.00
61283.50  0.50  3.22e-07  0.00e+00    0.00    0.00
61284.50  0.50  3.78e-07  0.00e+00    0.00    0.00
61285.50  0.50  3.69e-07  0.00e+00    0.00    0.00
61286.50  0.50  1.91e-07  0.00e+00    0.00    0.00
61287.50  0.50  2.17e-07  0.00e+00    0.00    0.00
61288.50  0.50  1.64e-07  0.00e+00    0.00    0.00
61289.50  0.50  1.52e-07  0.00e+00    0.00    0.00
61290.50  0.50  3.10e-07  0.00e+00    0.00    0.00
61291.50  0.50  3.77e-07  0.00e+00    0.00    0.00
61292.50  0.50  3.22e-07  0.00e+00    0.00    0.00
61293.50  0.50  3.34e-07  0.00e+00    0.00    0.00
61294.50  0.50  2.62e-07  0.00e+00    0.00    0.00
61295.50  0.50  3.24e-07  0.00e+00    0.00    0.00
61296.50  0.50  1.14e-07  0.00e+00    0.00    0.00
61297.50  0.50  3.67e-07  0.00e+00    0.00    0.00
61298.50  0.50  3.58e-07  0.00e+00    0.00    0.00
61299.50  0.50  9.06e-08  0.00e+00    0.00    0.00
61300.50  0.50  3.65e-07  0.00e+00    0.00    0.00
61301.50  0.50  7.90e-07  0.00e+00    0.00    0.00
