61202.50  3.50  1.76e-07  0.00e+00    0.00    0.00
61209.50  3.50  1.60e-07  0.00e+00    0.00    0.00
61216.50  3.50  1.36e-07  0.00e+00    0.00    0.00
61223.50  3.50  7.12e-08  0.00e+00    0.00    0.00
61230.50  3.50  7.20e-08  0.00e+00    0.00    0.00
61237.50  3.50  1.39e-07  0.00e+00    0.00    0.00
61244.50  3.50  7.21e-08  0.00e+00    0.00    0.00
61251.50  3.50  3.29e-07  0.00e+00    0.00    0.00
61258.50  3.50  3.67e-07  0.00e+00    0.00    0.00
61265.50  3.50  3.35e-07  0.00e+00    0.00    0.00
61272.50  3.50  4.72e-08  0.00e+00    0.00    0.00
61279.50  3.50  2.50e-08  0.00e+00    0.00    0.00
61286.50  3.50  8.06e-08  0.00e+00    0.00    0.00
61293.50  3.50  1.58e-07  0.00e+00    0.00    0.00
