61202.50  3.50  2.61e-07  1.07e-07    7.60    0.02
61209.50  3.50  1.34e-06  0.00e+00    0.00    0.00
61216.50  3.50  1.88e-06  0.00e+00    0.00    0.00
61223.50  3.50  3.03e-08  0.00e+00    0.00    0.00
61230.50  3.50  2.07e-07  0.00e+00    0.00    0.00
61237.50  3.50  1.21e-07  0.00e+00    0.00    0.00
61244.50  3.50  2.19e-07  0.00e+00    0.00    0.00
61251.50  3.50  1.06e-07  0.00e+00    0.00    0.00
61258.50  3.50  1.02e-07  0.00e+00    0.00    0.00
61265.50  3.50  9.15e-08  0.00e+00    0.00    0.00
61272.50  3.50  3.99e-08  0.00e+00    0.00    0.00
61279.50  3.50  3.59e-08  0.00e+00    0.00    0.00
61286.50  3.50  1.06e-07  0.00e+00    0.00    0.00
61293.50  3.50  9.07e-08  0.00e+00    0.00    0.00
