61202.50  3.50  4.04e-08  0.00e+00    0.00    0.00
61209.50  3.50  1.53e-07  0.00e+00    0.00    0.00
61216.50  3.50  3.80e-08  0.00e+00    0.00    0.00
61223.50  3.50  1.18e-08  0.00e+00    0.00    0.00
61230.50  3.50  4.39e-09  0.00e+00    0.00    0.00
61237.50  3.50  8.23e-09  0.00e+00    0.00    0.00
61244.50  3.50  3.67e-09  0.00e+00    0.00    0.00
61251.50  3.50  7.24e-09  0.00e+00    0.00    0.00
61258.50  3.50  8.09e-09  0.00e+00    0.00    0.00
61265.50  3.50  5.71e-09  0.00e+00    0.00    0.00
61272.50  3.50  1.17e-08  0.00e+00    0.00    0.00
61279.50  3.50  4.58e-09  0.00e+00    0.00    0.00
61286.50  3.50  1.11e-08  0.00e+00    0.00    0.00
61293.50  3.50  3.72e-09  0.00e+00    0.00    0.00
