61209.50  0.50  6.48e-08  0.00e+00    0.00    0.00
61210.50  0.50  4.99e-08  0.00e+00    0.00    0.00
61211.50  0.50  4.97e-08  0.00e+00    0.00    0.00
61212.50  0.50  1.26e-07  0.00e+00    0.00    0.00
61213.50  0.50  3.05e-07  0.00e+00    0.00    0.00
61214.50  0.50  1.26e-07  0.00e+00    0.00    0.00
61215.50  0.50  7.40e-08  0.00e+00    0.00    0.00
61216.50  0.50  8.62e-08  0.00e+00    0.00    0.00
61217.50  0.50  5.13e-08  0.00e+00    0.00    0.00
61218.50  0.50  9.88e-08  0.00e+00    0.00    0.00
61219.50  0.50  1.04e-07  0.00e+00    0.00    0.00
61220.50  0.50  6.67e-08  0.00e+00    0.00    0.00
61221.50  0.50  5.64e-08  0.00e+00    0.00    0.00
61222.50  0.50  9.83e-08  0.00e+00    0.00    0.00
61223.50  0.50  8.79e-08  0.00e+00    0.00    0.00
61224.50  0.50  1.99e-07  0.00e+00    0.00    0.00
61225.50  0.50  5.24e-07  0.00e+00    0.00    0.00
61226.50  0.50  1.01e-07  0.00e+00    0.00    0.00
61227.50  0.50  5.20e-07  0.00e+00    0.00    0.00
61228.50  0.50  1.62e-07  0.00e+00    0.00    0.00
61229.50  0.50  9.27e-08  0.00e+00    0.00    0.00
61230.50  0.50  1.27e-07  0.00e+00    0.00    0.00
61231.50  0.50  2.22e-07  0.00e+00    0.00    0.00
61232.50  0.50  1.69e-07  0.00e+00    0.00    0.00
61233.50  0.50  4.64e-07  0.00e+00    0.00    0.00
61234.50  0.50  1.29e-07  0.00e+00    0.00    0.00
61235.50  0.50  7.14e-08  0.00e+00    0.00    0.00
61236.50  0.50  3.74e-07  0.00e+00    0.00    0.00
61237.50  0.50  1.86e-07  0.00e+00    0.00    0.00
61238.50  0.50  1.05e-07  0.00e+00    0.00    0.00
61239.50  0.50  1.18e-07  0.00e+00    0.00    0.00
61240.50  0.50  8.76e-08  0.00e+00    0.00    0.00
61241.50  0.50  9.86e-08  0.00e+00    0.00    0.00
61242.50  0.50  1.09e-07  0.00e+00    0.00    0.00
61243.50  0.50  2.77e-07  0.00e+00    0.00    0.00
61244.50  0.50  1.81e-07  0.00e+00    0.00    0.00
61245.50  0.50  1.36e-07  0.00e+00    0.00    0.00
61246.50  0.50  2.52e-07  0.00e+00    0.00    0.00
61247.50  0.50  1.00e-07  0.00e+00    0.00    0.00
61248.50  0.50  1.83e-07  0.00e+00    0.00    0.00
61249.50  0.50  2.88e-07  0.00e+00    0.00    0.00
61250.50  0.50  8.30e-07  0.00e+00    0.00    0.00
61251.50  0.50  2.76e-07  0.00e+00    0.00    0.00
61252.50  0.50  2.17e-07  0.00e+00    0.00    0.00
61253.50  0.50  1.12e-06  0.00e+00    0.00    0.00
61254.50  0.50  1.28e-06  0.00e+00    0.00    0.00
61255.50  0.50  8.82e-07  0.00e+00    0.00    0.00
61256.50  0.50  4.88e-07  0.00e+00    0.00    0.00
61257.50  0.50  3.41e-07  0.00e+00    0.00    0.00
61258.50  0.50  1.06e-06  0.00e+00    0.00    0.00
61259.50  0.50  8.20e-07  0.00e+00    0.00    0.00
61260.50  0.50  5.94e-07  0.00e+00    0.00    0.00
61261.50  0.50  6.42e-07  0.00e+00    0.00    0.00
61262.50  0.50  1.46e-07  0.00e+00    0.00    0.00
61263.50  0.50  1.37e-07  0.00e+00    0.00    0.00
61264.50  0.50  2.28e-07  0.00e+00    0.00    0.00
61265.50  0.50  1.25e-07  0.00e+00    0.00    0.00
61266.50  0.50  3.88e-07  0.00e+00    0.00    0.00
61267.50  0.50  1.80e-07  0.00e+00    0.00    0.00
61268.50  0.50  1.12e-07  0.00e+00    0.00    0.00
61269.50  0.50  1.25e-07  0.00e+00    0.00    0.00
61270.50  0.50  8.81e-08  0.00e+00    0.00    0.00
61271.50  0.50  2.96e-07  0.00e+00    0.00    0.00
61272.50  0.50  3.38e-07  0.00e+00    0.00    0.00
61273.50  0.50  7.69e-08  0.00e+00    0.00    0.00
61274.50  0.50  1.03e-07  0.00e+00    0.00    0.00
61275.50  0.50  1.17e-07  0.00e+00    0.00    0.00
61276.50  0.50  1.65e-07  0.00e+00    0.00    0.00
61277.50  0.50  3.44e-07  0.00e+00    0.00    0.00
61278.50  0.50  3.89e-07  0.00e+00    0.00    0.00
61279.50  0.50  4.37e-07  0.00e+00    0.00    0.00
61280.50  0.50  1.72e-07  0.00e+00    0.00    0.00
61281.50  0.50  6.65e-07  0.00e+00    0.00    0.00
61282.50  0.50  4.40e-07  0.00e+00    0.00    0.00
61283.50  0.50  1.08e-07  0.00e+00    0.00    0.00
61284.50  0.50  2.73e-07  0.00e+00    0.00    0.00
61285.50  0.50  1.51e-07  0.00e+00    0.00    0.00
61286.50  0.50  1.21e-07  0.00e+00    0.00    0.00
61287.50  0.50  1.04e-07  0.00e+00    0.00    0.00
61288.50  0.50  4.26e-07  0.00e+00    0.00    0.00
61289.50  0.50  1.23e-07  0.00e+00    0.00    0.00
61290.50  0.50  7.61e-08  0.00e+00    0.00    0.00
61291.50  0.50  1.15e-07  0.00e+00    0.00    0.00
61292.50  0.50  9.91e-08  0.00e+00    0.00    0.00
61293.50  0.50  6.48e-08  0.00e+00    0.00    0.00
61294.50  0.50  1.75e-07  0.00e+00    0.00    0.00
61295.50  0.50  3.13e-07  0.00e+00    0.00    0.00
61296.50  0.50  6.40e-08  0.00e+00    0.00    0.00
61297.50  0.50  3.23e-07  0.00e+00    0.00    0.00
61298.50  0.50  1.08e-07  0.00e+00    0.00    0.00
61299.50  0.50  1.59e-06  0.00e+00    0.00    0.00
61300.50  0.50  1.03e-05  0.00e+00    0.00    0.00
61301.50  0.50  9.62e-06  0.00e+00    0.00    0.00
61302.50  0.50  9.86e-06  0.00e+00    0.00    0.00
61303.50  0.50  1.58e-05  0.00e+00    0.00    0.00
61304.50  0.50  9.94e-06  0.00e+00    0.00    0.00
61305.50  0.50  8.53e-08  0.00e+00    0.00    0.00
61306.50  0.50  2.54e-07  0.00e+00    0.00    0.00
61307.50  0.50  2.44e-07  0.00e+00    0.00    0.00
61308.50  0.50  1.76e-07  0.00e+00    0.00    0.00
