61209.50  3.50  1.00e-08  0.00e+00    0.00    0.00
61216.50  3.50  2.14e-08  0.00e+00    0.00    0.00
61223.50  3.50  2.15e-08  0.00e+00    0.00    0.00
61230.50  3.50  8.88e-08  0.00e+00    0.00    0.00
61237.50  3.50  2.27e-08  0.00e+00    0.00    0.00
61244.50  3.50  5.86e-08  0.00e+00    0.00    0.00
61251.50  3.50  8.69e-08  0.00e+00    0.00    0.00
61258.50  3.50  2.93e-07  0.00e+00    0.00    0.00
61265.50  3.50  5.02e-08  0.00e+00    0.00    0.00
61272.50  3.50  2.15e-08  0.00e+00    0.00    0.00
61279.50  3.50  1.46e-07  0.00e+00    0.00    0.00
61286.50  3.50  3.71e-08  0.00e+00    0.00    0.00
61293.50  3.50  1.81e-08  0.00e+00    0.00    0.00
61300.50  3.50  8.20e-08  0.00e+00    0.00    0.00
