61202.50  3.50  2.86e-09  0.00e+00    0.00    0.00
61209.50  3.50  3.68e-09  0.00e+00    0.00    0.00
61216.50  3.50  3.59e-09  0.00e+00    0.00    0.00
61223.50  3.50  3.22e-09  0.00e+00    0.00    0.00
61230.50  3.50  2.74e-09  0.00e+00    0.00    0.00
61237.50  3.50  7.80e-09  0.00e+00    0.00    0.00
61244.50  3.50  5.90e-09  0.00e+00    0.00    0.00
61251.50  3.50  8.22e-09  0.00e+00    0.00    0.00
61258.50  3.50  2.02e-08  0.00e+00    0.00    0.00
61265.50  3.50  3.59e-09  0.00e+00    0.00    0.00
61272.50  3.50  3.06e-09  0.00e+00    0.00    0.00
61279.50  3.50  4.80e-09  0.00e+00    0.00    0.00
61286.50  3.50  5.44e-09  0.00e+00    0.00    0.00
61293.50  3.50  3.20e-09  0.00e+00    0.00    0.00
