61202.50  3.50  3.31e-08  0.00e+00    0.00    0.00
61209.50  3.50  1.21e-08  0.00e+00    0.00    0.00
61216.50  3.50  1.26e-08  0.00e+00    0.00    0.00
61223.50  3.50  3.06e-08  0.00e+00    0.00    0.00
61230.50  3.50  1.92e-08  0.00e+00    0.00    0.00
61237.50  3.50  1.65e-08  0.00e+00    0.00    0.00
61244.50  3.50  1.35e-07  0.00e+00    0.00    0.00
61251.50  3.50  4.28e-08  0.00e+00    0.00    0.00
61258.50  3.50  6.64e-08  0.00e+00    0.00    0.00
61265.50  3.50  6.47e-08  0.00e+00    0.00    0.00
61272.50  3.50  9.29e-08  0.00e+00    0.00    0.00
61279.50  3.50  2.43e-08  0.00e+00    0.00    0.00
61286.50  3.50  1.13e-08  0.00e+00    0.00    0.00
61293.50  3.50  7.78e-08  0.00e+00    0.00    0.00
