61202.50  3.50  1.03e-08  0.00e+00    0.00    0.00
61209.50  3.50  3.66e-09  0.00e+00    0.00    0.00
61216.50  3.50  2.95e-09  0.00e+00    0.00    0.00
61223.50  3.50  5.35e-09  0.00e+00    0.00    0.00
61230.50  3.50  2.86e-09  0.00e+00    0.00    0.00
61237.50  3.50  5.58e-09  0.00e+00    0.00    0.00
61244.50  3.50  1.29e-08  0.00e+00    0.00    0.00
61251.50  3.50  1.65e-08  0.00e+00    0.00    0.00
61258.50  3.50  5.42e-09  0.00e+00    0.00    0.00
61265.50  3.50  3.83e-09  0.00e+00    0.00    0.00
61272.50  3.50  2.80e-09  0.00e+00    0.00    0.00
61279.50  3.50  2.67e-09  0.00e+00    0.00    0.00
61286.50  3.50  2.94e-09  0.00e+00    0.00    0.00
61293.50  3.50  8.16e-09  0.00e+00    0.00    0.00
