61202.50  3.50  2.17e-08  0.00e+00    0.00    0.00
61209.50  3.50  2.36e-08  0.00e+00    0.00    0.00
61216.50  3.50  4.68e-08  0.00e+00    0.00    0.00
61223.50  3.50  1.58e-08  0.00e+00    0.00    0.00
61230.50  3.50  2.61e-08  0.00e+00    0.00    0.00
61237.50  3.50  1.58e-08  0.00e+00    0.00    0.00
61244.50  3.50  1.84e-08  0.00e+00    0.00    0.00
61251.50  3.50  7.31e-09  0.00e+00    0.00    0.00
61258.50  3.50  1.28e-08  0.00e+00    0.00    0.00
61265.50  3.50  4.56e-08  0.00e+00    0.00    0.00
61272.50  3.50  8.49e-08  0.00e+00    0.00    0.00
61279.50  3.50  1.82e-08  0.00e+00    0.00    0.00
61286.50  3.50  4.23e-08  0.00e+00    0.00    0.00
61293.50  3.50  1.87e-08  0.00e+00    0.00    0.00
