61202.50  3.50  5.73e-09  0.00e+00    0.00    0.00
61209.50  3.50  1.59e-09  0.00e+00    0.00    0.00
61216.50  3.50  4.32e-09  0.00e+00    0.00    0.00
61223.50  3.50  5.78e-09  0.00e+00    0.00    0.00
61230.50  3.50  3.31e-09  0.00e+00    0.00    0.00
61237.50  3.50  2.45e-09  0.00e+00    0.00    0.00
61244.50  3.50  2.17e-09  0.00e+00    0.00    0.00
61251.50  3.50  1.64e-09  0.00e+00    0.00    0.00
61258.50  3.50  5.75e-09  0.00e+00    0.00    0.00
61265.50  3.50  2.24e-09  0.00e+00    0.00    0.00
61272.50  3.50  3.69e-09  0.00e+00    0.00    0.00
61279.50  3.50  2.32e-09  0.00e+00    0.00    0.00
61286.50  3.50  2.16e-09  0.00e+00    0.00    0.00
61293.50  3.50  2.35e-09  0.00e+00    0.00    0.00
