61198.50  0.50  8.08e-08  0.00e+00    0.00    0.00
61199.50  0.50  6.76e-08  0.00e+00    0.00    0.00
61200.50  0.50  4.92e-07  0.00e+00    0.00    0.00
61201.50  0.50  1.76e-07  0.00e+00    0.00    0.00
61202.50  0.50  6.53e-08  0.00e+00    0.00    0.00
61203.50  0.50  4.15e-08  0.00e+00    0.00    0.00
61204.50  0.50  7.79e-08  0.00e+00    0.00    0.00
61205.50  0.50  3.28e-08  0.00e+00    0.00    0.00
61206.50  0.50  1.32e-07  0.00e+00    0.00    0.00
61207.50  0.50  7.01e-08  0.00e+00    0.00    0.00
61208.50  0.50  1.67e-07  0.00e+00    0.00    0.00
61209.50  0.50  6.13e-08  0.00e+00    0.00    0.00
61210.50  0.50  9.94e-08  0.00e+00    0.00    0.00
61211.50  0.50  6.01e-08  0.00e+00    0.00    0.00
61212.50  0.50  6.70e-08  0.00e+00    0.00    0.00
61213.50  0.50  4.06e-07  0.00e+00    0.00    0.00
61214.50  0.50  5.32e-08  0.00e+00    0.00    0.00
61215.50  0.50  8.46e-08  0.00e+00    0.00    0.00
61216.50  0.50  1.82e-07  0.00e+00    0.00    0.00
61217.50  0.50  1.64e-07  0.00e+00    0.00    0.00
61218.50  0.50  2.82e-07  0.00e+00    0.00    0.00
61219.50  0.50  1.28e-07  0.00e+00    0.00    0.00
61220.50  0.50  2.22e-07  0.00e+00    0.00    0.00
61221.50  0.50  2.15e-07  0.00e+00    0.00    0.00
61222.50  0.50  1.22e-07  0.00e+00    0.00    0.00
61223.50  0.50  1.29e-07  0.00e+00    0.00    0.00
61224.50  0.50  1.76e-07  0.00e+00    0.00    0.00
61225.50  0.50  7.28e-08  0.00e+00    0.00    0.00
61226.50  0.50  2.05e-07  0.00e+00    0.00    0.00
61227.50  0.50  1.59e-07  0.00e+00    0.00    0.00
61228.50  0.50  8.96e-08  0.00e+00    0.00    0.00
61229.50  0.50  1.25e-07  0.00e+00    0.00    0.00
61230.50  0.50  9.88e-08  0.00e+00    0.00    0.00
61231.50  0.50  2.12e-07  0.00e+00    0.00    0.00
61232.50  0.50  1.15e-07  0.00e+00    0.00    0.00
61233.50  0.50  8.99e-08  0.00e+00    0.00    0.00
61234.50  0.50  1.23e-07  0.00e+00    0.00    0.00
61235.50  0.50  7.23e-08  0.00e+00    0.00    0.00
61236.50  0.50  7.38e-08  0.00e+00    0.00    0.00
61237.50  0.50  2.22e-07  0.00e+00    0.00    0.00
61238.50  0.50  9.92e-08  0.00e+00    0.00    0.00
61239.50  0.50  7.48e-08  0.00e+00    0.00    0.00
61240.50  0.50  1.20e-07  0.00e+00    0.00    0.00
61241.50  0.50  1.46e-07  0.00e+00    0.00    0.00
61242.50  0.50  7.20e-08  0.00e+00    0.00    0.00
61243.50  0.50  9.69e-08  0.00e+00    0.00    0.00
61244.50  0.50  7.28e-08  0.00e+00    0.00    0.00
61245.50  0.50  2.15e-07  0.00e+00    0.00    0.00
61246.50  0.50  1.15e-07  0.00e+00    0.00    0.00
61247.50  0.50  5.61e-08  0.00e+00    0.00    0.00
61248.50  0.50  5.68e-08  0.00e+00    0.00    0.00
61249.50  0.50  8.36e-08  0.00e+00    0.00    0.00
61250.50  0.50  6.33e-08  0.00e+00    0.00    0.00
61251.50  0.50  5.03e-08  0.00e+00    0.00    0.00
61252.50  0.50  5.51e-08  0.00e+00    0.00    0.00
61253.50  0.50  5.48e-08  0.00e+00    0.00    0.00
61254.50  0.50  1.09e-07  0.00e+00    0.00    0.00
61255.50  0.50  9.19e-08  0.00e+00    0.00    0.00
61256.50  0.50  8.15e-08  0.00e+00    0.00    0.00
61257.50  0.50  1.71e-07  0.00e+00    0.00    0.00
61258.50  0.50  1.46e-07  0.00e+00    0.00    0.00
61259.50  0.50  5.42e-08  0.00e+00    0.00    0.00
61260.50  0.50  4.81e-08  0.00e+00    0.00    0.00
61261.50  0.50  6.95e-08  0.00e+00    0.00    0.00
61262.50  0.50  1.61e-07  0.00e+00    0.00    0.00
61263.50  0.50  4.66e-08  0.00e+00    0.00    0.00
61264.50  0.50  1.67e-07  0.00e+00    0.00    0.00
61265.50  0.50  9.63e-08  0.00e+00    0.00    0.00
61266.50  0.50  1.56e-07  0.00e+00    0.00    0.00
61267.50  0.50  5.44e-07  0.00e+00    0.00    0.00
61268.50  0.50  2.62e-07  0.00e+00    0.00    0.00
61269.50  0.50  1.10e-07  0.00e+00    0.00    0.00
61270.50  0.50  6.78e-07  0.00e+00    0.00    0.00
61271.50  0.50  1.13e-07  0.00e+00    0.00    0.00
61272.50  0.50  1.26e-07  0.00e+00    0.00    0.00
61273.50  0.50  1.08e-07  0.00e+00    0.00    0.00
61274.50  0.50  5.48e-07  0.00e+00    0.00    0.00
61275.50  0.50  1.42e-07  0.00e+00    0.00    0.00
61276.50  0.50  2.00e-07  0.00e+00    0.00    0.00
61277.50  0.50  2.21e-07  0.00e+00    0.00    0.00
61278.50  0.50  8.86e-08  0.00e+00    0.00    0.00
61279.50  0.50  1.99e-07  0.00e+00    0.00    0.00
61280.50  0.50  1.42e-07  0.00e+00    0.00    0.00
61281.50  0.50  6.72e-08  0.00e+00    0.00    0.00
61282.50  0.50  8.39e-08  0.00e+00    0.00    0.00
61283.50  0.50  3.37e-07  0.00e+00    0.00    0.00
61284.50  0.50  1.17e-07  0.00e+00    0.00    0.00
61285.50  0.50  1.36e-07  0.00e+00    0.00    0.00
61286.50  0.50  2.25e-07  0.00e+00    0.00    0.00
61287.50  0.50  9.43e-08  0.00e+00    0.00    0.00
61288.50  0.50  2.67e-07  0.00e+00    0.00    0.00
61289.50  0.50  2.69e-08  0.00e+00    0.00    0.00
61290.50  0.50  1.26e-07  0.00e+00    0.00    0.00
61291.50  0.50  5.36e-08  0.00e+00    0.00    0.00
61292.50  0.50  8.51e-08  0.00e+00    0.00    0.00
61293.50  0.50  7.42e-08  0.00e+00    0.00    0.00
61294.50  0.50  1.07e-07  0.00e+00    0.00    0.00
61295.50  0.50  3.34e-08  0.00e+00    0.00    0.00
61296.50  0.50  1.98e-07  0.00e+00    0.00    0.00
61297.50  0.50  3.18e-07  0.00e+00    0.00    0.00
