61209.50  0.50  1.56e-07  0.00e+00    0.00    0.00
61210.50  0.50  5.55e-07  0.00e+00    0.00    0.00
61211.50  0.50  5.84e-07  0.00e+00    0.00    0.00
61212.50  0.50  6.92e-07  0.00e+00    0.00    0.00
61213.50  0.50  2.52e-07  0.00e+00    0.00    0.00
61214.50  0.50  9.42e-07  0.00e+00    0.00    0.00
61215.50  0.50  4.40e-07  0.00e+00    0.00    0.00
61216.50  0.50  3.89e-07  0.00e+00    0.00    0.00
61217.50  0.50  3.17e-07  0.00e+00    0.00    0.00
61218.50  0.50  1.26e-07  0.00e+00    0.00    0.00
61219.50  0.50  7.73e-07  0.00e+00    0.00    0.00
61220.50  0.50  5.78e-07  0.00e+00    0.00    0.00
61221.50  0.50  3.61e-07  0.00e+00    0.00    0.00
61222.50  0.50  3.28e-07  0.00e+00    0.00    0.00
61223.50  0.50  4.93e-07  0.00e+00    0.00    0.00
61224.50  0.50  3.85e-07  0.00e+00    0.00    0.00
61225.50  0.50  2.12e-07  0.00e+00    0.00    0.00
61226.50  0.50  3.87e-07  0.00e+00    0.00    0.00
61227.50  0.50  1.66e-07  0.00e+00    0.00    0.00
61228.50  0.50  4.90e-07  0.00e+00    0.00    0.00
61229.50  0.50  5.59e-07  0.00e+00    0.00    0.00
61230.50  0.50  1.15e-07  0.00e+00    0.00    0.00
61231.50  0.50  2.86e-07  0.00e+00    0.00    0.00
61232.50  0.50  1.45e-07  0.00e+00    0.00    0.00
61233.50  0.50  4.29e-07  0.00e+00    0.00    0.00
61234.50  0.50  4.96e-07  6.51e-08    20.50    0.05
61235.50  0.50  5.63e-07  0.00e+00    0.00    0.00
61236.50  0.50  3.38e-07  0.00e+00    0.00    0.00
61237.50  0.50  9.23e-08  0.00e+00    0.00    0.00
61238.50  0.50  1.34e-07  0.00e+00    0.00    0.00
61239.50  0.50  4.70e-07  0.00e+00    0.00    0.00
61240.50  0.50  3.56e-07  0.00e+00    0.00    0.00
61241.50  0.50  4.96e-07  0.00e+00    0.00    0.00
61242.50  0.50  1.53e-07  0.00e+00    0.00    0.00
61243.50  0.50  1.74e-07  0.00e+00    0.00    0.00
61244.50  0.50  4.27e-07  0.00e+00    0.00    0.00
61245.50  0.50  2.10e-07  0.00e+00    0.00    0.00
61246.50  0.50  6.03e-07  0.00e+00    0.00    0.00
61247.50  0.50  7.05e-07  0.00e+00    0.00    0.00
61248.50  0.50  9.12e-07  2.31e-08    37.69    0.08
61249.50  0.50  8.11e-07  0.00e+00    0.00    0.00
61250.50  0.50  1.37e-06  0.00e+00    0.00    0.00
61251.50  0.50  8.18e-07  0.00e+00    0.00    0.00
61252.50  0.50  2.01e-06  0.00e+00    0.00    0.00
61253.50  0.50  8.52e-07  0.00e+00    0.00    0.00
61254.50  0.50  8.15e-07  0.00e+00    0.00    0.00
61255.50  0.50  3.76e-06  0.00e+00    0.00    0.00
61256.50  0.50  1.33e-06  0.00e+00    0.00    0.00
61257.50  0.50  1.15e-06  0.00e+00    0.00    0.00
61258.50  0.50  4.44e-06  0.00e+00    0.00    0.00
61259.50  0.50  4.73e-07  0.00e+00    0.00    0.00
61260.50  0.50  4.66e-07  0.00e+00    0.00    0.00
61261.50  0.50  1.01e-06  0.00e+00    0.00    0.00
61262.50  0.50  9.96e-07  0.00e+00    0.00    0.00
61263.50  0.50  1.26e-06  0.00e+00    0.00    0.00
61264.50  0.50  1.50e-06  0.00e+00    0.00    0.00
61265.50  0.50  7.37e-07  0.00e+00    0.00    0.00
61266.50  0.50  3.26e-07  0.00e+00    0.00    0.00
61267.50  0.50  2.55e-07  0.00e+00    0.00    0.00
61268.50  0.50  2.88e-07  0.00e+00    0.00    0.00
61269.50  0.50  2.03e-07  0.00e+00    0.00    0.00
61270.50  0.50  5.20e-07  0.00e+00    0.00    0.00
61271.50  0.50  5.96e-07  0.00e+00    0.00    0.00
61272.50  0.50  1.29e-07  0.00e+00    0.00    0.00
61273.50  0.50  7.22e-07  0.00e+00    0.00    0.00
61274.50  0.50  9.68e-08  0.00e+00    0.00    0.00
61275.50  0.50  1.34e-07  0.00e+00    0.00    0.00
61276.50  0.50  5.05e-07  0.00e+00    0.00    0.00
61277.50  0.50  5.00e-07  0.00e+00    0.00    0.00
61278.50  0.50  5.15e-07  0.00e+00    0.00    0.00
61279.50  0.50  1.01e-07  0.00e+00    0.00    0.00
61280.50  0.50  2.21e-07  0.00e+00    0.00    0.00
61281.50  0.50  4.64e-07  0.00e+00    0.00    0.00
61282.50  0.50  6.03e-07  0.00e+00    0.00    0.00
61283.50  0.50  3.32e-07  0.00e+00    0.00    0.00
61284.50  0.50  1.39e-07  0.00e+00    0.00    0.00
61285.50  0.50  1.52e-07  0.00e+00    0.00    0.00
61286.50  0.50  5.00e-07  0.00e+00    0.00    0.00
61287.50  0.50  2.70e-07  0.00e+00    0.00    0.00
61288.50  0.50  1.38e-07  0.00e+00    0.00    0.00
61289.50  0.50  3.16e-07  0.00e+00    0.00    0.00
61290.50  0.50  5.34e-07  0.00e+00    0.00    0.00
61291.50  0.50  3.18e-07  0.00e+00    0.00    0.00
61292.50  0.50  3.40e-07  0.00e+00    0.00    0.00
61293.50  0.50  3.20e-07  0.00e+00    0.00    0.00
61294.50  0.50  3.78e-07  1.32e-07    15.61    0.04
61295.50  0.50  4.66e-07  0.00e+00    0.00    0.00
61296.50  0.50  4.02e-07  0.00e+00    0.00    0.00
61297.50  0.50  4.85e-07  0.00e+00    0.00    0.00
61298.50  0.50  4.20e-07  0.00e+00    0.00    0.00
61299.50  0.50  5.45e-07  0.00e+00    0.00    0.00
61300.50  0.50  2.56e-07  0.00e+00    0.00    0.00
61301.50  0.50  5.37e-07  0.00e+00    0.00    0.00
61302.50  0.50  3.74e-07  0.00e+00    0.00    0.00
61303.50  0.50  5.77e-07  0.00e+00    0.00    0.00
61304.50  0.50  3.88e-07  0.00e+00    0.00    0.00
61305.50  0.50  3.53e-07  0.00e+00    0.00    0.00
61306.50  0.50  3.36e-07  0.00e+00    0.00    0.00
61307.50  0.50  2.30e-07  0.00e+00    0.00    0.00
61308.50  0.50  3.89e-07  0.00e+00    0.00    0.00
