61209.50  3.50  7.37e-09  0.00e+00    0.00    0.00
61216.50  3.50  1.39e-08  0.00e+00    0.00    0.00
61223.50  3.50  8.86e-09  0.00e+00    0.00    0.00
61230.50  3.50  1.14e-08  0.00e+00    0.00    0.00
61237.50  3.50  9.88e-09  0.00e+00    0.00    0.00
61244.50  3.50  7.49e-09  0.00e+00    0.00    0.00
61251.50  3.50  9.64e-09  0.00e+00    0.00    0.00
61258.50  3.50  7.22e-08  0.00e+00    0.00    0.00
61265.50  3.50  1.07e-08  0.00e+00    0.00    0.00
61272.50  3.50  1.26e-08  0.00e+00    0.00    0.00
61279.50  3.50  1.16e-08  0.00e+00    0.00    0.00
61286.50  3.50  1.36e-08  0.00e+00    0.00    0.00
61293.50  3.50  1.26e-08  3.15e-09    13.49    0.03
61300.50  3.50  1.12e-08  0.00e+00    0.00    0.00
