61202.50  3.50  2.63e-07  0.00e+00    0.00    0.00
61209.50  3.50  3.30e-07  0.00e+00    0.00    0.00
61216.50  3.50  1.51e-07  0.00e+00    0.00    0.00
61223.50  3.50  1.89e-07  0.00e+00    0.00    0.00
61230.50  3.50  1.31e-07  0.00e+00    0.00    0.00
61237.50  3.50  2.04e-07  0.00e+00    0.00    0.00
61244.50  3.50  1.68e-07  1.43e-08    6.94    0.02
61251.50  3.50  5.45e-07  1.57e-07    22.50    0.05
61258.50  3.50  7.80e-07  0.00e+00    0.00    0.00
61265.50  3.50  2.41e-07  0.00e+00    0.00    0.00
61272.50  3.50  1.25e-07  1.48e-08    5.17    0.01
61279.50  3.50  1.47e-07  2.39e-08    6.07    0.01
61286.50  3.50  9.82e-08  2.74e-08    4.06    0.01
61293.50  3.50  2.11e-07  4.15e-08    8.70    0.02
