61202.50  3.50  2.35e-09  0.00e+00    0.00    0.00
61209.50  3.50  3.12e-09  0.00e+00    0.00    0.00
61216.50  3.50  4.78e-09  0.00e+00    0.00    0.00
61223.50  3.50  5.33e-09  0.00e+00    0.00    0.00
61230.50  3.50  3.18e-09  0.00e+00    0.00    0.00
61237.50  3.50  7.82e-09  0.00e+00    0.00    0.00
61244.50  3.50  9.21e-09  0.00e+00    0.00    0.00
61251.50  3.50  5.12e-09  0.00e+00    0.00    0.00
61258.50  3.50  2.08e-09  0.00e+00    0.00    0.00
61265.50  3.50  2.23e-09  0.00e+00    0.00    0.00
61272.50  3.50  7.56e-09  0.00e+00    0.00    0.00
61279.50  3.50  2.73e-09  0.00e+00    0.00    0.00
61286.50  3.50  7.15e-09  0.00e+00    0.00    0.00
61293.50  3.50  8.40e-09  0.00e+00    0.00    0.00
