61209.50  3.50  5.38e-08  0.00e+00    0.00    0.00
61216.50  3.50  7.72e-08  0.00e+00    0.00    0.00
61223.50  3.50  1.31e-07  0.00e+00    0.00    0.00
61230.50  3.50  9.78e-08  0.00e+00    0.00    0.00
61237.50  3.50  1.46e-07  0.00e+00    0.00    0.00
61244.50  3.50  7.86e-08  0.00e+00    0.00    0.00
61251.50  3.50  8.34e-08  0.00e+00    0.00    0.00
61258.50  3.50  3.73e-08  0.00e+00    0.00    0.00
61265.50  3.50  2.54e-08  0.00e+00    0.00    0.00
61272.50  3.50  6.93e-08  0.00e+00    0.00    0.00
61279.50  3.50  8.75e-08  0.00e+00    0.00    0.00
61286.50  3.50  9.65e-08  0.00e+00    0.00    0.00
61293.50  3.50  2.72e-08  0.00e+00    0.00    0.00
61300.50  3.50  2.21e-08  0.00e+00    0.00    0.00
