61198.50  0.50  5.82e-07  0.00e+00    0.00    0.00
61199.50  0.50  5.09e-07  0.00e+00    0.00    0.00
61200.50  0.50  1.01e-06  0.00e+00    0.00    0.00
61201.50  0.50  1.11e-06  0.00e+00    0.00    0.00
61202.50  0.50  3.95e-07  0.00e+00    0.00    0.00
61203.50  0.50  8.19e-07  0.00e+00    0.00    0.00
61204.50  0.50  4.66e-07  0.00e+00    0.00    0.00
61205.50  0.50  1.17e-06  0.00e+00    0.00    0.00
61206.50  0.50  5.46e-07  0.00e+00    0.00    0.00
61207.50  0.50  1.63e-06  0.00e+00    0.00    0.00
61208.50  0.50  1.03e-06  0.00e+00    0.00    0.00
61209.50  0.50  7.44e-07  0.00e+00    0.00    0.00
61210.50  0.50  8.57e-07  0.00e+00    0.00    0.00
61211.50  0.50  1.14e-06  0.00e+00    0.00    0.00
61212.50  0.50  7.26e-07  0.00e+00    0.00    0.00
61213.50  0.50  3.77e-07  0.00e+00    0.00    0.00
61214.50  0.50  8.60e-07  0.00e+00    0.00    0.00
61215.50  0.50  6.26e-07  0.00e+00    0.00    0.00
61216.50  0.50  4.82e-07  0.00e+00    0.00    0.00
61217.50  0.50  3.21e-07  0.00e+00    0.00    0.00
61218.50  0.50  1.44e-06  0.00e+00    0.00    0.00
61219.50  0.50  9.85e-07  0.00e+00    0.00    0.00
61220.50  0.50  2.39e-07  0.00e+00    0.00    0.00
61221.50  0.50  4.88e-07  0.00e+00    0.00    0.00
61222.50  0.50  6.84e-07  0.00e+00    0.00    0.00
61223.50  0.50  8.99e-07  0.00e+00    0.00    0.00
61224.50  0.50  3.00e-07  1.72e-07    4.64    0.02
61225.50  0.50  8.67e-07  0.00e+00    0.00    0.00
61226.50  0.50  1.04e-06  0.00e+00    0.00    0.00
61227.50  0.50  6.14e-07  1.79e-07    9.50    0.04
61228.50  0.50  4.26e-07  1.94e-07    6.58    0.03
61229.50  0.50  5.74e-07  1.93e-07    8.88    0.04
61230.50  0.50  8.40e-07  0.00e+00    0.00    0.00
61231.50  0.50  4.77e-07  1.74e-07    7.38    0.03
61232.50  0.50  3.16e-07  1.40e-07    4.89    0.02
61233.50  0.50  4.88e-07  1.77e-07    7.55    0.03
61234.50  0.50  6.59e-07  0.00e+00    0.00    0.00
61235.50  0.50  4.52e-07  1.69e-07    6.99    0.03
61236.50  0.50  6.31e-07  0.00e+00    0.00    0.00
61237.50  0.50  3.59e-07  0.00e+00    0.00    0.00
61238.50  0.50  1.38e-07  8.13e-08    2.13    0.01
61239.50  0.50  3.79e-07  0.00e+00    0.00    0.00
61240.50  0.50  5.18e-07  0.00e+00    0.00    0.00
61241.50  0.50  1.59e-07  0.00e+00    0.00    0.00
61242.50  0.50  3.40e-07  0.00e+00    0.00    0.00
61243.50  0.50  1.91e-07  0.00e+00    0.00    0.00
61244.50  0.50  1.97e-07  0.00e+00    0.00    0.00
61245.50  0.50  1.30e-07  0.00e+00    0.00    0.00
61246.50  0.50  1.23e-06  0.00e+00    0.00    0.00
61247.50  0.50  1.45e-07  0.00e+00    0.00    0.00
61248.50  0.50  5.76e-07  0.00e+00    0.00    0.00
61249.50  0.50  3.42e-07  0.00e+00    0.00    0.00
61250.50  0.50  4.89e-07  0.00e+00    0.00    0.00
61251.50  0.50  1.02e-07  0.00e+00    0.00    0.00
61252.50  0.50  2.91e-07  0.00e+00    0.00    0.00
61253.50  0.50  2.89e-07  0.00e+00    0.00    0.00
61254.50  0.50  1.11e-07  0.00e+00    0.00    0.00
61255.50  0.50  2.30e-07  0.00e+00    0.00    0.00
61256.50  0.50  1.19e-06  0.00e+00    0.00    0.00
61257.50  0.50  2.22e-07  0.00e+00    0.00    0.00
61258.50  0.50  6.24e-07  0.00e+00    0.00    0.00
61259.50  0.50  6.72e-07  0.00e+00    0.00    0.00
61260.50  0.50  2.73e-07  0.00e+00    0.00    0.00
61261.50  0.50  4.93e-07  0.00e+00    0.00    0.00
61262.50  0.50  1.48e-07  0.00e+00    0.00    0.00
61263.50  0.50  1.18e-07  0.00e+00    0.00    0.00
61264.50  0.50  4.20e-07  0.00e+00    0.00    0.00
61265.50  0.50  3.68e-07  0.00e+00    0.00    0.00
61266.50  0.50  2.40e-07  0.00e+00    0.00    0.00
61267.50  0.50  2.91e-07  0.00e+00    0.00    0.00
61268.50  0.50  7.86e-07  0.00e+00    0.00    0.00
61269.50  0.50  7.39e-07  0.00e+00    0.00    0.00
61270.50  0.50  1.67e-07  0.00e+00    0.00    0.00
61271.50  0.50  1.08e-06  0.00e+00    0.00    0.00
61272.50  0.50  4.64e-07  0.00e+00    0.00    0.00
61273.50  0.50  3.25e-07  0.00e+00    0.00    0.00
61274.50  0.50  1.71e-07  0.00e+00    0.00    0.00
61275.50  0.50  6.80e-07  0.00e+00    0.00    0.00
61276.50  0.50  2.94e-07  0.00e+00    0.00    0.00
61277.50  0.50  5.72e-07  0.00e+00    0.00    0.00
61278.50  0.50  5.12e-07  0.00e+00    0.00    0.00
61279.50  0.50  3.10e-07  0.00e+00    0.00    0.00
61280.50  0.50  4.63e-07  0.00e+00    0.00    0.00
61281.50  0.50  4.66e-07  0.00e+00    0.00    0.00
61282.50  0.50  3.97e-07  0.00e+00    0.00    0.00
61283.50  0.50  4.92e-07  0.00e+00    0.00    0.00
61284.50  0.50  2.50e-07  0.00e+00    0.00    0.00
61285.50  0.50  3.67e-07  0.00e+00    0.00    0.00
61286.50  0.50  4.37e-07  0.00e+00    0.00    0.00
61287.50  0.50  3.52e-07  0.00e+00    0.00    0.00
61288.50  0.50  3.37e-07  0.00e+00    0.00    0.00
61289.50  0.50  5.18e-07  0.00e+00    0.00    0.00
61290.50  0.50  6.47e-07  0.00e+00    0.00    0.00
61291.50  0.50  2.33e-07  0.00e+00    0.00    0.00
61292.50  0.50  3.68e-07  0.00e+00    0.00    0.00
61293.50  0.50  5.69e-07  0.00e+00    0.00    0.00
61294.50  0.50  4.64e-07  0.00e+00    0.00    0.00
61295.50  0.50  8.90e-07  0.00e+00    0.00    0.00
61296.50  0.50  4.71e-07  0.00e+00    0.00    0.00
61297.50  0.50  2.42e-07  0.00e+00    0.00    0.00
