61209.50  3.50  3.27e-07  1.24e-07    5.06    0.02
61216.50  3.50  3.34e-07  0.00e+00    0.00    0.00
61223.50  3.50  3.90e-07  7.98e-08    6.03    0.03
61230.50  3.50  4.76e-07  6.56e-08    7.37    0.03
61237.50  3.50  2.66e-07  5.74e-08    4.11    0.02
61244.50  3.50  6.58e-08  0.00e+00    0.00    0.00
61251.50  3.50  1.54e-07  0.00e+00    0.00    0.00
61258.50  3.50  1.91e-07  0.00e+00    0.00    0.00
61265.50  3.50  1.87e-07  0.00e+00    0.00    0.00
61272.50  3.50  1.81e-07  2.37e-08    2.80    0.01
61279.50  3.50  1.96e-07  0.00e+00    0.00    0.00
61286.50  3.50  1.56e-07  4.71e-08    2.42    0.01
61293.50  3.50  2.19e-07  5.89e-08    3.39    0.02
61300.50  3.50  1.93e-07  5.07e-08    2.99    0.01
