61202.50  3.50  1.79e-08  5.95e-09    3.71    0.02
61209.50  3.50  5.55e-08  0.00e+00    0.00    0.00
61216.50  3.50  4.12e-08  0.00e+00    0.00    0.00
61223.50  3.50  2.85e-08  6.20e-09    5.90    0.03
61230.50  3.50  4.33e-08  8.95e-09    8.96    0.04
61237.50  3.50  2.40e-08  6.95e-09    4.97    0.02
61244.50  3.50  1.53e-08  0.00e+00    0.00    0.00
61251.50  3.50  3.37e-09  0.00e+00    0.00    0.00
61258.50  3.50  1.34e-08  0.00e+00    0.00    0.00
61265.50  3.50  9.15e-09  0.00e+00    0.00    0.00
61272.50  3.50  2.50e-08  6.64e-09    5.17    0.02
61279.50  3.50  2.49e-08  0.00e+00    0.00    0.00
61286.50  3.50  9.19e-09  0.00e+00    0.00    0.00
61293.50  3.50  2.25e-08  0.00e+00    0.00    0.00
