61209.50  0.50  1.72e-07  0.00e+00    0.00    0.00
61210.50  0.50  5.06e-08  0.00e+00    0.00    0.00
61211.50  0.50  5.08e-08  0.00e+00    0.00    0.00
61212.50  0.50  1.15e-07  0.00e+00    0.00    0.00
61213.50  0.50  7.91e-08  0.00e+00    0.00    0.00
61214.50  0.50  1.21e-07  0.00e+00    0.00    0.00
61215.50  0.50  9.82e-08  0.00e+00    0.00    0.00
61216.50  0.50  5.34e-08  0.00e+00    0.00    0.00
61217.50  0.50  9.91e-08  0.00e+00    0.00    0.00
61218.50  0.50  6.77e-08  0.00e+00    0.00    0.00
61219.50  0.50  9.19e-08  0.00e+00    0.00    0.00
61220.50  0.50  7.43e-08  0.00e+00    0.00    0.00
61221.50  0.50  6.11e-08  0.00e+00    0.00    0.00
61222.50  0.50  7.84e-08  0.00e+00    0.00    0.00
61223.50  0.50  6.58e-08  0.00e+00    0.00    0.00
61224.50  0.50  3.96e-08  2.30e-08    8.20    0.04
61225.50  0.50  6.24e-08  0.00e+00    0.00    0.00
61226.50  0.50  1.17e-07  0.00e+00    0.00    0.00
61227.50  0.50  8.14e-08  0.00e+00    0.00    0.00
61228.50  0.50  5.28e-08  1.52e-08    10.92    0.05
61229.50  0.50  1.07e-07  0.00e+00    0.00    0.00
61230.50  0.50  6.29e-08  0.00e+00    0.00    0.00
61231.50  0.50  1.02e-07  0.00e+00    0.00    0.00
61232.50  0.50  7.63e-08  0.00e+00    0.00    0.00
61233.50  0.50  8.85e-08  3.28e-08    18.31    0.08
61234.50  0.50  9.68e-08  0.00e+00    0.00    0.00
61235.50  0.50  9.47e-08  0.00e+00    0.00    0.00
61236.50  0.50  6.25e-08  0.00e+00    0.00    0.00
61237.50  0.50  8.92e-08  0.00e+00    0.00    0.00
61238.50  0.50  4.48e-08  2.32e-08    9.26    0.04
61239.50  0.50  2.17e-08  0.00e+00    0.00    0.00
61240.50  0.50  5.14e-08  0.00e+00    0.00    0.00
61241.50  0.50  6.02e-08  0.00e+00    0.00    0.00
61242.50  0.50  6.65e-08  0.00e+00    0.00    0.00
61243.50  0.50  3.31e-08  0.00e+00    0.00    0.00
61244.50  0.50  2.50e-08  0.00e+00    0.00    0.00
61245.50  0.50  5.68e-08  0.00e+00    0.00    0.00
61246.50  0.50  1.88e-08  0.00e+00    0.00    0.00
61247.50  0.50  1.56e-08  0.00e+00    0.00    0.00
61248.50  0.50  1.16e-08  0.00e+00    0.00    0.00
61249.50  0.50  1.30e-08  0.00e+00    0.00    0.00
61250.50  0.50  2.12e-08  0.00e+00    0.00    0.00
61251.50  0.50  3.83e-08  0.00e+00    0.00    0.00
61252.50  0.50  1.41e-08  0.00e+00    0.00    0.00
61253.50  0.50  1.49e-08  0.00e+00    0.00    0.00
61254.50  0.50  2.15e-08  0.00e+00    0.00    0.00
61255.50  0.50  7.57e-08  0.00e+00    0.00    0.00
61256.50  0.50  3.62e-08  0.00e+00    0.00    0.00
61257.50  0.50  2.44e-08  0.00e+00    0.00    0.00
61258.50  0.50  1.79e-08  0.00e+00    0.00    0.00
61259.50  0.50  2.19e-08  0.00e+00    0.00    0.00
61260.50  0.50  4.39e-08  0.00e+00    0.00    0.00
61261.50  0.50  2.57e-08  0.00e+00    0.00    0.00
61262.50  0.50  1.70e-08  0.00e+00    0.00    0.00
61263.50  0.50  1.46e-08  0.00e+00    0.00    0.00
61264.50  0.50  1.76e-08  0.00e+00    0.00    0.00
61265.50  0.50  4.35e-08  0.00e+00    0.00    0.00
61266.50  0.50  6.15e-08  0.00e+00    0.00    0.00
61267.50  0.50  2.22e-08  0.00e+00    0.00    0.00
61268.50  0.50  2.67e-08  0.00e+00    0.00    0.00
61269.50  0.50  4.44e-08  0.00e+00    0.00    0.00
61270.50  0.50  6.15e-08  0.00e+00    0.00    0.00
61271.50  0.50  5.64e-08  0.00e+00    0.00    0.00
61272.50  0.50  8.30e-08  0.00e+00    0.00    0.00
61273.50  0.50  8.69e-08  0.00e+00    0.00    0.00
61274.50  0.50  3.27e-08  0.00e+00    0.00    0.00
61275.50  0.50  1.35e-07  0.00e+00    0.00    0.00
61276.50  0.50  2.95e-08  0.00e+00    0.00    0.00
61277.50  0.50  3.96e-08  0.00e+00    0.00    0.00
61278.50  0.50  6.14e-08  0.00e+00    0.00    0.00
61279.50  0.50  7.91e-08  0.00e+00    0.00    0.00
61280.50  0.50  7.44e-08  0.00e+00    0.00    0.00
61281.50  0.50  2.10e-08  0.00e+00    0.00    0.00
61282.50  0.50  9.04e-08  0.00e+00    0.00    0.00
61283.50  0.50  4.25e-08  0.00e+00    0.00    0.00
61284.50  0.50  3.23e-08  0.00e+00    0.00    0.00
61285.50  0.50  4.34e-08  0.00e+00    0.00    0.00
61286.50  0.50  2.05e-08  0.00e+00    0.00    0.00
61287.50  0.50  1.73e-08  0.00e+00    0.00    0.00
61288.50  0.50  1.75e-08  0.00e+00    0.00    0.00
61289.50  0.50  2.53e-08  0.00e+00    0.00    0.00
61290.50  0.50  4.36e-08  0.00e+00    0.00    0.00
61291.50  0.50  4.63e-08  0.00e+00    0.00    0.00
61292.50  0.50  1.76e-08  0.00e+00    0.00    0.00
61293.50  0.50  6.27e-08  0.00e+00    0.00    0.00
61294.50  0.50  6.37e-08  0.00e+00    0.00    0.00
61295.50  0.50  1.16e-07  0.00e+00    0.00    0.00
61296.50  0.50  1.82e-08  0.00e+00    0.00    0.00
61297.50  0.50  2.47e-08  0.00e+00    0.00    0.00
61298.50  0.50  4.60e-08  0.00e+00    0.00    0.00
61299.50  0.50  2.86e-08  0.00e+00    0.00    0.00
61300.50  0.50  5.60e-08  0.00e+00    0.00    0.00
61301.50  0.50  2.97e-08  0.00e+00    0.00    0.00
61302.50  0.50  6.81e-08  0.00e+00    0.00    0.00
61303.50  0.50  4.96e-08  0.00e+00    0.00    0.00
61304.50  0.50  2.91e-08  0.00e+00    0.00    0.00
61305.50  0.50  2.91e-08  0.00e+00    0.00    0.00
61306.50  0.50  2.29e-08  0.00e+00    0.00    0.00
61307.50  0.50  5.31e-08  0.00e+00    0.00    0.00
61308.50  0.50  1.10e-07  0.00e+00    0.00    0.00
