61223.50  3.50  4.65e-08  0.00e+00    0.00    0.00
61230.50  3.50  1.36e-07  0.00e+00    0.00    0.00
61237.50  3.50  1.85e-07  3.55e-09    1.45    0.00
61244.50  3.50  1.94e-07  0.00e+00    0.00    0.00
61251.50  3.50  2.37e-07  0.00e+00    0.00    0.00
61258.50  3.50  8.84e-08  0.00e+00    0.00    0.00
61265.50  3.50  2.37e-07  0.00e+00    0.00    0.00
61272.50  3.50  2.52e-07  0.00e+00    0.00    0.00
61279.50  3.50  1.19e-07  0.00e+00    0.00    0.00
61286.50  3.50  3.52e-08  0.00e+00    0.00    0.00
61293.50  3.50  1.69e-07  0.00e+00    0.00    0.00
61300.50  3.50  4.63e-08  0.00e+00    0.00    0.00
61307.50  3.50  1.02e-07  0.00e+00    0.00    0.00
61314.50  3.50  1.29e-07  0.00e+00    0.00    0.00
