61216.50  3.50  6.94e-09  0.00e+00    0.00    0.00
61223.50  3.50  6.35e-09  0.00e+00    0.00    0.00
61230.50  3.50  4.86e-09  0.00e+00    0.00    0.00
61237.50  3.50  7.31e-09  0.00e+00    0.00    0.00
61244.50  3.50  5.99e-09  0.00e+00    0.00    0.00
61251.50  3.50  5.97e-09  0.00e+00    0.00    0.00
61258.50  3.50  2.77e-08  0.00e+00    0.00    0.00
61265.50  3.50  8.99e-09  0.00e+00    0.00    0.00
61272.50  3.50  3.50e-09  0.00e+00    0.00    0.00
61279.50  3.50  7.91e-09  0.00e+00    0.00    0.00
61286.50  3.50  8.57e-09  0.00e+00    0.00    0.00
61293.50  3.50  2.38e-09  0.00e+00    0.00    0.00
61300.50  3.50  8.47e-09  0.00e+00    0.00    0.00
61307.50  3.50  4.56e-09  0.00e+00    0.00    0.00
