/*
**
**  Swift/XRT light curve for PMN J0948+0022.
**
**  Data taken from the automatic processing at http://www.swift.psu.edu/monitoring/
**
**  When using these data and results in publications, please reference M.C. Stroh & A.D. Falcone 2013, ApJS, 207, 28; arXiv: 1305.4949.
**
**  Key:
**
**   BinCenter      - Center of time bin (MJD)
**   BinHW          - One-half of the full time bin size (days)
**   Rate           - The background subtracted, PSF corrected and pile-up corrected source count rate (cts/s).
**   RateError      - 1 sigma error in source count rate (cts/s)
**   FracExp        - Conversion factor between bin size and observing time
**   Mode           - 0 if in Windowed Timing (WT)
**                    1 if in Photon Counting (PC)
**
**
**  Upper limits have an error listed as -1.00000.
**
*/
      BinCenter          BinHW           Rate      RateError        FracExp  Mode
   54805.340191       0.239627        0.10742        0.00578        0.09856     1
   54916.469769       0.203095        0.21571        0.00747        0.13630     1
   54936.517227       0.170936        0.14668        0.00654        0.14621     1
   54956.597906       0.174277        0.20762        0.00739        0.15753     1
   54961.750518       0.234150        0.12571        0.00579        0.11852     1
   54966.333931       0.204257        0.05738        0.00746        0.03932     1
   54976.544579       0.107459        0.12280        0.00585        0.26364     1
   54986.557377       0.391839        0.11779        0.00584        0.06446     1
   54996.487185       0.439875        0.14576        0.00693        0.04968     1
   55005.695816       0.274270        0.09359        0.00396        0.16092     1
   55006.901685       0.077464        0.08318        0.00479        0.34311     1
   55016.034273       0.503177        0.07832        0.00491        0.04775     1
   55380.884944       0.070579        0.12902        0.01032        0.12530     1
   55680.383065       0.206479        0.11320        0.00866        0.05441     1
   55696.272108       0.106980        0.11897        0.00583        0.24647     1
   55709.214899       0.133663        0.13068        0.00680        0.15453     1
   55716.443791       0.071465        0.09631        0.00784        0.16169     1
   55726.277598       0.137614        0.09573        0.00488        0.21285     1
   55744.802094       0.070100        0.12653        0.00895        0.16204     1
   55843.012492       0.001365        0.21395        0.03392        0.97261     1
   55846.923210       0.037868        0.29225        0.01922        0.28288     1
   55870.126706       0.042690        0.18812        0.01081        0.27641     1
   55904.442126       0.439802        0.08365        0.00793        0.02495     1
   55928.642545       0.176179        0.08943        0.00767        0.06378     1
   55932.475613       0.472310        0.08466        0.01833        0.00557     1
   55957.450988       0.226074        0.08802        0.01156        0.02172     1
   55984.663134       0.038928        0.08029        0.00708        0.31085     1
   56012.258836       0.105876        0.15483        0.00989        0.10873     1
   56016.136518       0.039713        0.13957        0.00921        0.31421     1
   56040.544254       0.301970        0.12461        0.01334        0.01735     1
   56045.616025       0.042284        0.05114        0.00649        0.27812     1
   56068.503463       0.004387        0.14336        0.01694        0.96131     1
   56096.706708       0.202282        0.09287        0.00763        0.05805     1
   56108.865493       0.073281        0.11951        0.00906        0.15246     1
   56236.185129       0.104438        0.10626        0.00855        0.11153     1
   56264.247266       0.039524        0.06636        0.00729        0.27920     1
   56286.343216       0.037999        0.11826        0.01101        0.27972     1
   56291.685254       0.034164        0.44331        0.03329        0.12420     1
   56295.500416       0.045392        0.17739        0.00881        0.37190     1
   56303.649012       0.308608        0.17763        0.00887        0.05347     1
   56309.425103       0.077624        0.25127        0.01113        0.23713     1
   57499.575225       0.000334        0.26948       -1.00000        0.92512     1
   57547.531565       0.036459        0.10922        0.00866        0.29657     1
   57553.042472       0.040148        0.10174        0.00848        0.25816     1
   57563.803221       0.037737        0.07424        0.00745        0.28008     1
   59240.559654       0.038260        0.03827        0.00566        0.29592     1
   59247.705803       0.006014        0.05193        0.00842        0.98083     1
   59248.352105       0.000131        0.29282       -1.00000        0.99892     1
   59254.305016       0.029676        0.05129        0.00652        0.34089     1
   59261.714730       0.002615        0.12039        0.01884        0.96126     1
   59264.103076       0.008701        0.04788        0.00670        0.98622     1
   59268.575499       0.294605        0.04650        0.00611        0.03547     1
   59275.347479       0.167333        0.05761        0.00842        0.04329     1
   59282.784214       0.045610        0.02950        0.00451        0.24529     1
   59289.554195       0.105498        0.04768        0.00616        0.09884     1
   59296.497795       0.073717        0.05559        0.00680        0.13550     1
   59303.664689       0.009601        0.04398        0.00618        0.98420     1
   59310.567531       0.009529        0.10948        0.00942        0.98150     1
   59317.397894       0.136118        0.03930        0.00581        0.07681     1
   59324.113898       0.001365        0.04792       -1.00000        0.96137     1
   59327.751621       0.001089        0.08881        0.02504        0.96471     1
   59331.743106       0.009645        0.10893        0.00930        0.96978     1
   59338.467555       0.169047        0.10986        0.01011        0.04952     1
   59345.599782       0.001365        0.06276       -1.00000        0.97195     1
   59352.518527       0.009906        0.06990        0.00729        0.97447     1
   59359.512151       0.039901        0.02548        0.00570        0.16344     1
   59366.260278       0.007742        0.05041        0.00728        0.98241     1
   59373.318378       0.239249        0.05022        0.00542        0.05951     1
   59387.456476       0.034469        0.06151        0.00693        0.31142     1
   59394.268309       0.010168        0.04882        0.00641        0.97311     1
   59496.508690       0.361408        0.05790        0.00713        0.04631     1
   59503.375701       0.335407        0.05531        0.00715        0.03164     1
   59510.345247       0.340840        0.13098        0.00922        0.03739     1
   59524.180964       0.103029        0.06628        0.00660        0.12421     1
   59531.480448       0.236881        0.10213        0.01045        0.05734     1
   59538.755441       0.076462        0.04636        0.00511        0.19134     1
   59546.610555       0.236620        0.04846        0.00484        0.07249     1
   59552.485247       0.395993        0.04788        0.00618        0.02815     1
   59559.686337       0.175453        0.05758        0.00705        0.09845     1
   59566.353692       0.333766        0.05374        0.00547        0.04235     1
   59573.650855       0.072744        0.04199        0.00457        0.21427     1
   59580.264878       0.042734        0.04239        0.00508        0.35973     1
   59587.619896       0.039800        0.04307        0.00488        0.39017     1
   59594.429013       0.076520        0.04353        0.00602        0.12388     1
