61223.50  3.50  2.01e-09  0.00e+00    0.00    0.00
61230.50  3.50  2.22e-09  0.00e+00    0.00    0.00
61237.50  3.50  7.43e-09  0.00e+00    0.00    0.00
61244.50  3.50  4.21e-09  0.00e+00    0.00    0.00
61251.50  3.50  7.89e-09  0.00e+00    0.00    0.00
61258.50  3.50  4.13e-09  0.00e+00    0.00    0.00
61265.50  3.50  9.06e-09  0.00e+00    0.00    0.00
61272.50  3.50  5.42e-09  0.00e+00    0.00    0.00
61279.50  3.50  8.20e-09  0.00e+00    0.00    0.00
61286.50  3.50  5.30e-09  0.00e+00    0.00    0.00
61293.50  3.50  3.90e-09  0.00e+00    0.00    0.00
61300.50  3.50  1.02e-08  0.00e+00    0.00    0.00
61307.50  3.50  3.38e-09  0.00e+00    0.00    0.00
61314.50  3.50  1.97e-09  0.00e+00    0.00    0.00
