61223.50  3.50  2.47e-08  0.00e+00    0.00    0.00
61230.50  3.50  3.31e-08  0.00e+00    0.00    0.00
61237.50  3.50  1.63e-08  0.00e+00    0.00    0.00
61244.50  3.50  5.99e-08  0.00e+00    0.00    0.00
61251.50  3.50  5.59e-07  0.00e+00    0.00    0.00
61258.50  3.50  3.98e-07  0.00e+00    0.00    0.00
61265.50  3.50  5.17e-08  0.00e+00    0.00    0.00
61272.50  3.50  2.59e-08  0.00e+00    0.00    0.00
61279.50  3.50  5.48e-08  0.00e+00    0.00    0.00
61286.50  3.50  5.15e-08  0.00e+00    0.00    0.00
61293.50  3.50  7.46e-08  0.00e+00    0.00    0.00
61300.50  3.50  4.34e-08  0.00e+00    0.00    0.00
61307.50  3.50  4.87e-08  0.00e+00    0.00    0.00
61314.50  3.50  3.77e-08  0.00e+00    0.00    0.00
