59253.50  0.50  4.03e-07  0.00e+00    0.00    0.00
60649.50  0.50  4.08e-07  0.00e+00    0.00    0.00
60958.50  0.50  5.71e-07  0.00e+00    0.00    0.00
60994.50  0.50  4.55e-07  0.00e+00    0.00    0.00
61009.50  0.50  3.55e-07  0.00e+00    0.00    0.00
61089.50  0.50  6.72e-07  0.00e+00    0.00    0.00
61092.50  0.50  4.41e-07  0.00e+00    0.00    0.00
61095.50  0.50  4.04e-07  0.00e+00    0.00    0.00
61099.50  0.50  4.61e-07  0.00e+00    0.00    0.00
61139.50  0.50  5.46e-07  0.00e+00    0.00    0.00
61161.50  0.50  3.80e-07  0.00e+00    0.00    0.00
61163.50  0.50  2.77e-07  0.00e+00    0.00    0.00
61164.50  0.50  3.86e-07  0.00e+00    0.00    0.00
61166.50  0.50  4.31e-07  0.00e+00    0.00    0.00
61167.50  0.50  5.04e-07  0.00e+00    0.00    0.00
61170.50  0.50  5.65e-07  0.00e+00    0.00    0.00
61172.50  0.50  4.27e-07  0.00e+00    0.00    0.00
61195.50  0.50  7.12e-07  0.00e+00    0.00    0.00
61206.50  0.50  4.93e-07  0.00e+00    0.00    0.00
61214.50  0.50  4.92e-07  0.00e+00    0.00    0.00
61216.50  0.50  4.18e-07  0.00e+00    0.00    0.00
61218.50  0.50  3.74e-07  0.00e+00    0.00    0.00
61219.50  0.50  6.50e-07  0.00e+00    0.00    0.00
61220.50  0.50  4.73e-07  0.00e+00    0.00    0.00
61235.50  0.50  4.46e-07  0.00e+00    0.00    0.00
61236.50  0.50  1.15e-06  0.00e+00    0.00    0.00
61237.50  0.50  1.02e-06  0.00e+00    0.00    0.00
61238.50  0.50  1.21e-06  0.00e+00    0.00    0.00
61239.50  0.50  7.01e-07  0.00e+00    0.00    0.00
61240.50  0.50  1.43e-06  0.00e+00    0.00    0.00
61241.50  0.50  1.34e-06  0.00e+00    0.00    0.00
61242.50  0.50  2.74e-06  0.00e+00    0.00    0.00
61243.50  0.50  1.43e-06  0.00e+00    0.00    0.00
61244.50  0.50  8.99e-07  0.00e+00    0.00    0.00
61261.50  0.50  1.31e-06  0.00e+00    0.00    0.00
61262.50  0.50  4.34e-07  0.00e+00    0.00    0.00
61263.50  0.50  1.17e-06  0.00e+00    0.00    0.00
61264.50  0.50  2.86e-06  0.00e+00    0.00    0.00
61265.50  0.50  2.74e-06  0.00e+00    0.00    0.00
61266.50  0.50  2.35e-06  0.00e+00    0.00    0.00
61267.50  0.50  7.20e-07  0.00e+00    0.00    0.00
61276.50  0.50  3.35e-06  0.00e+00    0.00    0.00
61277.50  0.50  6.10e-06  0.00e+00    0.00    0.00
61278.50  0.50  1.35e-06  0.00e+00    0.00    0.00
61279.50  0.50  7.64e-07  0.00e+00    0.00    0.00
61280.50  0.50  1.31e-06  0.00e+00    0.00    0.00
61281.50  0.50  3.34e-06  0.00e+00    0.00    0.00
61282.50  0.50  2.71e-06  0.00e+00    0.00    0.00
61283.50  0.50  7.23e-07  0.00e+00    0.00    0.00
61284.50  0.50  1.32e-06  0.00e+00    0.00    0.00
61285.50  0.50  8.58e-07  0.00e+00    0.00    0.00
61286.50  0.50  5.66e-07  0.00e+00    0.00    0.00
61287.50  0.50  4.32e-07  0.00e+00    0.00    0.00
61288.50  0.50  5.42e-07  0.00e+00    0.00    0.00
61289.50  0.50  4.22e-07  0.00e+00    0.00    0.00
61290.50  0.50  5.94e-07  0.00e+00    0.00    0.00
61291.50  0.50  3.80e-07  0.00e+00    0.00    0.00
61292.50  0.50  2.14e-07  0.00e+00    0.00    0.00
61293.50  0.50  5.39e-07  0.00e+00    0.00    0.00
61294.50  0.50  1.80e-07  0.00e+00    0.00    0.00
61295.50  0.50  4.03e-07  0.00e+00    0.00    0.00
61296.50  0.50  3.94e-07  0.00e+00    0.00    0.00
61297.50  0.50  5.20e-07  0.00e+00    0.00    0.00
61298.50  0.50  4.44e-07  0.00e+00    0.00    0.00
61299.50  0.50  2.71e-07  0.00e+00    0.00    0.00
61300.50  0.50  4.02e-07  0.00e+00    0.00    0.00
61301.50  0.50  3.11e-07  0.00e+00    0.00    0.00
61302.50  0.50  1.96e-07  0.00e+00    0.00    0.00
61303.50  0.50  4.12e-07  0.00e+00    0.00    0.00
61304.50  0.50  4.38e-07  0.00e+00    0.00    0.00
61305.50  0.50  7.15e-07  0.00e+00    0.00    0.00
61306.50  0.50  7.91e-07  0.00e+00    0.00    0.00
61307.50  0.50  5.50e-07  0.00e+00    0.00    0.00
61308.50  0.50  7.39e-07  0.00e+00    0.00    0.00
