59253.50  0.50  3.02e-08  0.00e+00    0.00    0.00
60649.50  0.50  3.98e-08  0.00e+00    0.00    0.00
60958.50  0.50  4.15e-08  0.00e+00    0.00    0.00
60994.50  0.50  6.33e-08  0.00e+00    0.00    0.00
61009.50  0.50  6.81e-08  0.00e+00    0.00    0.00
61089.50  0.50  3.83e-08  0.00e+00    0.00    0.00
61092.50  0.50  3.89e-08  0.00e+00    0.00    0.00
61095.50  0.50  4.09e-08  0.00e+00    0.00    0.00
61099.50  0.50  5.28e-08  0.00e+00    0.00    0.00
61139.50  0.50  8.19e-08  0.00e+00    0.00    0.00
61161.50  0.50  4.33e-08  0.00e+00    0.00    0.00
61163.50  0.50  5.07e-08  0.00e+00    0.00    0.00
61164.50  0.50  6.18e-08  0.00e+00    0.00    0.00
61166.50  0.50  5.57e-08  0.00e+00    0.00    0.00
61167.50  0.50  4.99e-08  0.00e+00    0.00    0.00
61170.50  0.50  4.51e-08  0.00e+00    0.00    0.00
61172.50  0.50  4.92e-08  0.00e+00    0.00    0.00
61195.50  0.50  6.04e-08  0.00e+00    0.00    0.00
61206.50  0.50  4.93e-08  0.00e+00    0.00    0.00
61214.50  0.50  5.21e-08  0.00e+00    0.00    0.00
61216.50  0.50  5.98e-08  0.00e+00    0.00    0.00
61218.50  0.50  3.50e-08  0.00e+00    0.00    0.00
61219.50  0.50  6.63e-08  0.00e+00    0.00    0.00
61220.50  0.50  4.25e-08  0.00e+00    0.00    0.00
61235.50  0.50  5.42e-08  0.00e+00    0.00    0.00
61236.50  0.50  6.98e-08  0.00e+00    0.00    0.00
61237.50  0.50  6.12e-08  0.00e+00    0.00    0.00
61238.50  0.50  1.04e-07  0.00e+00    0.00    0.00
61239.50  0.50  9.07e-08  0.00e+00    0.00    0.00
61240.50  0.50  7.65e-08  0.00e+00    0.00    0.00
61241.50  0.50  1.33e-07  0.00e+00    0.00    0.00
61242.50  0.50  1.32e-07  0.00e+00    0.00    0.00
61243.50  0.50  1.04e-07  0.00e+00    0.00    0.00
61244.50  0.50  8.26e-08  0.00e+00    0.00    0.00
61261.50  0.50  1.00e-07  0.00e+00    0.00    0.00
61262.50  0.50  7.52e-08  0.00e+00    0.00    0.00
61263.50  0.50  9.57e-08  0.00e+00    0.00    0.00
61264.50  0.50  3.28e-07  0.00e+00    0.00    0.00
61265.50  0.50  3.31e-07  0.00e+00    0.00    0.00
61266.50  0.50  2.54e-07  0.00e+00    0.00    0.00
61267.50  0.50  9.41e-08  0.00e+00    0.00    0.00
61276.50  0.50  3.47e-07  0.00e+00    0.00    0.00
61277.50  0.50  1.16e-06  0.00e+00    0.00    0.00
61278.50  0.50  1.69e-07  0.00e+00    0.00    0.00
61279.50  0.50  8.11e-08  0.00e+00    0.00    0.00
61280.50  0.50  7.36e-08  0.00e+00    0.00    0.00
61281.50  0.50  3.12e-07  0.00e+00    0.00    0.00
61282.50  0.50  1.85e-07  0.00e+00    0.00    0.00
61283.50  0.50  6.20e-08  0.00e+00    0.00    0.00
61284.50  0.50  1.71e-07  0.00e+00    0.00    0.00
61285.50  0.50  9.95e-08  0.00e+00    0.00    0.00
61286.50  0.50  4.66e-08  0.00e+00    0.00    0.00
61287.50  0.50  5.15e-08  0.00e+00    0.00    0.00
61288.50  0.50  5.18e-08  0.00e+00    0.00    0.00
61289.50  0.50  6.47e-08  0.00e+00    0.00    0.00
61290.50  0.50  5.08e-08  0.00e+00    0.00    0.00
61291.50  0.50  7.93e-08  0.00e+00    0.00    0.00
61292.50  0.50  1.64e-08  0.00e+00    0.00    0.00
61293.50  0.50  1.60e-08  0.00e+00    0.00    0.00
61294.50  0.50  3.70e-08  0.00e+00    0.00    0.00
61295.50  0.50  4.06e-08  0.00e+00    0.00    0.00
61296.50  0.50  4.85e-08  0.00e+00    0.00    0.00
61297.50  0.50  6.50e-08  0.00e+00    0.00    0.00
61298.50  0.50  1.42e-08  0.00e+00    0.00    0.00
61299.50  0.50  2.60e-08  0.00e+00    0.00    0.00
61300.50  0.50  1.01e-08  0.00e+00    0.00    0.00
61301.50  0.50  1.26e-08  0.00e+00    0.00    0.00
