61160.50  3.50  2.20e-08  0.00e+00    0.00    0.00
61167.50  3.50  1.80e-08  0.00e+00    0.00    0.00
61174.50  3.50  1.43e-08  0.00e+00    0.00    0.00
61181.50  3.50  1.31e-08  0.00e+00    0.00    0.00
61188.50  3.50  1.86e-08  0.00e+00    0.00    0.00
61195.50  3.50  2.34e-08  0.00e+00    0.00    0.00
61209.50  3.50  1.50e-08  0.00e+00    0.00    0.00
61216.50  3.50  3.27e-08  0.00e+00    0.00    0.00
61223.50  3.50  1.32e-08  0.00e+00    0.00    0.00
61244.50  3.50  -1.00e+00  0.00e+00    0.00    0.00
61265.50  3.50  -1.00e+00  0.00e+00    0.00    0.00
61279.50  3.50  3.37e-07  0.00e+00    0.00    0.00
61286.50  3.50  3.33e-08  0.00e+00    0.00    0.00
61293.50  3.50  1.91e-08  0.00e+00    0.00    0.00
