61167.50  3.50  3.98e-07  0.00e+00    0.00    0.00
61174.50  3.50  2.77e-07  0.00e+00    0.00    0.00
61181.50  3.50  1.32e-07  0.00e+00    0.00    0.00
61188.50  3.50  1.31e-07  0.00e+00    0.00    0.00
61195.50  3.50  4.32e-07  0.00e+00    0.00    0.00
61209.50  3.50  2.06e-07  0.00e+00    0.00    0.00
61216.50  3.50  5.32e-07  0.00e+00    0.00    0.00
61223.50  3.50  1.80e-07  0.00e+00    0.00    0.00
61244.50  3.50  1.05e-06  0.00e+00    0.00    0.00
61265.50  3.50  1.49e-06  0.00e+00    0.00    0.00
61279.50  3.50  2.68e-06  0.00e+00    0.00    0.00
61286.50  3.50  5.83e-07  0.00e+00    0.00    0.00
61293.50  3.50  1.96e-07  0.00e+00    0.00    0.00
61300.50  3.50  1.68e-07  0.00e+00    0.00    0.00
