61223.50  3.50  1.57e-07  0.00e+00    0.00    0.00
61230.50  3.50  1.86e-07  0.00e+00    0.00    0.00
61237.50  3.50  5.46e-08  0.00e+00    0.00    0.00
61244.50  3.50  3.77e-08  0.00e+00    0.00    0.00
61251.50  3.50  4.60e-07  0.00e+00    0.00    0.00
61258.50  3.50  1.62e-07  0.00e+00    0.00    0.00
61265.50  3.50  2.31e-07  0.00e+00    0.00    0.00
61272.50  3.50  2.60e-08  0.00e+00    0.00    0.00
61279.50  3.50  4.41e-08  0.00e+00    0.00    0.00
61286.50  3.50  8.67e-08  0.00e+00    0.00    0.00
61293.50  3.50  3.16e-08  0.00e+00    0.00    0.00
61300.50  3.50  1.15e-07  0.00e+00    0.00    0.00
61307.50  3.50  1.54e-08  0.00e+00    0.00    0.00
61314.50  3.50  1.48e-07  0.00e+00    0.00    0.00
