61202.50  0.50  9.32e-07  0.00e+00    0.00    0.00
61203.50  0.50  4.36e-06  0.00e+00    0.00    0.00
61204.50  0.50  1.58e-06  0.00e+00    0.00    0.00
61205.50  0.50  2.34e-06  0.00e+00    0.00    0.00
61206.50  0.50  1.30e-06  0.00e+00    0.00    0.00
61207.50  0.50  8.51e-07  0.00e+00    0.00    0.00
61208.50  0.50  4.25e-07  0.00e+00    0.00    0.00
61209.50  0.50  6.62e-07  0.00e+00    0.00    0.00
61210.50  0.50  1.85e-06  0.00e+00    0.00    0.00
61211.50  0.50  8.54e-07  0.00e+00    0.00    0.00
61212.50  0.50  8.12e-07  0.00e+00    0.00    0.00
61213.50  0.50  1.22e-06  0.00e+00    0.00    0.00
61214.50  0.50  2.57e-06  0.00e+00    0.00    0.00
61215.50  0.50  1.78e-06  0.00e+00    0.00    0.00
61216.50  0.50  9.97e-07  0.00e+00    0.00    0.00
61217.50  0.50  2.72e-06  0.00e+00    0.00    0.00
61218.50  0.50  3.22e-06  0.00e+00    0.00    0.00
61219.50  0.50  9.62e-07  0.00e+00    0.00    0.00
61220.50  0.50  1.43e-06  0.00e+00    0.00    0.00
61221.50  0.50  2.54e-07  0.00e+00    0.00    0.00
61222.50  0.50  1.99e-07  0.00e+00    0.00    0.00
61223.50  0.50  1.84e-07  0.00e+00    0.00    0.00
61224.50  0.50  1.92e-07  0.00e+00    0.00    0.00
61225.50  0.50  1.01e-07  0.00e+00    0.00    0.00
61226.50  0.50  4.64e-07  0.00e+00    0.00    0.00
61227.50  0.50  4.33e-07  0.00e+00    0.00    0.00
61228.50  0.50  1.41e-07  0.00e+00    0.00    0.00
61229.50  0.50  3.86e-07  0.00e+00    0.00    0.00
61230.50  0.50  6.88e-07  0.00e+00    0.00    0.00
61231.50  0.50  5.33e-07  0.00e+00    0.00    0.00
61232.50  0.50  1.13e-07  0.00e+00    0.00    0.00
61233.50  0.50  5.86e-07  0.00e+00    0.00    0.00
61234.50  0.50  6.92e-07  0.00e+00    0.00    0.00
61235.50  0.50  1.46e-07  0.00e+00    0.00    0.00
61236.50  0.50  1.32e-07  0.00e+00    0.00    0.00
61237.50  0.50  9.85e-08  0.00e+00    0.00    0.00
61238.50  0.50  5.22e-07  0.00e+00    0.00    0.00
61239.50  0.50  8.67e-08  0.00e+00    0.00    0.00
61240.50  0.50  3.58e-07  0.00e+00    0.00    0.00
61241.50  0.50  7.45e-08  0.00e+00    0.00    0.00
61242.50  0.50  9.79e-08  0.00e+00    0.00    0.00
61243.50  0.50  1.02e-07  0.00e+00    0.00    0.00
61244.50  0.50  5.01e-07  0.00e+00    0.00    0.00
61245.50  0.50  5.15e-07  0.00e+00    0.00    0.00
61246.50  0.50  9.16e-08  0.00e+00    0.00    0.00
61247.50  0.50  2.00e-07  0.00e+00    0.00    0.00
61248.50  0.50  7.21e-07  0.00e+00    0.00    0.00
61249.50  0.50  1.29e-07  0.00e+00    0.00    0.00
61250.50  0.50  9.93e-07  0.00e+00    0.00    0.00
61251.50  0.50  5.95e-07  0.00e+00    0.00    0.00
61252.50  0.50  1.28e-06  0.00e+00    0.00    0.00
61253.50  0.50  2.36e-07  0.00e+00    0.00    0.00
61254.50  0.50  3.74e-07  0.00e+00    0.00    0.00
61255.50  0.50  2.02e-07  0.00e+00    0.00    0.00
61256.50  0.50  5.76e-07  0.00e+00    0.00    0.00
61257.50  0.50  1.04e-07  0.00e+00    0.00    0.00
61258.50  0.50  1.55e-07  0.00e+00    0.00    0.00
61259.50  0.50  6.40e-07  0.00e+00    0.00    0.00
61260.50  0.50  2.96e-07  0.00e+00    0.00    0.00
61261.50  0.50  8.17e-07  0.00e+00    0.00    0.00
61262.50  0.50  1.20e-07  0.00e+00    0.00    0.00
61263.50  0.50  1.51e-07  0.00e+00    0.00    0.00
61264.50  0.50  2.53e-07  0.00e+00    0.00    0.00
61265.50  0.50  1.14e-07  0.00e+00    0.00    0.00
61266.50  0.50  4.37e-07  0.00e+00    0.00    0.00
61267.50  0.50  3.86e-07  0.00e+00    0.00    0.00
61268.50  0.50  1.56e-07  0.00e+00    0.00    0.00
61269.50  0.50  1.45e-07  0.00e+00    0.00    0.00
61270.50  0.50  9.47e-08  0.00e+00    0.00    0.00
61271.50  0.50  1.01e-07  0.00e+00    0.00    0.00
61272.50  0.50  7.71e-08  0.00e+00    0.00    0.00
61273.50  0.50  9.50e-08  0.00e+00    0.00    0.00
61274.50  0.50  1.43e-07  0.00e+00    0.00    0.00
61275.50  0.50  5.58e-07  0.00e+00    0.00    0.00
61276.50  0.50  3.19e-08  0.00e+00    0.00    0.00
61277.50  0.50  2.56e-07  0.00e+00    0.00    0.00
61278.50  0.50  8.30e-08  0.00e+00    0.00    0.00
61279.50  0.50  3.80e-07  0.00e+00    0.00    0.00
61280.50  0.50  3.15e-07  0.00e+00    0.00    0.00
61281.50  0.50  3.20e-07  0.00e+00    0.00    0.00
61282.50  0.50  2.03e-07  0.00e+00    0.00    0.00
61283.50  0.50  5.71e-07  0.00e+00    0.00    0.00
61284.50  0.50  4.48e-07  0.00e+00    0.00    0.00
61285.50  0.50  5.65e-08  0.00e+00    0.00    0.00
61286.50  0.50  2.58e-07  0.00e+00    0.00    0.00
61287.50  0.50  1.25e-07  0.00e+00    0.00    0.00
61288.50  0.50  9.02e-08  0.00e+00    0.00    0.00
61289.50  0.50  8.20e-08  0.00e+00    0.00    0.00
61290.50  0.50  4.30e-08  0.00e+00    0.00    0.00
61291.50  0.50  1.03e-07  0.00e+00    0.00    0.00
61292.50  0.50  1.23e-07  0.00e+00    0.00    0.00
61293.50  0.50  3.13e-07  0.00e+00    0.00    0.00
61294.50  0.50  2.18e-07  0.00e+00    0.00    0.00
61295.50  0.50  1.96e-07  0.00e+00    0.00    0.00
61296.50  0.50  2.55e-07  0.00e+00    0.00    0.00
61297.50  0.50  1.56e-07  0.00e+00    0.00    0.00
61298.50  0.50  2.47e-07  0.00e+00    0.00    0.00
61299.50  0.50  8.96e-08  0.00e+00    0.00    0.00
61300.50  0.50  2.88e-07  0.00e+00    0.00    0.00
61301.50  0.50  3.08e-07  0.00e+00    0.00    0.00
