61209.50  3.50  2.45e-08  0.00e+00    0.00    0.00
61216.50  3.50  3.13e-08  0.00e+00    0.00    0.00
61223.50  3.50  5.24e-09  0.00e+00    0.00    0.00
61230.50  3.50  4.25e-09  0.00e+00    0.00    0.00
61237.50  3.50  2.91e-09  0.00e+00    0.00    0.00
61244.50  3.50  5.78e-09  0.00e+00    0.00    0.00
61251.50  3.50  1.39e-08  0.00e+00    0.00    0.00
61258.50  3.50  6.12e-09  0.00e+00    0.00    0.00
61265.50  3.50  4.08e-09  0.00e+00    0.00    0.00
61272.50  3.50  2.88e-09  0.00e+00    0.00    0.00
61279.50  3.50  2.62e-09  0.00e+00    0.00    0.00
61286.50  3.50  4.80e-09  0.00e+00    0.00    0.00
61293.50  3.50  5.88e-09  0.00e+00    0.00    0.00
61300.50  3.50  2.95e-09  0.00e+00    0.00    0.00
