61202.50  3.50  3.93e-09  0.00e+00    0.00    0.00
61209.50  3.50  1.14e-08  0.00e+00    0.00    0.00
61216.50  3.50  5.38e-09  0.00e+00    0.00    0.00
61223.50  3.50  6.59e-09  0.00e+00    0.00    0.00
61230.50  3.50  1.02e-08  0.00e+00    0.00    0.00
61237.50  3.50  9.96e-09  0.00e+00    0.00    0.00
61244.50  3.50  3.32e-09  0.00e+00    0.00    0.00
61251.50  3.50  1.91e-09  0.00e+00    0.00    0.00
61258.50  3.50  2.97e-09  0.00e+00    0.00    0.00
61265.50  3.50  3.71e-09  0.00e+00    0.00    0.00
61272.50  3.50  8.16e-09  0.00e+00    0.00    0.00
61279.50  3.50  1.04e-08  0.00e+00    0.00    0.00
61286.50  3.50  5.69e-09  0.00e+00    0.00    0.00
61293.50  3.50  6.90e-09  0.00e+00    0.00    0.00
