61209.50  3.50  2.57e-07  0.00e+00    0.00    0.00
61216.50  3.50  4.04e-07  0.00e+00    0.00    0.00
61223.50  3.50  5.01e-08  0.00e+00    0.00    0.00
61230.50  3.50  9.58e-08  0.00e+00    0.00    0.00
61237.50  3.50  1.44e-07  0.00e+00    0.00    0.00
61244.50  3.50  8.71e-08  0.00e+00    0.00    0.00
61251.50  3.50  1.02e-07  0.00e+00    0.00    0.00
61258.50  3.50  1.33e-07  0.00e+00    0.00    0.00
61265.50  3.50  4.69e-08  0.00e+00    0.00    0.00
61272.50  3.50  1.46e-07  0.00e+00    0.00    0.00
61279.50  3.50  1.20e-07  0.00e+00    0.00    0.00
61286.50  3.50  9.50e-08  0.00e+00    0.00    0.00
61293.50  3.50  3.93e-08  0.00e+00    0.00    0.00
61300.50  3.50  3.24e-08  0.00e+00    0.00    0.00
