61209.50  3.50  3.42e-09  0.00e+00    0.00    0.00
61216.50  3.50  4.96e-09  0.00e+00    0.00    0.00
61223.50  3.50  1.00e-08  0.00e+00    0.00    0.00
61230.50  3.50  2.29e-09  0.00e+00    0.00    0.00
61237.50  3.50  3.64e-09  0.00e+00    0.00    0.00
61244.50  3.50  2.89e-09  0.00e+00    0.00    0.00
61251.50  3.50  4.06e-09  0.00e+00    0.00    0.00
61258.50  3.50  8.34e-09  0.00e+00    0.00    0.00
61265.50  3.50  2.46e-09  0.00e+00    0.00    0.00
61272.50  3.50  8.91e-09  0.00e+00    0.00    0.00
61279.50  3.50  3.48e-09  0.00e+00    0.00    0.00
61286.50  3.50  7.24e-09  0.00e+00    0.00    0.00
61293.50  3.50  2.12e-09  0.00e+00    0.00    0.00
61300.50  3.50  4.48e-09  0.00e+00    0.00    0.00
