61202.50  3.50  2.87e-08  0.00e+00    0.00    0.00
61209.50  3.50  5.75e-07  0.00e+00    0.00    0.00
61216.50  3.50  1.35e-07  0.00e+00    0.00    0.00
61223.50  3.50  1.50e-07  0.00e+00    0.00    0.00
61230.50  3.50  2.26e-07  0.00e+00    0.00    0.00
61237.50  3.50  8.53e-08  1.55e-08    0.75    0.02
61244.50  3.50  1.36e-07  0.00e+00    0.00    0.00
61251.50  3.50  2.43e-07  0.00e+00    0.00    0.00
61258.50  3.50  1.30e-07  0.00e+00    0.00    0.00
61265.50  3.50  1.25e-07  0.00e+00    0.00    0.00
61272.50  3.50  1.46e-07  0.00e+00    0.00    0.00
61279.50  3.50  9.24e-08  0.00e+00    0.00    0.00
61286.50  3.50  1.74e-07  0.00e+00    0.00    0.00
61293.50  3.50  1.30e-07  0.00e+00    0.00    0.00
