61202.50  3.50  5.70e-09  0.00e+00    0.00    0.00
61209.50  3.50  6.99e-09  0.00e+00    0.00    0.00
61216.50  3.50  8.39e-09  0.00e+00    0.00    0.00
61223.50  3.50  8.04e-09  0.00e+00    0.00    0.00
61230.50  3.50  5.84e-09  0.00e+00    0.00    0.00
61237.50  3.50  1.34e-08  4.74e-09    1.61    0.03
61244.50  3.50  7.82e-09  0.00e+00    0.00    0.00
61251.50  3.50  1.35e-08  0.00e+00    0.00    0.00
61258.50  3.50  2.10e-08  0.00e+00    0.00    0.00
61265.50  3.50  4.72e-09  0.00e+00    0.00    0.00
61272.50  3.50  3.37e-09  0.00e+00    0.00    0.00
61279.50  3.50  8.12e-09  0.00e+00    0.00    0.00
61286.50  3.50  8.84e-09  0.00e+00    0.00    0.00
61293.50  3.50  7.24e-09  0.00e+00    0.00    0.00
