61202.50  3.50  1.37e-07  2.51e-08    3.02    0.70
61209.50  3.50  7.95e-08  1.62e-08    1.75    0.41
61216.50  3.50  7.28e-08  1.87e-08    1.61    0.37
61223.50  3.50  1.05e-07  2.68e-08    2.31    0.53
61230.50  3.50  1.26e-07  4.19e-08    2.77    0.64
61237.50  3.50  1.09e-07  3.48e-09    2.40    0.56
61244.50  3.50  8.18e-08  2.42e-08    1.80    0.42
61251.50  3.50  8.69e-08  2.07e-08    1.92    0.44
61258.50  3.50  5.75e-08  1.59e-08    1.27    0.29
61265.50  3.50  7.01e-08  2.28e-08    1.55    0.36
61272.50  3.50  6.69e-08  2.36e-08    1.48    0.34
61279.50  3.50  9.33e-08  2.45e-08    2.06    0.48
61286.50  3.50  6.19e-08  2.83e-08    1.37    0.32
61293.50  3.50  7.05e-08  2.20e-08    1.55    0.36
