61209.50  0.50  1.48e-07  0.00e+00    0.00    0.00
61210.50  0.50  1.37e-07  5.08e-08    3.01    0.70
61211.50  0.50  1.45e-07  5.45e-08    3.20    0.74
61212.50  0.50  6.63e-08  3.67e-08    1.46    0.34
61213.50  0.50  1.13e-07  0.00e+00    0.00    0.00
61214.50  0.50  7.67e-08  4.24e-08    1.69    0.39
61215.50  0.50  1.84e-07  0.00e+00    0.00    0.00
61216.50  0.50  1.55e-07  6.97e-08    3.43    0.79
61217.50  0.50  3.67e-07  0.00e+00    0.00    0.00
61218.50  0.50  6.46e-08  0.00e+00    0.00    0.00
61219.50  0.50  6.19e-08  0.00e+00    0.00    0.00
61220.50  0.50  2.91e-07  0.00e+00    0.00    0.00
61221.50  0.50  2.67e-07  0.00e+00    0.00    0.00
61222.50  0.50  1.65e-07  8.46e-08    3.64    0.84
61223.50  0.50  1.96e-07  9.55e-08    4.33    1.00
61224.50  0.50  1.31e-07  0.00e+00    0.00    0.00
61225.50  0.50  1.67e-07  0.00e+00    0.00    0.00
61226.50  0.50  2.55e-07  0.00e+00    0.00    0.00
61227.50  0.50  3.35e-07  1.34e-07    7.38    1.71
61228.50  0.50  1.27e-07  0.00e+00    0.00    0.00
61229.50  0.50  4.99e-07  0.00e+00    0.00    0.00
61230.50  0.50  2.53e-07  0.00e+00    0.00    0.00
61231.50  0.50  4.00e-07  0.00e+00    0.00    0.00
61232.50  0.50  1.61e-07  0.00e+00    0.00    0.00
61233.50  0.50  2.68e-07  0.00e+00    0.00    0.00
61234.50  0.50  2.55e-07  0.00e+00    0.00    0.00
61235.50  0.50  2.48e-07  0.00e+00    0.00    0.00
61236.50  0.50  2.36e-07  0.00e+00    0.00    0.00
61237.50  0.50  3.44e-07  0.00e+00    0.00    0.00
61238.50  0.50  2.49e-07  4.67e-08    5.50    1.28
61239.50  0.50  1.27e-07  6.76e-08    2.80    0.65
61240.50  0.50  2.28e-07  0.00e+00    0.00    0.00
61241.50  0.50  1.93e-07  0.00e+00    0.00    0.00
61242.50  0.50  2.11e-07  0.00e+00    0.00    0.00
61243.50  0.50  2.84e-07  0.00e+00    0.00    0.00
61244.50  0.50  2.79e-07  0.00e+00    0.00    0.00
61245.50  0.50  3.11e-07  0.00e+00    0.00    0.00
61246.50  0.50  1.21e-07  0.00e+00    0.00    0.00
61247.50  0.50  9.18e-08  0.00e+00    0.00    0.00
61248.50  0.50  1.18e-07  0.00e+00    0.00    0.00
61249.50  0.50  2.34e-07  0.00e+00    0.00    0.00
61250.50  0.50  1.01e-07  5.05e-08    2.22    0.51
61251.50  0.50  2.23e-07  0.00e+00    0.00    0.00
61252.50  0.50  2.87e-07  0.00e+00    0.00    0.00
61253.50  0.50  9.46e-08  0.00e+00    0.00    0.00
61254.50  0.50  2.14e-07  0.00e+00    0.00    0.00
61255.50  0.50  1.90e-07  0.00e+00    0.00    0.00
61256.50  0.50  8.97e-08  4.61e-08    1.98    0.46
61257.50  0.50  9.92e-08  0.00e+00    0.00    0.00
61258.50  0.50  1.87e-07  0.00e+00    0.00    0.00
61259.50  0.50  5.34e-08  3.60e-08    1.18    0.27
61260.50  0.50  6.79e-08  0.00e+00    0.00    0.00
61261.50  0.50  2.02e-07  0.00e+00    0.00    0.00
61262.50  0.50  9.09e-08  4.85e-08    2.00    0.46
61263.50  0.50  9.58e-08  0.00e+00    0.00    0.00
61264.50  0.50  2.92e-07  0.00e+00    0.00    0.00
61265.50  0.50  2.89e-07  0.00e+00    0.00    0.00
61266.50  0.50  1.32e-07  0.00e+00    0.00    0.00
61267.50  0.50  2.52e-07  0.00e+00    0.00    0.00
61268.50  0.50  1.87e-07  0.00e+00    0.00    0.00
61269.50  0.50  1.40e-07  0.00e+00    0.00    0.00
61270.50  0.50  1.01e-07  2.55e-08    2.23    0.52
61271.50  0.50  2.69e-07  0.00e+00    0.00    0.00
61272.50  0.50  3.76e-07  0.00e+00    0.00    0.00
61273.50  0.50  3.95e-07  0.00e+00    0.00    0.00
61274.50  0.50  3.58e-08  2.89e-08    0.79    0.18
61275.50  0.50  4.00e-07  0.00e+00    0.00    0.00
61276.50  0.50  2.14e-07  0.00e+00    0.00    0.00
61277.50  0.50  2.59e-07  0.00e+00    0.00    0.00
61278.50  0.50  1.72e-07  0.00e+00    0.00    0.00
61279.50  0.50  1.21e-07  0.00e+00    0.00    0.00
61280.50  0.50  1.85e-07  0.00e+00    0.00    0.00
61281.50  0.50  2.74e-07  0.00e+00    0.00    0.00
61282.50  0.50  1.37e-07  0.00e+00    0.00    0.00
61283.50  0.50  1.49e-07  0.00e+00    0.00    0.00
61284.50  0.50  5.47e-07  0.00e+00    0.00    0.00
61285.50  0.50  1.16e-07  0.00e+00    0.00    0.00
61286.50  0.50  2.98e-07  0.00e+00    0.00    0.00
61287.50  0.50  3.09e-07  0.00e+00    0.00    0.00
61288.50  0.50  1.05e-07  0.00e+00    0.00    0.00
61289.50  0.50  1.43e-07  0.00e+00    0.00    0.00
61290.50  0.50  3.02e-07  0.00e+00    0.00    0.00
61291.50  0.50  6.73e-08  0.00e+00    0.00    0.00
61292.50  0.50  7.29e-08  0.00e+00    0.00    0.00
61293.50  0.50  4.34e-07  0.00e+00    0.00    0.00
61294.50  0.50  1.96e-07  0.00e+00    0.00    0.00
61295.50  0.50  1.09e-07  5.62e-08    2.41    0.56
61296.50  0.50  2.24e-07  4.25e-08    4.94    1.15
61297.50  0.50  2.56e-07  1.03e-07    5.64    1.31
61298.50  0.50  2.01e-07  0.00e+00    0.00    0.00
61299.50  0.50  1.08e-07  0.00e+00    0.00    0.00
61300.50  0.50  2.47e-07  4.15e-08    5.46    1.27
61301.50  0.50  1.71e-07  0.00e+00    0.00    0.00
61302.50  0.50  3.41e-07  0.00e+00    0.00    0.00
61303.50  0.50  2.29e-07  6.10e-08    5.05    1.17
61304.50  0.50  2.86e-07  5.47e-08    6.30    1.46
61305.50  0.50  2.48e-07  8.03e-08    5.48    1.27
61306.50  0.50  4.44e-07  0.00e+00    0.00    0.00
61307.50  0.50  4.56e-08  3.95e-08    1.01    0.23
61308.50  0.50  1.88e-07  1.32e-08    4.15    0.96
