61198.50  0.50  4.96e-08  0.00e+00    0.00    0.00
61199.50  0.50  6.27e-08  0.00e+00    0.00    0.00
61200.50  0.50  5.00e-08  2.26e-08    8.47    1.97
61201.50  0.50  4.65e-08  0.00e+00    0.00    0.00
61202.50  0.50  2.65e-08  1.31e-08    4.50    1.04
61203.50  0.50  1.56e-08  9.03e-09    2.64    0.61
61204.50  0.50  2.67e-08  1.19e-08    4.53    1.05
61205.50  0.50  5.33e-08  0.00e+00    0.00    0.00
61206.50  0.50  2.07e-08  1.03e-08    3.51    0.81
61207.50  0.50  8.16e-09  0.00e+00    0.00    0.00
61208.50  0.50  3.20e-08  0.00e+00    0.00    0.00
61209.50  0.50  2.60e-08  0.00e+00    0.00    0.00
61210.50  0.50  2.31e-08  1.16e-08    3.92    0.91
61211.50  0.50  3.21e-08  1.27e-08    5.44    1.26
61212.50  0.50  3.38e-08  0.00e+00    0.00    0.00
61213.50  0.50  3.82e-08  0.00e+00    0.00    0.00
61214.50  0.50  2.22e-08  9.62e-09    3.77    0.87
61215.50  0.50  9.96e-09  0.00e+00    0.00    0.00
61216.50  0.50  1.96e-08  1.05e-08    3.33    0.77
61217.50  0.50  3.25e-08  0.00e+00    0.00    0.00
61218.50  0.50  2.48e-08  0.00e+00    0.00    0.00
61219.50  0.50  2.85e-08  0.00e+00    0.00    0.00
61220.50  0.50  1.11e-08  0.00e+00    0.00    0.00
61221.50  0.50  2.87e-08  0.00e+00    0.00    0.00
61222.50  0.50  4.52e-08  1.94e-08    7.66    1.78
61223.50  0.50  2.25e-08  4.39e-09    3.81    0.88
61224.50  0.50  1.35e-08  0.00e+00    0.00    0.00
61225.50  0.50  4.12e-08  0.00e+00    0.00    0.00
61226.50  0.50  3.70e-08  0.00e+00    0.00    0.00
61227.50  0.50  4.41e-08  2.00e-08    7.49    1.74
61228.50  0.50  1.47e-08  0.00e+00    0.00    0.00
61229.50  0.50  1.42e-08  0.00e+00    0.00    0.00
61230.50  0.50  2.39e-08  0.00e+00    0.00    0.00
61231.50  0.50  4.00e-08  0.00e+00    0.00    0.00
61232.50  0.50  1.51e-08  0.00e+00    0.00    0.00
61233.50  0.50  5.55e-08  0.00e+00    0.00    0.00
61234.50  0.50  6.59e-08  0.00e+00    0.00    0.00
61235.50  0.50  1.73e-08  0.00e+00    0.00    0.00
61236.50  0.50  2.07e-08  0.00e+00    0.00    0.00
61237.50  0.50  6.20e-08  0.00e+00    0.00    0.00
61238.50  0.50  8.13e-08  0.00e+00    0.00    0.00
61239.50  0.50  3.83e-08  1.97e-08    6.49    1.51
61240.50  0.50  4.99e-08  0.00e+00    0.00    0.00
61241.50  0.50  5.47e-08  0.00e+00    0.00    0.00
61242.50  0.50  6.79e-08  0.00e+00    0.00    0.00
61243.50  0.50  2.95e-08  0.00e+00    0.00    0.00
61244.50  0.50  4.55e-08  0.00e+00    0.00    0.00
61245.50  0.50  3.06e-08  0.00e+00    0.00    0.00
61246.50  0.50  3.53e-08  0.00e+00    0.00    0.00
61247.50  0.50  3.43e-08  0.00e+00    0.00    0.00
61248.50  0.50  2.52e-08  0.00e+00    0.00    0.00
61249.50  0.50  2.39e-08  0.00e+00    0.00    0.00
61250.50  0.50  3.08e-08  1.28e-08    5.22    1.21
61251.50  0.50  3.40e-08  0.00e+00    0.00    0.00
61252.50  0.50  3.17e-08  0.00e+00    0.00    0.00
61253.50  0.50  3.38e-08  0.00e+00    0.00    0.00
61254.50  0.50  2.89e-08  0.00e+00    0.00    0.00
61255.50  0.50  2.52e-08  0.00e+00    0.00    0.00
61256.50  0.50  3.97e-08  0.00e+00    0.00    0.00
61257.50  0.50  1.50e-08  0.00e+00    0.00    0.00
61258.50  0.50  3.05e-08  0.00e+00    0.00    0.00
61259.50  0.50  1.46e-08  8.45e-09    2.48    0.57
61260.50  0.50  2.50e-08  0.00e+00    0.00    0.00
61261.50  0.50  3.62e-08  0.00e+00    0.00    0.00
61262.50  0.50  2.89e-08  1.41e-08    4.90    1.14
61263.50  0.50  1.88e-08  0.00e+00    0.00    0.00
61264.50  0.50  3.47e-08  0.00e+00    0.00    0.00
61265.50  0.50  1.43e-08  0.00e+00    0.00    0.00
61266.50  0.50  1.50e-08  0.00e+00    0.00    0.00
61267.50  0.50  3.91e-08  0.00e+00    0.00    0.00
61268.50  0.50  3.10e-08  0.00e+00    0.00    0.00
61269.50  0.50  3.54e-08  0.00e+00    0.00    0.00
61270.50  0.50  7.50e-08  0.00e+00    0.00    0.00
61271.50  0.50  4.73e-08  0.00e+00    0.00    0.00
61272.50  0.50  2.99e-08  0.00e+00    0.00    0.00
61273.50  0.50  1.25e-08  0.00e+00    0.00    0.00
61274.50  0.50  1.50e-08  1.06e-08    2.55    0.59
61275.50  0.50  2.88e-08  0.00e+00    0.00    0.00
61276.50  0.50  6.96e-08  0.00e+00    0.00    0.00
61277.50  0.50  4.41e-08  0.00e+00    0.00    0.00
61278.50  0.50  3.90e-08  0.00e+00    0.00    0.00
61279.50  0.50  4.99e-08  0.00e+00    0.00    0.00
61280.50  0.50  4.76e-08  0.00e+00    0.00    0.00
61281.50  0.50  6.34e-08  0.00e+00    0.00    0.00
61282.50  0.50  1.72e-08  0.00e+00    0.00    0.00
61283.50  0.50  5.03e-08  0.00e+00    0.00    0.00
61284.50  0.50  4.20e-08  0.00e+00    0.00    0.00
61285.50  0.50  5.96e-08  0.00e+00    0.00    0.00
61286.50  0.50  8.45e-08  0.00e+00    0.00    0.00
61287.50  0.50  1.49e-08  0.00e+00    0.00    0.00
61288.50  0.50  4.79e-08  0.00e+00    0.00    0.00
61289.50  0.50  1.55e-08  0.00e+00    0.00    0.00
61290.50  0.50  5.49e-08  0.00e+00    0.00    0.00
61291.50  0.50  1.80e-08  0.00e+00    0.00    0.00
61292.50  0.50  3.25e-08  0.00e+00    0.00    0.00
61293.50  0.50  5.24e-08  0.00e+00    0.00    0.00
61294.50  0.50  1.48e-08  0.00e+00    0.00    0.00
61295.50  0.50  3.48e-08  1.74e-08    5.90    1.37
61296.50  0.50  5.63e-08  0.00e+00    0.00    0.00
61297.50  0.50  5.66e-08  0.00e+00    0.00    0.00
