61202.50  3.50  2.39e-08  4.63e-09    4.05    0.94
61209.50  3.50  1.85e-08  3.62e-09    3.13    0.73
61216.50  3.50  1.26e-08  2.99e-09    2.13    0.49
61223.50  3.50  1.29e-08  3.81e-09    2.18    0.51
61230.50  3.50  9.31e-09  3.76e-09    1.58    0.37
61237.50  3.50  2.06e-08  5.44e-09    3.49    0.81
61244.50  3.50  1.30e-08  3.96e-09    2.20    0.51
61251.50  3.50  1.34e-08  3.22e-09    2.27    0.53
61258.50  3.50  1.06e-08  2.74e-09    1.80    0.42
61265.50  3.50  8.25e-09  3.18e-09    1.40    0.32
61272.50  3.50  1.07e-08  3.69e-09    1.82    0.42
61279.50  3.50  1.74e-08  4.47e-09    2.94    0.68
61286.50  3.50  1.34e-08  4.41e-09    2.27    0.53
61293.50  3.50  1.67e-08  4.64e-09    2.83    0.66
