/*
**
**  Swift/XRT light curve for 1ES 1959+650.
**
**  Data taken from the automatic processing at http://www.swift.psu.edu/monitoring/
**
**  When using these data and results in publications, please reference M.C. Stroh & A.D. Falcone 2013, ApJS, 207, 28; arXiv: 1305.4949.
**
**  Key:
**
**   BinCenter      - Center of time bin (MJD)
**   BinHW          - One-half of the full time bin size (days)
**   Rate           - The background subtracted, PSF corrected and pile-up corrected source count rate (cts/s).
**   RateError      - 1 sigma error in source count rate (cts/s)
**   FracExp        - Conversion factor between bin size and observing time
**   Mode           - 0 if in Windowed Timing (WT)
**                    1 if in Photon Counting (PC)
**
**
**  Upper limits have an error listed as -1.00000.
**
*/
      BinCenter          BinHW           Rate      RateError        FracExp  Mode
   53479.314992       0.269685        9.18501        0.04835        0.09508     0
   53479.349948       0.034527        8.28170        0.58748        0.01765     1
   53874.684874       0.011560        7.95792        0.07907        0.71139     0
   53874.687669       0.003297        7.43865        0.22527        0.99892     1
   53876.191650       0.038885        9.22617        0.37621        0.04814     1
   53878.529989       0.106811       12.72534        0.05969        0.29022     0
   53879.575651       0.136152       14.03501        0.08246        0.09759     0
   53880.713498       0.270527       12.33458        0.05596        0.09376     0
   53880.914548       0.002789       10.57577        0.34912        0.99892     1
   53881.648894       0.270506       12.23231        0.05587        0.09384     0
   53882.756546       0.239945       10.85406        0.05379        0.10312     0
   53882.923780       0.000508        9.04171        0.64268        0.99892     1
   53883.152109       0.103212       10.94832        0.05597        0.24641     0
   53883.192015       0.063505       10.55266        1.61009        0.00165     1
   53884.156672       0.104413       10.14407        0.05942        0.18194     0
   53884.161704       0.039306        9.42603        0.16587        0.22740     1
   54273.153383       0.002513        7.15095        0.27151        0.98953     1
   54420.147509       0.039974        7.73414        0.12024        0.31485     1
   54427.131128       0.005636        9.19156        0.21019        0.99119     1
   54427.197116       0.006348        9.63769        0.20454        0.95667     1
   54434.755757       0.007437        9.96520        0.19609        0.99697     1
   54434.782890       0.036609       10.85734        0.13344        0.11192     0
   54744.284814       0.138079        7.05598        0.09383        0.14896     1
   54752.066250       0.034372        8.35880        0.15690        0.06870     0
   54752.070400       0.035849        7.81148        0.20675        0.13669     1
   54754.943607       0.033411        4.41182        0.87950        0.00245     0
   54754.946420       0.036183        5.93513        0.17055        0.15411     1
   54755.127149       0.067260        6.05197        0.18368        0.01838     0
   54755.128921       0.068996        5.66043        0.15619        0.07810     1
   54757.361214       0.034664        6.27817        0.15765        0.04790     0
   54757.363961       0.036023        6.38204        0.18723        0.11655     1
   54766.716480       0.000174        5.68691        0.49631        0.99104     0
   54766.722552       0.005883        5.50412        0.16311        0.98020     1
   54767.116410       0.000136        6.36883        0.55645        0.99260     0
   54767.122170       0.005607        5.32203        0.15382        0.98723     1
   54769.594830       0.000049        4.77352        0.93617        0.98606     0
   54769.601956       0.007059        4.54529        0.13397        0.98570     1
   54770.197475       0.000359        4.95030        0.31064        0.97997     0
   54770.203762       0.005912        4.52057        0.13718        0.93595     1
   54983.646841       0.067827        6.50480        0.15909        0.02892     0
   54983.651864       0.070361        5.98119        0.13251        0.12800     1
   54989.070607       0.005752        8.53297        0.10191        0.99748     0
   54996.282949       0.067659        7.80764        0.11272        0.08403     0
   54996.291594       0.072976        7.23586        0.10437        0.23651     1
   55005.016790       0.022972        7.50908        0.26185        0.03208     0
   55005.019032       0.024345        7.19642        0.19280        0.18549     1
   55007.565480       0.027280        9.19033        0.20786        0.07162     0
   55007.569580       0.028978        7.65931        0.23138        0.11730     1
   55010.004999       0.002658        8.87698        0.60640        0.26747     1
   55010.039489       0.035506        9.42682        0.09332        0.25232     0
   55013.187800       0.169852        9.00029        0.17706        0.01154     0
   55013.188974       0.170021        7.66004        0.24180        0.01951     1
   55016.528159       0.034306       11.11255        0.09954        0.27944     0
   55020.304518       0.002590       11.95788        0.18290        0.99689     0
   55020.309810       0.002687       11.55441        0.37228        0.99143     1
   55031.036966       0.006043        6.61238        0.17214        0.99243     1
   55038.933553       0.003490        7.69508        0.12544        0.99331     0
   55038.939357       0.002295        7.50918        0.31653        0.99461     1
   55045.343100       0.003750        9.29553        0.12919        0.99583     0
   55045.348421       0.001554        8.91104        0.37454        0.99514     1
   55052.830945       0.000174        7.87663        0.55757        0.99121     0
   55052.832848       0.001714        7.79239        0.33222        0.99452     1
   55059.590920       0.002025        8.89177        0.17326        0.99421     0
   55059.599240       0.006275        8.54197        0.19767        0.99530     1
   55066.113165       0.100023        9.76391        0.13269        0.06869     0
   55070.369158       0.007225        9.48400        0.10239        0.99519     0
   55087.057562       0.005634        6.27572        0.08592        0.99127     0
   55100.830201       0.141314        6.21565        0.03414        0.24972     0
   55318.545910       0.007546        4.58068        0.06487        0.98159     0
   55325.634663       0.006299        7.58477        0.09235        0.99219     0
   55332.388419       0.006016        6.10929        0.08290        0.99086     0
   55346.122632       0.006505        5.83091        0.08090        0.98710     0
   55353.617896       0.006392        4.96812        0.07478        0.98687     0
   55360.081057       0.036279        5.05100        0.07862        0.17016     0
   55367.669169       0.005952        4.08846        0.06896        0.98104     0
   55375.151577       0.006765        5.39203        0.07694        0.97947     0
   55381.308503       0.006739        5.97610        0.07797        0.99442     0
   55396.854561       0.006508        5.23090        0.07524        0.98933     0
   55404.002776       0.000436        5.73213        0.59286        0.99892     1
   55404.008580       0.004604        5.66328        0.09478        0.98869     0
   55409.023911       0.005929        4.61315        0.07484        0.98389     0
   55458.169853       0.037086        6.16384        0.07631        0.19693     0
   55463.692000       0.007283        9.23247        0.09177        0.99841     0
   55686.174317       0.006936        3.50927        0.05963        0.97414     0
   55693.191318       0.007286        2.54655        0.05072        0.97458     0
   55700.012592       0.005437        4.73430        0.08054        0.97765     0
   55714.953459       0.005547        4.96661        0.07923        0.98905     0
   55721.105888       0.005897        4.84710        0.07801        0.95977     0
   55728.585765       0.005897        2.71436        0.05834        0.96762     0
   55735.881369       0.006797        2.22729        0.04795        0.97531     0
   55742.418362       0.000315        2.62104        0.24173        0.96229     0
   55749.715615       0.005897        1.80476        0.04657        0.97547     0
   55763.447912       0.006212        2.95747        0.05857        0.97857     0
   55814.320239       0.105434       11.14251        0.10283        0.07808     0
   56036.519717       0.005778        9.32221        0.11909        0.99399     0
   56037.729286       0.008906        9.54716        0.08614        0.99805     0
   56051.427537       0.005752        7.90696        0.09642        0.99547     0
   56064.384025       0.006247        8.38278        0.09926        0.99676     0
   56067.391748       0.004080        6.95148        0.10702        0.99368     0
   56074.728664       0.035900        8.80357        0.08958        0.20646     0
   56075.460762       0.235058        6.08687        0.08149        0.02727     0
   56076.698022       0.005408        4.39948        0.07551        0.98448     0
   56078.439555       0.006039        7.58435        0.09364        0.99473     0
   56079.639530       0.070174        7.11543        0.08329        0.12335     0
   56094.393560       0.005726        5.99382        0.08787        0.98535     0
   56107.363439       0.005984       10.75661        0.11704        0.99758     0
   56128.362025       0.136542        8.32351        0.21540        0.04129     0
   56135.104885       0.006904        5.49086        0.07634        0.98575     0
   56179.942411       0.005466        4.27776        0.07453        0.98782     0
   56196.377691       0.339667        3.28537        0.05170        0.02543     0
   56420.495185       0.006189        3.46751        0.06239        0.97709     0
   56440.912274       0.038163        5.92225        0.07014        0.21037     0
   56443.578926       0.100223        5.39946        0.08254        0.05575     0
   56449.892966       0.001473        6.61090        0.20146        0.98846     0
   56461.371593       0.006183        8.01324        0.09405        0.99719     0
   56472.441403       0.005564        7.51775        0.09651        0.99272     0
   56476.372433       0.005347        7.92571        0.09978        0.99513     0
   56478.840143       0.003611        8.07960        0.12090        0.99789     0
   56479.312364       0.005694        7.21782        0.09258        0.99593     0
   56492.551343       0.005605        8.39048        0.09842        0.99484     0
   56499.629949       0.006157        7.64353        0.09247        0.99389     0
   56544.418258       0.203267        8.36658        0.09990        0.02865     0
   56549.691634       0.006273        8.04939        0.09404        0.99400     0
   56556.217175       0.006418        9.12959        0.09649        0.99910     0
   56563.692745       0.006560        6.95096        0.08702        0.99427     0
   56572.105529       0.006247        9.58172        0.10537        0.99491     0
   56779.289570       0.270130        3.57416        0.06594        0.02233     0
   56786.881629       0.003843        3.03385        0.07622        0.97738     0
   56793.733103       0.004369        2.98119        0.06905        0.97312     0
   56807.951247       0.005668        2.74800        0.06042        0.97243     0
   56821.139311       0.005813        3.68839        0.10837        0.94226     0
   56842.192063       0.005813        4.40953        0.07818        0.97760     0
   56848.557566       0.036155        3.29227        0.08131        0.14143     0
   56856.743407       0.070460        4.45293        0.06551        0.10342     0
   56863.532239       0.005255        5.76644        0.08800        0.98513     0
   56868.735517       0.008183        4.18004        0.06125        0.97737     0
   56871.957725       0.029074        4.14699        0.06431        0.28802     0
   56874.186642       0.008498        5.24874        0.06469        0.98468     0
   56877.858567       0.008793        6.50876        0.07162        0.99079     0
   56880.389904       0.008675        5.93376        0.07187        0.98699     0
   56913.446438       0.003325        5.95667        0.11255        0.98398     0
   56917.144947       0.032118        5.13458        0.06916        0.33261     0
   56917.183071       0.005781        5.18678        0.09629        0.97397     0
   56922.142834       0.034227        6.20766        0.07244        0.35253     0
   56922.246454       0.003553        5.47971        0.10408        0.98337     0
   57045.203772       0.172587        4.89432        0.05274        0.06962     0
   57052.084548       0.074465        4.19400        0.05176        0.14404     0
   57068.112028       0.034560        6.37962        0.09731        0.12832     0
   57071.540944       0.007662        5.55117        0.07092        0.98905     0
   57073.906489       0.037002        5.60649        0.06929        0.22239     0
   57080.156410       0.039227        4.79859        0.05864        0.24680     0
   57087.900233       0.398336        9.73707        0.09513        0.01936     0
   57091.492915       0.003614       11.96181        0.15009        0.99914     0
   57097.511522       0.042624        8.62834        0.09510        0.25609     0
   57099.470274       0.465139        7.06781        0.08300        0.01973     0
   57150.243108       0.004769        6.43174        0.09473        0.99150     0
   57171.617155       0.005058        5.46522        0.08771        0.98913     0
   57178.935755       0.003125        4.57958        0.10374        0.98639     0
   57185.716732       0.005466        4.44521        0.07518        0.98306     0
   57219.644597       0.002633        4.10486        0.35370        0.89722     0
   57227.856788       0.034517        4.57768        0.16551        0.03416     0
   57235.937077       0.003183        6.97029        0.20391        0.95769     0
   57249.526277       0.030654        7.58327        0.09963        0.18076     0
   57254.935037       0.005234        8.55514        0.10461        0.99502     0
   57259.360473       0.099225        8.18736        0.11238        0.04288     0
   57270.817742       0.035700       10.31520        0.10169        0.19128     0
   57273.049348       0.005489       11.63214        0.11813        0.99895     0
   57274.213410       0.101131        9.33312        0.10986        0.05386     0
   57276.831953       0.001383        8.83677        0.20674        1.00000     0
   57281.883702       0.005868        9.33073        0.10248        0.99803     0
   57302.154730       0.008464       13.14467        0.11882        0.71461     0
   57304.142541       0.005781        9.73308        0.10502        0.99750     0
   57306.173585       0.036803       13.32684        0.13214        0.15126     0
   57307.142617       0.005955       11.21499        0.17409        0.97425     0
   57308.136057       0.005576       11.23175        0.11982        0.99844     0
   57311.997914       0.005553       11.66627        0.11775        0.99792     0
   57314.283580       0.034699       10.16533        0.08020        0.33154     0
   57321.790000       0.005113       12.77284        0.25834        0.99925     1
   57322.856913       0.004855        9.37048        0.11283        0.99702     0
   57325.051260       0.000813        9.23453        0.51590        0.99090     1
   57326.483275       0.036861       13.56690        0.10626        0.21121     0
   57328.543288       0.371288        9.33852        0.10953        0.01479     0
   57332.090355       0.007517       12.20872        0.11039        0.99885     0
   57332.431246       0.003457       12.46862        0.30948        0.99710     1
   57333.089320       0.009248       18.51845        0.59773        0.80851     0
   57334.112933       0.034253       11.49222        0.08133        0.33798     0
   57335.744156       0.005839       10.22503        0.16070        0.97820     0
   57338.673263       0.001560       10.55118        0.21842        0.99576     0
   57341.934184       0.006097       17.08798        0.16474        0.99668     0
   57342.981957       0.005781        8.98770        0.10311        0.99750     0
   57344.058573       0.006707       12.30844        0.10923        0.99957     0
   57347.913079       0.005639        7.54433        0.09398        0.99333     0
   57350.897612       0.005839        6.37814        0.09043        0.98457     0
   57353.350759       0.005935       19.15981        0.15113        0.99951     0
   57354.081617       0.005781       14.55501        0.22423        0.97598     0
   57355.076658       0.005781       10.96544        0.11369        0.99900     0
   57356.813549       0.005891        8.19867        0.09777        0.99509     0
   57359.599484       0.006065       10.24912        0.10804        0.99714     0
   57363.061380       0.003209       10.76976        0.15167        0.99825     0
   57373.981423       0.004685       11.87142        0.12889        0.99753     0
   57379.363612       0.005813       11.99824        0.11699        0.99851     0
   57382.750408       0.005813       23.21657        0.16169        1.00000     0
   57384.914380       0.026076       17.97384        0.14302        0.22104     0
   57386.803782       0.006594       13.45922        0.13160        0.99868     0
   57388.075110       0.003961       14.37355        0.15472        0.99979     0
   57389.467936       0.005639        8.27355        0.09876        0.99590     0
   57390.469882       0.005810        7.39329        0.10172        0.99054     0
   57391.388749       0.005666        9.55675        0.10526        0.99694     0
   57394.075979       0.037196        5.97170        0.07062        0.21798     0
   57397.101336       0.005579        9.16221        0.10508        0.99741     0
   57400.763971       0.002486        8.06699        0.14775        0.99532     0
   57403.613376       0.007457        5.00615        0.06870        0.98719     0
   57406.814979       0.000289        4.40690        0.32959        0.98045     0
   57409.002760       0.000436        7.40656        0.62523        0.99892     1
   57409.007411       0.003701        8.75999        0.12452        0.99571     0
   57413.686430       0.103805        3.40740        0.04762        0.10045     0
   57416.574145       0.003640        4.03006        0.08805        0.98686     0
   57427.732686       0.171435        7.25058        0.07258        0.05355     0
   57431.119961       0.637674        8.58162        0.11051        0.01274     0
   57433.451446       0.036745        8.06934        0.07877        0.23252     0
   57436.606585       0.007289        8.04980        0.08501        0.99563     0
   57440.721060       0.008759        7.60763        0.07700        0.99306     0
   57442.978180       0.008585       10.79885        0.09254        0.99764     0
   57445.769977       0.008475       10.13575        0.09020        0.99727     0
   57448.201304       0.036889       10.94385        0.09956        0.22101     0
   57451.523810       0.101146       10.47717        0.09024        0.09286     0
   57454.808416       0.006826        7.49811        0.08502        0.99618     0
   57461.713153       0.008325        7.68490        0.08062        0.99444     0
   57508.167053       0.005784       13.43246        0.12462        0.99950     0
   57508.402607       0.036704       13.68093        0.11351        0.18845     0
   57509.177948       0.005376       13.23993        0.13069        0.99946     0
   57509.429354       0.005350       11.27363        0.11960        0.99784     0
   57510.162645       0.005379        8.77488        0.10465        0.99623     0
   57510.433768       0.005784        7.31170        0.09527        0.98849     0
   57511.160681       0.005955        7.69409        0.09309        0.99466     0
   57511.429480       0.006591        7.64725        0.08796        0.99605     0
   57512.164374       0.005726        7.53922        0.09317        0.99394     0
   57512.426492       0.005437        7.37976        0.12978        0.97445     0
   57514.756241       0.005521        7.42130        0.09771        0.99214     0
   57517.136023       0.004222        9.20913        0.12049        0.99807     0
   57531.181104       0.005697       10.18252        0.10988        0.99949     0
   57535.637421       0.005634       13.12456        0.12679        0.99795     0
   57543.279134       0.005781       12.21770        0.17049        0.98849     0
   57545.068350       0.005231       16.27452        0.14821        1.00000     0
   57545.655226       0.005781       18.57792        0.14454        0.99950     0
   57546.228239       0.103669       16.36095        0.12743        0.06430     0
   57546.568872       0.035295       16.13302        0.13634        0.16030     0
   57547.166986       0.037856       16.77558        0.13779        0.15642     0
   57547.994715       0.005286       19.68032        0.15621        1.00000     0
   57548.059585       0.005694       20.54920        0.15652        1.00000     0
   57548.845404       0.005781       20.92770        0.15546        1.00000     0
   57549.712369       0.004308       13.76021        0.14393        0.99943     0
   57550.188199       0.005553       14.16398        0.13126        0.99948     0
   57550.979716       0.004997       17.41292        0.15125        1.00000     0
   57552.140282       0.024430       18.38965        0.14517        0.23562     0
   57552.763758       0.005781       19.41961        0.15208        0.99950     0
   57553.101125       0.005116       21.28286        0.16480        1.00000     0
   57553.333675       0.030524       18.63451        0.16687        0.37513     0
   57553.969675       0.004627       17.81767        0.16146        1.00000     0
   57554.396232       0.037060       16.72088        0.10623        0.30437     0
   57555.363702       0.067506       22.06891        0.11439        0.16655     0
   57557.779561       0.031635       20.27978        0.17120        0.15444     0
   57558.621683       0.071349       15.42706        0.23644        0.10742     1
   57564.056040       0.002225       13.49183        0.20069        0.99816     0
   57566.994911       0.001589       12.31157        0.22367        0.99943     0
   57569.770041       0.002833       17.87420        0.26837        0.99898     0
   57570.706149       0.005781       21.77523        0.15715        1.00000     0
   57571.240415       0.002604       25.03162        0.25152        0.99938     0
   57580.364812       0.004627       18.81000        0.16512        1.00000     0
   57582.293283       0.005987       14.32601        0.12453        0.99903     0
   57584.321995       0.035648       11.78395        0.11026        0.18171     0
   57586.613750       0.005694       13.62813        0.12451        1.00000     0
   57588.405612       0.070768       12.16379        0.20056        0.11516     1
   57589.472224       0.003469       10.82179        0.14393        0.99763     0
   57592.524218       0.005639       10.13694        0.10911        0.99795     0
   57598.169034       0.008678       18.82808        0.11803        0.99967     0
   57599.692872       0.005784       13.48757        0.12790        0.99900     0
   57600.892499       0.008154       16.90327        0.11802        0.99965     0
   57602.150236       0.006016       17.89306        0.14260        1.00000     0
   57603.778400       0.036166       10.41241        0.09312        0.22996     0
   57606.996580       0.003385        5.52771        0.10902        0.98388     0
   57609.991661       0.004829       10.52568        0.12023        0.99820     0
   57612.246053       0.009456        7.55232        0.07542        0.99357     0
   57618.493594       0.265356        8.84281        0.08432        0.03334     0
   57621.212983       0.007807        8.32390        0.14159        0.95145     0
   57631.798955       0.005897        8.38205        0.13546        0.98381     0
   57634.092115       0.037717        5.25802        0.06735        0.22107     0
   57654.758329       0.032161       10.62113        0.11370        0.17869     0
   57656.109647       0.005781       10.55127        0.11948        0.99700     0
   57657.293287       0.005784       11.86858        0.11543        0.99700     0
   57660.291715       0.006189        6.50354        0.08360        0.99252     0
   57663.016120       0.005379       12.59555        0.12378        1.00000     0
   57668.664503       0.006331       10.66526        0.10547        0.99817     0
   57670.419524       0.305443        7.29411        0.08940        0.01973     0
   57682.697566       0.005203        9.94318        0.11317        0.99833     0
   57684.195187       0.167266       11.23492        0.11767        0.03341     0
   57691.525986       0.005231       17.20631        0.14593        0.99945     0
   57692.529839       0.005781       20.94269        0.15335        1.00000     0
   57693.119518       0.004080       14.61500        0.32823        0.96065     0
   57694.062844       0.005897       15.41312        0.21573        0.98626     0
   57695.248573       0.006244       10.13152        0.10469        0.99768     0
   57696.175179       0.006042       10.85943        0.10895        0.99904     0
   57697.238667       0.005090       14.32977        0.13462        1.00000     0
   57700.361136       0.003443        9.67139        0.13770        0.99594     0
   57703.960991       0.002894       14.88960        0.18680        0.99916     0
   57707.070498       0.004511       20.48381        0.17165        0.99905     0
   57711.586656       0.005697       17.53439        0.15181        1.00000     0
   57712.842795       0.004427       19.08891        0.22572        0.99944     0
   57713.838059       0.004308       10.84098        0.13135        0.99726     0
   57714.835217       0.004363       16.50335        0.27153        0.97850     0
   57715.830812       0.005984       10.28613        0.12736        0.99516     0
   57716.829884       0.004164       11.40094        0.14141        0.99651     0
   57722.306947       0.104120       13.14438        0.10075        0.08945     0
   57734.423037       0.035992       16.07076        0.11569        0.21545     0
   57737.117001       0.006591       10.91101        0.11102        0.99781     0
   57740.628733       0.401814        7.33175        0.08395        0.02308     0
   57743.091818       0.009543        7.35438        0.07229        0.99303     0
   57751.064568       0.008359       12.70786        0.09927        0.99931     0
   57754.082510       0.037622       13.70783        0.09593        0.25706     0
   57760.092179       0.003614       20.96947        0.19277        0.99996     0
   57761.548885       0.005781       14.11346        0.17697        0.99299     0
   57763.547305       0.003385        7.00404        0.11685        0.99193     0
   57764.543096       0.002688        8.34903        0.14308        0.99648     0
   57766.203337       0.008469        8.00663        0.07895        0.99522     0
   57773.039936       0.008649       11.41597        0.09326        1.00000     0
   57787.117111       0.036366        8.40334        0.10531        0.17441     0
   57789.405763       0.006039        7.16116        0.09032        0.99617     0
   57793.988052       0.005666        7.66507        0.09618        0.98979     0
   57797.034518       0.005726        7.61049        0.09854        0.99596     0
   57900.051040       0.034369       12.66212        0.10519        0.23725     0
   57904.002760       0.000436        9.75051        0.76813        0.99892     1
   57904.403233       0.399523       11.32249        0.10757        0.02050     0
   57908.092661       0.037159       11.15482        0.14179        0.21866     0
   57916.410914       0.008530       13.35567        0.10027        0.99932     0
   57921.301037       0.363542       14.60514        0.09635        0.02887     0
   57924.581897       0.277115       15.79864        0.12757        0.03462     0
   57925.240149       0.005663       15.75437        0.13744        0.99949     0
   57926.445127       0.005544       20.23608        0.24288        0.44299     0
   57927.299700       0.005813       23.28758        0.16539        0.99950     0
   57928.195697       0.170938       25.50717        0.15715        0.05016     0
   57928.965490       0.005793       19.36298        0.14974        1.00000     0
   57929.633019       0.005836       19.92096        0.17417        1.00000     0
   57930.893955       0.005376       19.47216        0.16327        1.00000     0
   57931.491510       0.203626       17.88861        0.17933        0.02711     0
   57947.556962       0.036073       18.27725        0.13447        0.19083     0
   57950.105358       0.005726       15.35145        0.13445        0.99949     0
   57953.496340       0.005752       15.42687        0.13410        0.99899     0
   57956.288440       0.005984       11.05085        0.11343        0.99903     0
   57959.575295       0.166372        9.84024        0.11377        0.03091     0
   57964.989835       0.666406       17.73276        0.13126        0.01090     0
   57968.806188       0.168113       18.78718        0.17077        0.03528     0
   57971.876507       0.005408       27.96845        0.18295        0.99946     0
   57973.348977       0.069769       22.80772        0.19239        0.08422     0
   57975.174906       0.037595       19.99080        0.13438        0.19559     0
   57979.119868       0.005810       22.90390        0.21229        1.00000     0
   57980.390642       0.002399       18.39747        0.22605        0.99959     0
   58000.569142       0.035674       29.41608        0.20921        0.16114     0
   58004.916316       0.131580       27.20225        0.18988        0.03997     0
   58008.967550       0.003987       38.43047        0.25994        0.99930     0
   58012.212885       0.005862       29.42726        0.18127        1.00000     0
   58015.129003       0.007109       21.55434        0.14097        1.00000     0
   58016.323296       0.005842       18.71704        0.14550        0.99950     0
   58017.186140       0.006212       29.74318        0.68820        0.89660     0
   58018.523332       0.005836       18.45135        0.14462        1.00000     0
   58019.453798       0.003817       21.19172        0.19022        0.99875     0
   58020.384755       0.006215       22.00018        0.15202        1.00000     0
   58021.643746       0.006910       20.93778        0.14046        1.00000     0
   58033.129680       0.005000       15.58477        0.14171        1.00000     0
   58047.831639       0.004456       37.69583        0.23622        0.99954     0
   58051.833973       0.100715       34.60988        0.78411        0.05093     0
   58057.313353       0.006073       10.64933        0.12165        0.99762     0
   58061.368494       0.006476       11.73880        0.11009        0.99955     0
   58063.029725       0.005697        9.35080        0.10456        0.99695     0
   58066.142832       0.005755        8.97015        0.10216        0.99899     0
   58069.806286       0.006881        7.57044        0.08630        0.99075     0
   58100.569843       0.005813       23.97545        0.16328        1.00000     0
   58101.167856       0.005749       29.06665        0.18071        0.99950     0
   58103.344791       0.005781       25.56798        0.17146        1.00000     0
   58105.237751       0.034450       20.09449        0.16913        0.17127     0
   58109.786694       0.004942       22.92150        0.17642        1.00000     0
   58113.172227       0.006215       25.60717        0.16715        1.00000     0
   58119.480240       0.005842       18.66575        0.14671        1.00000     0
   58125.887259       0.703692       22.71052        0.12610        0.01303     0
   58131.370744       0.006331       30.36555        0.17730        1.00000     0
   58135.281055       0.005726       18.10182        0.14300        0.99949     0
   58148.589355       0.005781       18.89120        0.15095        0.99950     0
   58154.899794       0.005726       32.62311        0.19082        1.00000     0
   58158.347923       0.002807       28.24523        0.25553        0.99923     0
   58162.721310       0.005784       19.54476        0.14810        1.00000     0
   58166.842102       0.005810       12.33234        0.15264        0.99203     0
   58170.289574       0.005553       16.61295        0.14195        1.00000     0
   58178.989003       0.003325       12.22540        0.18657        0.99704     0
   58182.836455       0.005668        9.88560        0.11120        0.99592     0
   58186.223693       0.006160        8.99500        0.09830        0.99859     0
   58223.597001       0.426577       19.82485        0.15171        0.01405     0
   58227.015866       0.004280       20.37959        0.17832        0.99937     0
   58230.140118       0.005697       22.43695        0.16407        0.99898     0
   58233.181379       0.006120       19.88531        0.34051        0.19383     0
   58236.302838       0.006157       25.63871        0.16504        1.00000     0
   58237.962797       0.005929       19.55843        0.14544        1.00000     0
   58239.895906       0.004080       16.56041        0.16268        0.99935     0
   58251.929725       0.005666       16.10552        0.13869        0.99949     0
   58254.093086       0.038116       13.56369        0.13145        0.14458     0
   58257.248167       0.006646       14.84205        0.16874        0.99434     0
   58258.775691       0.006244       17.37522        0.16547        0.99907     0
   58260.566231       0.006652       18.31664        0.20118        0.99217     0
   58263.484881       0.006073       12.26251        0.13684        0.99428     0
   58265.268979       0.005321       15.36062        0.13680        0.99891     0
   58266.476783       0.005836       16.92623        0.13986        0.99950     0
   58272.253873       0.005839       16.25424        0.13740        0.99851     0
   58277.816743       0.003380       13.69409        0.21490        0.99478     0
   58279.208134       0.005726       14.47445        0.12920        0.99848     0
   58279.676139       0.005813       13.82846        0.12730        1.00000     0
   58283.658730       0.005813       12.00319        0.12174        0.99801     0
   58286.381371       0.005405       10.74115        0.16069        0.98126     0
   58286.956790       0.103591       12.43471        0.12316        0.05748     0
   58289.700161       0.006071       11.48895        0.11922        0.99762     0
   58301.816298       0.069094       12.63416        0.09890        0.12112     0
   58307.652182       0.001299       16.01109        0.35565        0.99629     0
   58310.444684       0.004598       26.97611        0.41398        0.97960     0
   58312.823625       0.006215       18.49126        0.16039        0.99814     0
   58314.551386       0.006244       21.54992        0.14860        1.00000     0
   58316.283410       0.006157       17.56134        0.14493        0.99953     0
   58321.320164       0.005521       18.38121        0.14772        0.99895     0
   58324.838558       0.005868       25.29861        0.17311        0.99951     0
   58328.821593       0.005489       21.11368        0.16139        1.00000     0
   58332.002760       0.000436       14.13209        0.97052        0.99892     1
   58332.007764       0.004054       17.68238        0.20925        0.99729     0
   58335.402854       0.006157       16.08664        0.13372        0.99953     0
   58339.311648       0.005668       18.81463        0.16779        1.00000     0
   58342.404442       0.029554       17.77576        0.23631        0.12982     0
   58353.344833       0.003759       22.12820        0.25836        0.99924     0
   58356.534451       0.005784       27.47493        0.18103        1.00000     0
   58360.488142       0.038247       20.19488        0.14590        0.16613     0
   58363.838636       0.005804       18.62707        0.15816        0.99950     0
   58367.613609       0.006505       28.86946        0.17141        0.99956     0
   58373.458013       0.005145       30.07450        0.19681        0.99944     0
   58377.515890       0.006302       35.89160        0.19155        1.00000     0
   58381.915489       0.036551       27.19552        0.16075        0.18674     0
   58384.817328       0.006244       18.27339        0.13793        0.99954     0
   58391.583529       0.006013       16.00406        0.13091        1.00000     0
   58403.325188       0.035906       16.96590        0.14391        0.15336     0
   58462.021783       0.037225       12.62470        0.11253        0.17482     0
   58465.316061       0.003819       16.90248        0.17020        0.99955     0
   58469.497602       0.005868       18.10692        0.14371        0.99951     0
   58473.477321       0.006016       19.30160        0.14554        1.00000     0
   58477.452410       0.201019       16.73366        0.12388        0.03599     0
   58480.705003       0.403302       14.44507        0.07145        0.04624     0
   58485.618342       0.269844       14.15658        0.09569        0.03796     0
   58489.200700       0.006244       13.66881        0.11975        0.99861     0
   58493.316490       0.006421       16.17723        0.12854        1.00000     0
   58497.035229       0.004340       15.41753        0.15084        0.99967     0
   58507.189665       0.102656       18.85536        0.18109        0.06211     0
   58511.802696       0.005631       23.88313        0.16490        0.99949     0
   58515.448011       0.005457       18.31269        0.14791        0.99947     0
   58519.768542       0.005749       13.97562        0.12761        0.99950     0
   58523.213515       0.001758       15.02623        0.48653        0.99351     1
   58527.460261       0.005694       21.30059        0.15978        0.99898     0
   58531.182758       0.006100       31.44300        0.18432        1.00000     0
   58539.269661       0.000341       27.24057        2.35077        0.89906     0
   58539.275275       0.005258       19.91390        0.31876        0.99825     1
   58543.920502       0.005865       16.80209        0.16972        0.99901     0
   58549.767138       0.004392       23.09212        0.19245        0.99995     0
   58561.274928       0.270159       19.20489        0.13068        0.02832     0
   58565.194347       0.005611       15.22832        0.13481        0.99948     0
   58569.769146       0.005842       11.61865        0.12100        0.99851     0
   58573.943740       0.005553       13.82679        0.12695        1.00000     0
   58577.865808       0.005694       12.74652        0.12890        0.99898     0
   58581.377378       0.005260       16.39332        0.14229        1.00000     0
   58585.434476       0.005784       14.60795        0.19244        0.98899     0
   58589.276727       0.005897       15.06318        0.13199        0.99853     0
   58593.723758       0.006071       19.16475        0.23122        0.99285     0
   58595.127665       0.005639       19.97596        0.15822        0.99949     0
   58609.747262       0.136030       17.60959        0.14349        0.04185     0
   58610.910453       0.033979       19.77940        0.19717        0.17036     0
   58616.116467       0.005749       23.85850        0.16398        1.00000     0
   58623.221979       0.005752       24.26698        0.17907        0.99899     0
   58630.733386       0.004080       11.77498        0.14089        0.99728     0
   58637.692993       0.005579       16.04633        0.14167        0.99948     0
   58644.666673       0.005553       10.58863        0.11841        0.99687     0
   58651.697029       0.005749       11.95550        0.11614        0.99799     0
   58665.721817       0.005726       13.85716        0.12545        0.99899     0
   58672.821529       0.004858       18.69127        0.59174        0.88469     0
   58679.730127       0.005984       16.66066        0.13387        0.99952     0
   58689.292490       0.003354       10.90073        0.14716        0.99664     0
   58693.960931       0.039065       14.63090        0.10074        0.39632     0
   58694.332450       0.009196       15.00017        0.11990        0.99843     0
   58700.705067       0.005321       13.53788        0.12941        0.99782     0
   58702.691251       0.005929       14.74116        0.13294        1.00000     0
   58715.993806       0.006186       11.49162        0.11128        0.99953     0
   58728.612864       0.335058       10.97796        0.12889        0.01318     0
   58735.366790       0.004737       10.79293        0.12324        0.99878     0
   58742.672449       0.005321       11.68917        0.12049        0.99837     0
   58749.640559       0.005260       14.52713        0.13626        0.99945     0
   58766.496374       0.104991       15.35114        0.15301        0.04076     0
   58770.435553       0.006073       12.32231        0.11662        0.99905     0
   58777.611210       0.005460       16.75251        0.14030        1.00000     0
   58784.572112       0.005663       17.81579        0.14383        0.99949     0
   58791.411329       0.003961       20.30501        0.18367        0.99818     0
   58801.239878       0.005231       16.25792        0.14732        1.00000     0
   58805.017951       0.002752       19.58372        0.22081        0.99902     0
   58846.846183       0.006565       12.74324        0.11164        0.99912     0
   58850.970433       0.005231       10.60851        0.11544        0.99723     0
   58854.153014       0.005984       12.93845        0.11838        0.99903     0
   58874.087952       0.005061       19.91318        0.15992        1.00000     0
   58878.940281       0.005524       16.46088        0.17708        0.99738     0
   58892.146735       0.003961       11.44697        0.13800        0.99672     0
   58896.120950       0.005408       12.49986        0.13563        0.99839     0
   58900.704447       0.005234       13.57268        0.13032        1.00000     0
   58908.996370       0.003617       14.81960        0.16467        0.99957     0
   58920.970434       0.001785       13.34277        0.23014        0.99836     0
   58924.619954       0.005694        9.40097        0.12942        0.99187     0
   59001.426563       0.005350       11.61427        0.11976        0.99838     0
   59005.540711       0.005813       11.71403        0.12502        0.99900     0
   59009.180908       0.005868       10.22839        0.10748        0.99408     0
   59021.619336       0.136218       10.86739        0.10105        0.05150     0
   59025.807821       0.003264       12.02850        0.15964        0.99786     0
   59029.975306       0.005023       11.16522        0.12198        0.99770     0
   59033.493478       0.005113       12.00380        0.13453        0.99604     0
   59037.273643       0.004797       12.71949        0.13617        0.99879     0
   59045.943971       0.032862       14.42139        0.12886        0.17569     0
   59046.894279       0.005781       14.42333        0.12683        0.99900     0
   59047.042717       0.004511       14.28117        0.14636        0.99994     0
   59047.307964       0.005226       13.66126        0.13323        0.99945     0
   59048.503375       0.004951       11.32903        0.12603        0.99825     0
   59049.896675       0.001907       10.07208        0.21950        0.99299     0
   59057.183284       0.005602       12.95870        0.12900        0.99845     0
   59061.033234       0.005639       13.66923        0.12721        0.99846     0
   59064.090000       0.003759       15.15836        0.16316        0.99619     0
   59073.075979       0.005231       11.87696        0.15284        0.99336     0
   59079.376437       0.004797       16.71686        0.15720        0.99879     0
   59081.831897       0.000663       13.02051        0.35906        0.99749     0
   59086.948911       0.004540        8.65067        0.11408        0.99809     0
   59093.772167       0.004887        9.74289        0.11584        0.99645     0
   59097.028175       0.005145       13.20049        0.13082        0.99775     0
   59102.066322       0.005868       12.20371        0.11668        0.99753     0
   59105.986080       0.006276       14.65588        0.12695        0.99816     0
   59109.900786       0.004080       13.39470        0.14709        0.99721     0
   59113.687607       0.005405       14.08057        0.13097        0.99946     0
   59114.084701       0.002775       13.01530        0.17475        0.99851     0
   59125.926292       0.002862       10.99783        0.16090        0.99745     0
   59126.119008       0.002517       11.48743        0.18000        0.99711     0
   59132.082918       0.003151       15.16841        0.17659        0.99984     0
   59137.535088       0.408660       11.19441        0.12038        0.01615     0
   59140.855741       0.002572        9.60025        0.15892        0.99340     0
   59143.907993       0.005868        8.83591        0.09996        0.99507     0
   59146.896356       0.005000        7.86201        0.10262        0.99537     0
   59149.874364       0.006160       10.14179        0.10477        0.99483     0
   59152.999915       0.004256        7.83879        0.13735        0.64868     0
   59155.984156       0.005373        9.37369        0.10730        0.99677     0
   59158.899382       0.006157        8.76742        0.09713        0.99342     0
   59161.884865       0.006071        9.36806        0.10073        0.99857     0
   59164.903805       0.036444       12.27044        0.14046        0.15460     0
   59184.863243       0.004771        8.19892        0.11252        0.99272     0
   59187.862574       0.005495        8.04747        0.09860        0.99368     0
   59190.848730       0.005434        7.91636        0.09895        0.99308     0
   59193.834164       0.005379        8.10851        0.09990        0.99301     0
   59196.886172       0.005489        7.76431        0.09660        0.99631     0
   59199.871200       0.005177        9.21185        0.11408        0.98882     0
   59202.855662       0.005405        8.02286        0.10242        0.99197     0
   59208.881368       0.005428        9.07155        0.10761        0.99467     0
   59227.960411       0.005521        5.34962        0.08255        0.98375     0
   59230.816511       0.004311        5.27376        0.09303        0.98591     0
   59233.802766       0.005521        5.43325        0.08306        0.98166     0
   59236.182873       0.006010        5.22241        0.08651        0.97448     0
   59239.699943       0.005582        6.94216        0.09644        0.99274     0
   59242.885712       0.005258        8.93691        0.10806        0.99450     0
   59245.930200       0.005177        9.66554        0.13686        0.99609     0
   59248.528380       0.209100       11.69790        0.10556        0.03380     0
   59251.445049       0.005608       12.56566        0.12274        0.99845     0
   59254.369645       0.006039        8.82647        0.10189        0.99521     0
   59281.195233       0.006826        6.08129        0.07859        0.99067     0
   59285.238080       0.006282        9.00386        0.09939        0.99770     0
   59289.154395       0.006016       12.05422        0.11558        0.99904     0
   59293.537308       0.341157       11.21559        0.10041        0.02186     0
   59297.179196       0.002749       13.28335        0.17847        0.99798     0
   59301.225311       0.067700       11.96820        0.11936        0.08269     0
   59305.212514       0.005984       15.37621        0.14937        0.99758     0
   59309.121365       0.002948       11.17381        0.15795        0.99841     0
   59313.103260       0.006447       15.61182        0.12505        0.99955     0
   59317.156673       0.005113       12.91424        0.13638        0.99887     0
   59433.993952       0.006042       11.91812        0.12860        0.98515     0
   59438.379341       0.201183        8.21743        0.10574        0.02976     0
   59442.551123       0.005813        9.36893        0.10285        0.99751     0
   59451.511658       0.133466        9.65630        0.14277        0.02441     0
   59455.548590       0.004884       10.10698        0.11733        0.99763     0
   59494.126224       0.068200        5.30419        0.07830        0.08886     0
   59496.186579       0.005055        5.16359        0.08601        0.97252     0
   59497.776741       0.005177        4.90175        0.08145        0.98323     0
   59513.154493       0.005923        3.12878        0.06195        0.96287     0
   59515.156786       0.005003        2.55880        0.06119        0.95778     0
   59517.145833       0.005553        2.74107        0.06001        0.96925     0
   59519.191338       0.005148        3.28307        0.06820        0.97133     0
   59521.125310       0.005205        3.23091        0.06612        0.97165     0
   59523.180852       0.005255        3.25810        0.06893        0.97026     0
   59572.449765       0.305781        3.98506        0.05899        0.02891     0
   59590.882423       0.007833        6.21737        0.07615        0.98596     0
   59697.618016       0.000495        7.27099        0.32202        0.97931     0
   59697.623146       0.004619        6.22225        0.18541        0.98949     1
   59698.817854       0.000148        7.55784        0.95472        0.90014     0
   59698.823570       0.005549        6.54943        0.18792        0.98143     1
   59699.888983       0.005107        8.84773        0.10852        0.99320     0
   59699.894271       0.000160        8.19010        1.13767        0.95470     1
   59700.870451       0.004543        8.67717        0.11307        0.99554     0
   59700.875353       0.000334        7.16826        0.72365        0.96914     1
   59701.603079       0.001687        9.50144        0.20983        0.99399     0
   59701.608283       0.003501        8.40278        0.25277        0.99313     1
   59702.527334       0.005255       10.87350        0.11731        0.99725     0
   59703.389335       0.005107       11.15890        0.11969        0.99717     0
   59704.555619       0.031181       10.30507        0.10749        0.19572     0
   59705.180074       0.000747        9.99409        0.29626        0.99998     0
   59705.186229       0.005389        8.50314        0.19137        0.99437     1
   59742.725809       0.005402       16.02140        0.17705        0.99572     0
   59743.918393       0.005200       10.90485        0.11784        0.99777     0
   59744.581631       0.004482       10.36445        0.12460        0.99550     0
   59745.910812       0.003640       10.02338        0.13756        0.99855     0
   59745.915905       0.001438        9.35509        0.42365        0.99256     1
   59746.509103       0.000408        9.37261        0.40174        0.98980     0
   59746.513784       0.004256        7.83605        0.22010        0.99374     1
   59747.500536       0.000304        9.89821        0.47495        0.99318     0
   59747.506665       0.005810        7.94460        0.18708        0.99970     1
   59756.048377       0.005090       10.08536        0.11398        0.99716     0
   59762.622321       0.004068        9.71141        0.12633        0.99867     0
   59768.681458       0.092810        7.40744        0.10329        0.05085     0
   59774.947012       0.005026        8.98179        0.12573        0.99252     0
   59780.172198       0.004878        8.48427        0.10851        0.98992     0
   59792.857112       0.005385        9.03198        0.11660        0.98872     0
   59798.035774       0.005200        8.65096        0.10610        0.99555     0
   59814.654986       0.004731        8.79805        0.11337        0.99633     0
   59819.765290       0.004829       10.33854        0.11936        0.99760     0
   59824.343291       0.005318       10.44171        0.11535        0.99510     0
   59829.106194       0.066722        7.18195        0.10532        0.11323     0
   59834.603601       0.005781        7.76232        0.09430        0.99449     0
   59851.002760       0.000436        6.18660        0.60735        0.96559     1
   59851.007061       0.003351        7.36512        0.16375        0.97706     0
   59878.218602       0.000735        7.79734        0.26643        0.99110     0
   59878.223872       0.004517        7.04231        0.18972        0.99571     1
   59879.746658       0.005405        7.84221        0.09821        0.99143     0
   59880.016559       0.000859        7.31323        0.23756        0.98799     0
   59880.021909       0.004474        7.22138        0.19331        0.99736     1
   59881.406405       0.000318        7.52683        0.41078        0.99091     0
   59881.411700       0.004953        6.67799        0.17800        0.99505     1
   59882.136886       0.001568        7.43398        0.17816        0.99623     0
   59882.141103       0.002629        7.26013        0.25631        0.98486     1
   60109.954894       0.004829       17.14358        0.20470        0.99760     0
   60113.986903       0.005451       11.69708        0.12128        0.99894     0
   60117.939963       0.005634       12.08449        0.12449        0.99795     0
   60121.982182       0.005318       12.93345        0.13263        0.99782     0
   60125.945458       0.005900       16.88237        0.14206        0.99951     0
   60130.030326       0.005781       18.66273        0.14608        0.99850     0
   60133.939611       0.005521       22.54114        0.17793        1.00000     0
   60137.971355       0.002951       22.81320        0.22415        0.99641     0
   60138.622805       0.004939       20.81700        0.17499        0.99883     0
   60149.946330       0.005052       15.38971        0.14274        0.99943     0
   60153.974459       0.005405       21.79801        0.16602        0.99946     0
   60159.918236       0.006042       23.11935        0.16577        1.00000     0
   60163.959374       0.005177       21.15661        0.16433        1.00000     0
