61202.50  3.50  6.46e-08  0.00e+00    0.00    0.00
61209.50  3.50  1.81e-07  0.00e+00    0.00    0.00
61216.50  3.50  2.59e-08  0.00e+00    0.00    0.00
61223.50  3.50  1.71e-07  0.00e+00    0.00    0.00
61230.50  3.50  9.07e-08  0.00e+00    0.00    0.00
61237.50  3.50  2.05e-08  0.00e+00    0.00    0.00
61244.50  3.50  1.78e-07  0.00e+00    0.00    0.00
61251.50  3.50  1.97e-08  0.00e+00    0.00    0.00
61258.50  3.50  1.19e-07  0.00e+00    0.00    0.00
61265.50  3.50  3.48e-08  0.00e+00    0.00    0.00
61272.50  3.50  4.11e-08  0.00e+00    0.00    0.00
61279.50  3.50  1.01e-07  0.00e+00    0.00    0.00
61286.50  3.50  9.37e-08  0.00e+00    0.00    0.00
61293.50  3.50  1.66e-08  0.00e+00    0.00    0.00
