61209.50  3.50  1.71e-09  0.00e+00    0.00    0.00
61216.50  3.50  3.39e-09  0.00e+00    0.00    0.00
61223.50  3.50  2.04e-09  0.00e+00    0.00    0.00
61230.50  3.50  3.34e-09  0.00e+00    0.00    0.00
61237.50  3.50  8.11e-09  0.00e+00    0.00    0.00
61244.50  3.50  2.69e-09  0.00e+00    0.00    0.00
61251.50  3.50  7.43e-09  0.00e+00    0.00    0.00
61258.50  3.50  1.39e-09  0.00e+00    0.00    0.00
61265.50  3.50  4.50e-09  0.00e+00    0.00    0.00
61272.50  3.50  2.40e-09  0.00e+00    0.00    0.00
61279.50  3.50  4.39e-09  0.00e+00    0.00    0.00
61286.50  3.50  2.60e-09  0.00e+00    0.00    0.00
61293.50  3.50  5.67e-09  0.00e+00    0.00    0.00
61300.50  3.50  1.57e-09  0.00e+00    0.00    0.00
