61202.50  3.50  1.32e-08  0.00e+00    0.00    0.00
61209.50  3.50  6.84e-08  0.00e+00    0.00    0.00
61216.50  3.50  8.40e-08  0.00e+00    0.00    0.00
61223.50  3.50  5.59e-08  0.00e+00    0.00    0.00
61230.50  3.50  3.08e-08  0.00e+00    0.00    0.00
61237.50  3.50  2.86e-07  0.00e+00    0.00    0.00
61244.50  3.50  4.84e-08  0.00e+00    0.00    0.00
61251.50  3.50  9.56e-08  0.00e+00    0.00    0.00
61258.50  3.50  9.35e-08  0.00e+00    0.00    0.00
61265.50  3.50  3.98e-08  0.00e+00    0.00    0.00
61272.50  3.50  8.60e-08  0.00e+00    0.00    0.00
61279.50  3.50  7.78e-08  0.00e+00    0.00    0.00
61286.50  3.50  5.51e-08  0.00e+00    0.00    0.00
61293.50  3.50  4.83e-08  0.00e+00    0.00    0.00
