61223.50  3.50  1.80e-09  0.00e+00    0.00    0.00
61230.50  3.50  7.54e-09  0.00e+00    0.00    0.00
61237.50  3.50  1.23e-08  0.00e+00    0.00    0.00
61244.50  3.50  1.19e-08  0.00e+00    0.00    0.00
61251.50  3.50  3.63e-09  0.00e+00    0.00    0.00
61258.50  3.50  3.56e-09  0.00e+00    0.00    0.00
61265.50  3.50  2.31e-09  0.00e+00    0.00    0.00
61272.50  3.50  4.67e-09  0.00e+00    0.00    0.00
61279.50  3.50  5.34e-09  0.00e+00    0.00    0.00
61286.50  3.50  5.71e-09  0.00e+00    0.00    0.00
61293.50  3.50  3.78e-09  0.00e+00    0.00    0.00
61300.50  3.50  2.00e-09  0.00e+00    0.00    0.00
61307.50  3.50  2.19e-09  0.00e+00    0.00    0.00
61314.50  3.50  4.24e-09  0.00e+00    0.00    0.00
