61180.50  0.50  3.02e-08  0.00e+00    0.00    0.00
61181.50  0.50  3.31e-08  0.00e+00    0.00    0.00
61182.50  0.50  3.17e-08  0.00e+00    0.00    0.00
61183.50  0.50  6.86e-08  0.00e+00    0.00    0.00
61184.50  0.50  1.85e-08  0.00e+00    0.00    0.00
61185.50  0.50  7.80e-08  0.00e+00    0.00    0.00
61186.50  0.50  1.98e-08  0.00e+00    0.00    0.00
61187.50  0.50  1.74e-08  0.00e+00    0.00    0.00
61188.50  0.50  1.95e-08  0.00e+00    0.00    0.00
61189.50  0.50  2.09e-08  0.00e+00    0.00    0.00
61190.50  0.50  5.37e-08  0.00e+00    0.00    0.00
61191.50  0.50  2.13e-08  0.00e+00    0.00    0.00
61192.50  0.50  2.68e-08  0.00e+00    0.00    0.00
61193.50  0.50  2.92e-08  0.00e+00    0.00    0.00
61194.50  0.50  2.62e-08  0.00e+00    0.00    0.00
61195.50  0.50  2.45e-08  0.00e+00    0.00    0.00
61197.50  0.50  2.84e-08  0.00e+00    0.00    0.00
61198.50  0.50  2.74e-08  0.00e+00    0.00    0.00
61199.50  0.50  5.86e-08  0.00e+00    0.00    0.00
61200.50  0.50  2.80e-08  0.00e+00    0.00    0.00
61201.50  0.50  8.38e-08  0.00e+00    0.00    0.00
61202.50  0.50  1.51e-07  0.00e+00    0.00    0.00
61203.50  0.50  5.58e-07  0.00e+00    0.00    0.00
61209.50  0.50  5.46e-06  0.00e+00    0.00    0.00
61222.50  0.50  2.73e-08  0.00e+00    0.00    0.00
61223.50  0.50  2.99e-08  0.00e+00    0.00    0.00
61224.50  0.50  2.97e-08  0.00e+00    0.00    0.00
61225.50  0.50  2.26e-08  0.00e+00    0.00    0.00
61226.50  0.50  6.96e-08  0.00e+00    0.00    0.00
61227.50  0.50  1.59e-08  0.00e+00    0.00    0.00
61228.50  0.50  2.94e-08  0.00e+00    0.00    0.00
61229.50  0.50  3.33e-08  0.00e+00    0.00    0.00
61230.50  0.50  2.45e-08  0.00e+00    0.00    0.00
61231.50  0.50  2.76e-08  0.00e+00    0.00    0.00
61232.50  0.50  2.10e-08  0.00e+00    0.00    0.00
61233.50  0.50  5.93e-08  0.00e+00    0.00    0.00
61234.50  0.50  3.35e-08  0.00e+00    0.00    0.00
61235.50  0.50  5.62e-08  0.00e+00    0.00    0.00
61236.50  0.50  1.87e-08  0.00e+00    0.00    0.00
61237.50  0.50  4.66e-08  0.00e+00    0.00    0.00
61238.50  0.50  2.73e-08  0.00e+00    0.00    0.00
61239.50  0.50  6.84e-08  0.00e+00    0.00    0.00
61240.50  0.50  5.61e-08  0.00e+00    0.00    0.00
61241.50  0.50  1.53e-08  0.00e+00    0.00    0.00
61242.50  0.50  3.69e-08  0.00e+00    0.00    0.00
61243.50  0.50  2.11e-08  0.00e+00    0.00    0.00
61244.50  0.50  4.89e-08  0.00e+00    0.00    0.00
61245.50  0.50  2.59e-08  0.00e+00    0.00    0.00
61246.50  0.50  2.86e-08  0.00e+00    0.00    0.00
61247.50  0.50  3.89e-08  0.00e+00    0.00    0.00
61248.50  0.50  2.21e-08  0.00e+00    0.00    0.00
61249.50  0.50  1.63e-08  0.00e+00    0.00    0.00
61250.50  0.50  2.33e-08  0.00e+00    0.00    0.00
61252.50  0.50  4.96e-08  0.00e+00    0.00    0.00
61253.50  0.50  4.41e-08  0.00e+00    0.00    0.00
61254.50  0.50  2.94e-08  0.00e+00    0.00    0.00
61255.50  0.50  5.07e-08  0.00e+00    0.00    0.00
61256.50  0.50  3.03e-08  0.00e+00    0.00    0.00
61257.50  0.50  2.45e-08  0.00e+00    0.00    0.00
61258.50  0.50  2.25e-08  0.00e+00    0.00    0.00
61259.50  0.50  4.71e-08  0.00e+00    0.00    0.00
61260.50  0.50  2.74e-08  0.00e+00    0.00    0.00
61261.50  0.50  2.56e-08  0.00e+00    0.00    0.00
61262.50  0.50  2.86e-08  0.00e+00    0.00    0.00
61263.50  0.50  5.61e-08  0.00e+00    0.00    0.00
61264.50  0.50  4.49e-08  0.00e+00    0.00    0.00
61265.50  0.50  1.10e-07  0.00e+00    0.00    0.00
61266.50  0.50  4.17e-08  0.00e+00    0.00    0.00
61267.50  0.50  5.18e-08  0.00e+00    0.00    0.00
61269.50  0.50  4.54e-08  0.00e+00    0.00    0.00
61270.50  0.50  2.88e-08  0.00e+00    0.00    0.00
61271.50  0.50  1.91e-08  0.00e+00    0.00    0.00
61272.50  0.50  3.24e-08  0.00e+00    0.00    0.00
61273.50  0.50  2.86e-08  0.00e+00    0.00    0.00
61274.50  0.50  7.23e-08  0.00e+00    0.00    0.00
61275.50  0.50  5.42e-08  0.00e+00    0.00    0.00
61276.50  0.50  2.58e-08  0.00e+00    0.00    0.00
61277.50  0.50  6.22e-08  0.00e+00    0.00    0.00
61278.50  0.50  2.15e-08  0.00e+00    0.00    0.00
61279.50  0.50  6.14e-08  0.00e+00    0.00    0.00
61280.50  0.50  2.12e-08  0.00e+00    0.00    0.00
61281.50  0.50  2.05e-08  0.00e+00    0.00    0.00
61282.50  0.50  3.10e-08  0.00e+00    0.00    0.00
61284.50  0.50  2.03e-08  0.00e+00    0.00    0.00
61285.50  0.50  1.74e-08  0.00e+00    0.00    0.00
61286.50  0.50  2.67e-08  0.00e+00    0.00    0.00
61287.50  0.50  1.32e-08  0.00e+00    0.00    0.00
61288.50  0.50  1.44e-08  0.00e+00    0.00    0.00
61289.50  0.50  1.75e-08  0.00e+00    0.00    0.00
61290.50  0.50  1.54e-08  0.00e+00    0.00    0.00
61291.50  0.50  2.05e-08  0.00e+00    0.00    0.00
61292.50  0.50  1.46e-08  0.00e+00    0.00    0.00
61293.50  0.50  2.57e-08  0.00e+00    0.00    0.00
61294.50  0.50  6.48e-08  0.00e+00    0.00    0.00
61295.50  0.50  2.76e-08  0.00e+00    0.00    0.00
61296.50  0.50  3.71e-08  0.00e+00    0.00    0.00
61297.50  0.50  4.17e-08  0.00e+00    0.00    0.00
61298.50  0.50  3.43e-08  0.00e+00    0.00    0.00
61299.50  0.50  3.92e-08  0.00e+00    0.00    0.00
61300.50  0.50  1.95e-08  0.00e+00    0.00    0.00
