61180.50  0.50  5.14e-07  0.00e+00    0.00    0.00
61181.50  0.50  9.36e-08  0.00e+00    0.00    0.00
61182.50  0.50  4.17e-07  0.00e+00    0.00    0.00
61183.50  0.50  3.91e-07  0.00e+00    0.00    0.00
61184.50  0.50  2.82e-07  0.00e+00    0.00    0.00
61185.50  0.50  2.93e-07  0.00e+00    0.00    0.00
61186.50  0.50  1.39e-07  0.00e+00    0.00    0.00
61187.50  0.50  1.91e-07  0.00e+00    0.00    0.00
61188.50  0.50  2.60e-07  0.00e+00    0.00    0.00
61189.50  0.50  2.01e-07  0.00e+00    0.00    0.00
61190.50  0.50  4.87e-07  0.00e+00    0.00    0.00
61191.50  0.50  5.25e-08  0.00e+00    0.00    0.00
61192.50  0.50  3.54e-07  0.00e+00    0.00    0.00
61193.50  0.50  5.76e-07  0.00e+00    0.00    0.00
61194.50  0.50  1.31e-07  0.00e+00    0.00    0.00
61195.50  0.50  2.35e-07  0.00e+00    0.00    0.00
61197.50  0.50  1.71e-07  0.00e+00    0.00    0.00
61198.50  0.50  1.75e-07  0.00e+00    0.00    0.00
61199.50  0.50  4.18e-07  0.00e+00    0.00    0.00
61200.50  0.50  2.08e-07  0.00e+00    0.00    0.00
61201.50  0.50  2.44e-07  0.00e+00    0.00    0.00
61202.50  0.50  1.93e-06  0.00e+00    0.00    0.00
61203.50  0.50  1.99e-06  0.00e+00    0.00    0.00
61209.50  0.50  2.19e-05  0.00e+00    0.00    0.00
61222.50  0.50  6.65e-07  0.00e+00    0.00    0.00
61223.50  0.50  4.75e-07  0.00e+00    0.00    0.00
61224.50  0.50  2.48e-07  0.00e+00    0.00    0.00
61225.50  0.50  5.86e-07  0.00e+00    0.00    0.00
61226.50  0.50  2.05e-07  0.00e+00    0.00    0.00
61227.50  0.50  9.67e-08  0.00e+00    0.00    0.00
61228.50  0.50  1.84e-07  0.00e+00    0.00    0.00
61229.50  0.50  5.22e-07  0.00e+00    0.00    0.00
61230.50  0.50  6.27e-07  0.00e+00    0.00    0.00
61231.50  0.50  2.54e-07  0.00e+00    0.00    0.00
61232.50  0.50  2.01e-07  0.00e+00    0.00    0.00
61233.50  0.50  4.31e-07  0.00e+00    0.00    0.00
61234.50  0.50  2.04e-07  0.00e+00    0.00    0.00
61235.50  0.50  3.76e-07  0.00e+00    0.00    0.00
61236.50  0.50  1.40e-07  0.00e+00    0.00    0.00
61237.50  0.50  1.09e-07  0.00e+00    0.00    0.00
61238.50  0.50  3.63e-07  0.00e+00    0.00    0.00
61239.50  0.50  3.07e-07  0.00e+00    0.00    0.00
61240.50  0.50  3.32e-07  0.00e+00    0.00    0.00
61241.50  0.50  7.80e-07  0.00e+00    0.00    0.00
61242.50  0.50  6.66e-07  0.00e+00    0.00    0.00
61243.50  0.50  1.35e-07  0.00e+00    0.00    0.00
61244.50  0.50  1.62e-07  0.00e+00    0.00    0.00
61245.50  0.50  4.10e-07  0.00e+00    0.00    0.00
61246.50  0.50  1.73e-07  0.00e+00    0.00    0.00
61247.50  0.50  2.28e-07  0.00e+00    0.00    0.00
61248.50  0.50  4.25e-07  0.00e+00    0.00    0.00
61249.50  0.50  1.78e-07  0.00e+00    0.00    0.00
61250.50  0.50  3.26e-07  0.00e+00    0.00    0.00
61252.50  0.50  2.60e-07  0.00e+00    0.00    0.00
61253.50  0.50  6.30e-07  0.00e+00    0.00    0.00
61254.50  0.50  1.05e-06  0.00e+00    0.00    0.00
61255.50  0.50  8.66e-07  0.00e+00    0.00    0.00
61256.50  0.50  1.85e-07  0.00e+00    0.00    0.00
61257.50  0.50  1.09e-07  0.00e+00    0.00    0.00
61258.50  0.50  2.52e-07  0.00e+00    0.00    0.00
61259.50  0.50  2.30e-07  0.00e+00    0.00    0.00
61260.50  0.50  7.68e-07  0.00e+00    0.00    0.00
61261.50  0.50  1.23e-07  0.00e+00    0.00    0.00
61262.50  0.50  1.61e-07  0.00e+00    0.00    0.00
61263.50  0.50  1.67e-07  0.00e+00    0.00    0.00
61264.50  0.50  3.53e-07  0.00e+00    0.00    0.00
61265.50  0.50  3.95e-07  0.00e+00    0.00    0.00
61266.50  0.50  2.60e-07  0.00e+00    0.00    0.00
61267.50  0.50  1.23e-07  0.00e+00    0.00    0.00
61269.50  0.50  8.34e-08  0.00e+00    0.00    0.00
61270.50  0.50  1.00e-07  0.00e+00    0.00    0.00
61271.50  0.50  1.17e-07  0.00e+00    0.00    0.00
61272.50  0.50  1.38e-07  0.00e+00    0.00    0.00
61273.50  0.50  3.47e-07  0.00e+00    0.00    0.00
61274.50  0.50  2.72e-07  0.00e+00    0.00    0.00
61275.50  0.50  7.13e-07  0.00e+00    0.00    0.00
61276.50  0.50  6.24e-08  0.00e+00    0.00    0.00
61277.50  0.50  1.98e-07  0.00e+00    0.00    0.00
61278.50  0.50  1.44e-07  0.00e+00    0.00    0.00
61279.50  0.50  2.73e-07  0.00e+00    0.00    0.00
61280.50  0.50  1.14e-07  0.00e+00    0.00    0.00
61281.50  0.50  3.06e-07  0.00e+00    0.00    0.00
61282.50  0.50  3.01e-07  0.00e+00    0.00    0.00
61284.50  0.50  1.51e-07  0.00e+00    0.00    0.00
61285.50  0.50  1.62e-07  0.00e+00    0.00    0.00
61286.50  0.50  4.66e-07  0.00e+00    0.00    0.00
61287.50  0.50  5.68e-07  0.00e+00    0.00    0.00
61288.50  0.50  1.78e-07  0.00e+00    0.00    0.00
61289.50  0.50  1.11e-07  0.00e+00    0.00    0.00
61290.50  0.50  1.66e-07  0.00e+00    0.00    0.00
61291.50  0.50  2.11e-07  0.00e+00    0.00    0.00
61292.50  0.50  1.06e-07  0.00e+00    0.00    0.00
61293.50  0.50  2.90e-07  0.00e+00    0.00    0.00
61294.50  0.50  1.62e-07  0.00e+00    0.00    0.00
61295.50  0.50  3.28e-07  0.00e+00    0.00    0.00
61296.50  0.50  1.73e-07  0.00e+00    0.00    0.00
61297.50  0.50  1.63e-07  0.00e+00    0.00    0.00
61298.50  0.50  8.64e-08  0.00e+00    0.00    0.00
61299.50  0.50  2.33e-07  0.00e+00    0.00    0.00
61300.50  0.50  5.18e-07  0.00e+00    0.00    0.00
