61125.50  3.50  6.10e-09  0.00e+00    0.00    0.00
61132.50  3.50  9.16e-09  0.00e+00    0.00    0.00
61153.50  3.50  5.00e-09  0.00e+00    0.00    0.00
61160.50  3.50  2.96e-09  0.00e+00    0.00    0.00
61174.50  3.50  6.59e-09  0.00e+00    0.00    0.00
61195.50  3.50  4.35e-09  0.00e+00    0.00    0.00
61202.50  3.50  2.61e-08  0.00e+00    0.00    0.00
61216.50  3.50  1.83e-07  0.00e+00    0.00    0.00
61223.50  3.50  1.50e-08  0.00e+00    0.00    0.00
61230.50  3.50  7.15e-09  0.00e+00    0.00    0.00
61237.50  3.50  1.38e-08  0.00e+00    0.00    0.00
61258.50  3.50  5.04e-09  0.00e+00    0.00    0.00
61272.50  3.50  5.63e-09  0.00e+00    0.00    0.00
61293.50  3.50  4.27e-09  0.00e+00    0.00    0.00
