61125.50  3.50  2.39e-07  0.00e+00    0.00    0.00
61132.50  3.50  6.10e-08  0.00e+00    0.00    0.00
61153.50  3.50  1.34e-07  0.00e+00    0.00    0.00
61160.50  3.50  1.41e-08  0.00e+00    0.00    0.00
61174.50  3.50  1.26e-07  0.00e+00    0.00    0.00
61195.50  3.50  6.16e-08  0.00e+00    0.00    0.00
61202.50  3.50  9.61e-08  0.00e+00    0.00    0.00
61216.50  3.50  1.75e-06  0.00e+00    0.00    0.00
61223.50  3.50  1.21e-07  0.00e+00    0.00    0.00
61230.50  3.50  1.27e-07  0.00e+00    0.00    0.00
61237.50  3.50  6.16e-08  0.00e+00    0.00    0.00
61258.50  3.50  9.74e-08  0.00e+00    0.00    0.00
61272.50  3.50  2.28e-08  0.00e+00    0.00    0.00
61293.50  3.50  4.19e-08  0.00e+00    0.00    0.00
