61198.50  0.50  1.37e-08  0.00e+00    0.00    0.00
61199.50  0.50  3.73e-08  0.00e+00    0.00    0.00
61200.50  0.50  1.69e-08  0.00e+00    0.00    0.00
61201.50  0.50  1.78e-08  0.00e+00    0.00    0.00
61202.50  0.50  4.51e-08  0.00e+00    0.00    0.00
61203.50  0.50  4.88e-08  0.00e+00    0.00    0.00
61204.50  0.50  4.81e-08  0.00e+00    0.00    0.00
61205.50  0.50  5.19e-08  0.00e+00    0.00    0.00
61206.50  0.50  7.57e-08  0.00e+00    0.00    0.00
61207.50  0.50  5.49e-08  0.00e+00    0.00    0.00
61208.50  0.50  1.01e-07  0.00e+00    0.00    0.00
61209.50  0.50  3.55e-08  0.00e+00    0.00    0.00
61210.50  0.50  4.27e-08  0.00e+00    0.00    0.00
61211.50  0.50  7.10e-08  0.00e+00    0.00    0.00
61212.50  0.50  5.26e-08  0.00e+00    0.00    0.00
61213.50  0.50  5.36e-08  0.00e+00    0.00    0.00
61214.50  0.50  1.23e-07  0.00e+00    0.00    0.00
61215.50  0.50  1.02e-07  0.00e+00    0.00    0.00
61216.50  0.50  5.94e-08  0.00e+00    0.00    0.00
61217.50  0.50  3.37e-08  0.00e+00    0.00    0.00
61218.50  0.50  7.43e-08  0.00e+00    0.00    0.00
61219.50  0.50  2.68e-08  0.00e+00    0.00    0.00
61220.50  0.50  2.47e-08  0.00e+00    0.00    0.00
61221.50  0.50  1.94e-08  0.00e+00    0.00    0.00
61222.50  0.50  6.49e-08  0.00e+00    0.00    0.00
61223.50  0.50  3.17e-08  0.00e+00    0.00    0.00
61224.50  0.50  2.97e-08  0.00e+00    0.00    0.00
61225.50  0.50  2.26e-08  0.00e+00    0.00    0.00
61226.50  0.50  2.52e-08  0.00e+00    0.00    0.00
61227.50  0.50  2.33e-08  0.00e+00    0.00    0.00
61228.50  0.50  2.34e-08  0.00e+00    0.00    0.00
61229.50  0.50  2.62e-08  0.00e+00    0.00    0.00
61230.50  0.50  2.02e-08  0.00e+00    0.00    0.00
61231.50  0.50  3.29e-08  0.00e+00    0.00    0.00
61232.50  0.50  2.18e-08  0.00e+00    0.00    0.00
61233.50  0.50  9.61e-08  0.00e+00    0.00    0.00
61234.50  0.50  2.13e-08  0.00e+00    0.00    0.00
61235.50  0.50  2.43e-08  0.00e+00    0.00    0.00
61236.50  0.50  2.11e-08  0.00e+00    0.00    0.00
61237.50  0.50  2.54e-08  0.00e+00    0.00    0.00
61238.50  0.50  3.15e-08  0.00e+00    0.00    0.00
61239.50  0.50  4.29e-08  0.00e+00    0.00    0.00
61240.50  0.50  4.97e-08  0.00e+00    0.00    0.00
61241.50  0.50  1.94e-08  0.00e+00    0.00    0.00
61242.50  0.50  5.64e-08  0.00e+00    0.00    0.00
61243.50  0.50  1.83e-08  0.00e+00    0.00    0.00
61244.50  0.50  5.73e-08  0.00e+00    0.00    0.00
61245.50  0.50  2.00e-08  0.00e+00    0.00    0.00
61246.50  0.50  5.24e-08  0.00e+00    0.00    0.00
61247.50  0.50  2.66e-08  0.00e+00    0.00    0.00
61248.50  0.50  1.22e-07  0.00e+00    0.00    0.00
61249.50  0.50  7.31e-08  0.00e+00    0.00    0.00
61250.50  0.50  1.23e-07  0.00e+00    0.00    0.00
61251.50  0.50  2.66e-07  0.00e+00    0.00    0.00
61252.50  0.50  8.33e-07  0.00e+00    0.00    0.00
61253.50  0.50  1.73e-06  0.00e+00    0.00    0.00
61258.50  0.50  6.43e-06  0.00e+00    0.00    0.00
61259.50  0.50  4.19e-06  0.00e+00    0.00    0.00
61260.50  0.50  2.20e-06  0.00e+00    0.00    0.00
61261.50  0.50  1.29e-06  0.00e+00    0.00    0.00
61262.50  0.50  7.67e-07  0.00e+00    0.00    0.00
61263.50  0.50  2.93e-07  0.00e+00    0.00    0.00
61264.50  0.50  1.73e-07  0.00e+00    0.00    0.00
61265.50  0.50  3.17e-08  0.00e+00    0.00    0.00
61266.50  0.50  1.78e-08  0.00e+00    0.00    0.00
61267.50  0.50  4.86e-08  0.00e+00    0.00    0.00
61268.50  0.50  1.69e-08  0.00e+00    0.00    0.00
61269.50  0.50  1.78e-08  0.00e+00    0.00    0.00
61270.50  0.50  4.28e-08  0.00e+00    0.00    0.00
61271.50  0.50  4.90e-08  0.00e+00    0.00    0.00
61272.50  0.50  1.82e-08  0.00e+00    0.00    0.00
61273.50  0.50  7.37e-08  0.00e+00    0.00    0.00
61274.50  0.50  1.74e-08  0.00e+00    0.00    0.00
61275.50  0.50  1.95e-08  0.00e+00    0.00    0.00
61276.50  0.50  2.08e-08  0.00e+00    0.00    0.00
61277.50  0.50  2.02e-08  0.00e+00    0.00    0.00
61278.50  0.50  2.35e-08  0.00e+00    0.00    0.00
61279.50  0.50  4.31e-08  0.00e+00    0.00    0.00
61280.50  0.50  2.55e-08  0.00e+00    0.00    0.00
61281.50  0.50  2.87e-08  0.00e+00    0.00    0.00
61282.50  0.50  3.85e-08  0.00e+00    0.00    0.00
61283.50  0.50  2.29e-08  0.00e+00    0.00    0.00
61284.50  0.50  4.77e-08  0.00e+00    0.00    0.00
61285.50  0.50  4.18e-08  0.00e+00    0.00    0.00
61286.50  0.50  2.15e-08  0.00e+00    0.00    0.00
61287.50  0.50  5.21e-08  0.00e+00    0.00    0.00
61288.50  0.50  1.91e-08  0.00e+00    0.00    0.00
61289.50  0.50  1.97e-08  0.00e+00    0.00    0.00
61290.50  0.50  1.93e-08  0.00e+00    0.00    0.00
61291.50  0.50  1.99e-08  0.00e+00    0.00    0.00
61292.50  0.50  1.88e-08  0.00e+00    0.00    0.00
61293.50  0.50  4.99e-08  0.00e+00    0.00    0.00
61294.50  0.50  2.09e-08  0.00e+00    0.00    0.00
61295.50  0.50  5.72e-08  0.00e+00    0.00    0.00
61296.50  0.50  3.68e-08  0.00e+00    0.00    0.00
61297.50  0.50  2.09e-08  0.00e+00    0.00    0.00
61298.50  0.50  2.16e-08  0.00e+00    0.00    0.00
61299.50  0.50  4.08e-08  0.00e+00    0.00    0.00
61300.50  0.50  2.54e-08  0.00e+00    0.00    0.00
61301.50  0.50  3.51e-08  0.00e+00    0.00    0.00
