61209.50  3.50  8.09e-09  0.00e+00    0.00    0.00
61216.50  3.50  2.00e-08  0.00e+00    0.00    0.00
61223.50  3.50  3.96e-09  0.00e+00    0.00    0.00
61230.50  3.50  1.21e-08  0.00e+00    0.00    0.00
61237.50  3.50  8.37e-09  0.00e+00    0.00    0.00
61244.50  3.50  1.24e-08  0.00e+00    0.00    0.00
61251.50  3.50  3.84e-08  0.00e+00    0.00    0.00
61258.50  3.50  5.89e-07  0.00e+00    0.00    0.00
61265.50  3.50  5.73e-09  0.00e+00    0.00    0.00
61272.50  3.50  1.27e-08  0.00e+00    0.00    0.00
61279.50  3.50  4.13e-09  0.00e+00    0.00    0.00
61286.50  3.50  8.73e-09  0.00e+00    0.00    0.00
61293.50  3.50  1.16e-08  0.00e+00    0.00    0.00
61300.50  3.50  3.93e-09  0.00e+00    0.00    0.00
