61202.50  3.50  2.01e-07  0.00e+00    0.00    0.00
61209.50  3.50  3.43e-07  0.00e+00    0.00    0.00
61216.50  3.50  1.32e-07  0.00e+00    0.00    0.00
61223.50  3.50  2.75e-08  0.00e+00    0.00    0.00
61230.50  3.50  1.07e-07  0.00e+00    0.00    0.00
61237.50  3.50  6.96e-08  0.00e+00    0.00    0.00
61244.50  3.50  1.09e-07  0.00e+00    0.00    0.00
61251.50  3.50  1.73e-07  0.00e+00    0.00    0.00
61258.50  3.50  3.51e-06  0.00e+00    0.00    0.00
61265.50  3.50  2.32e-07  0.00e+00    0.00    0.00
61272.50  3.50  2.12e-07  0.00e+00    0.00    0.00
61279.50  3.50  2.09e-07  0.00e+00    0.00    0.00
61286.50  3.50  1.59e-07  0.00e+00    0.00    0.00
61293.50  3.50  6.77e-08  0.00e+00    0.00    0.00
