61209.50  3.50  2.44e-07  0.00e+00    0.00    0.00
61216.50  3.50  6.06e-08  0.00e+00    0.00    0.00
61223.50  3.50  2.20e-07  0.00e+00    0.00    0.00
61230.50  3.50  2.43e-07  0.00e+00    0.00    0.00
61237.50  3.50  9.79e-08  0.00e+00    0.00    0.00
61244.50  3.50  2.80e-07  0.00e+00    0.00    0.00
61251.50  3.50  3.06e-08  0.00e+00    0.00    0.00
61258.50  3.50  1.85e-07  0.00e+00    0.00    0.00
61265.50  3.50  1.35e-07  0.00e+00    0.00    0.00
61272.50  3.50  8.52e-08  0.00e+00    0.00    0.00
61279.50  3.50  3.27e-07  0.00e+00    0.00    0.00
61286.50  3.50  3.45e-07  0.00e+00    0.00    0.00
61293.50  3.50  2.56e-07  0.00e+00    0.00    0.00
61300.50  3.50  1.98e-07  0.00e+00    0.00    0.00
