61223.50  3.50  2.40e-08  0.00e+00    0.00    0.00
61230.50  3.50  8.80e-09  0.00e+00    0.00    0.00
61237.50  3.50  2.12e-08  0.00e+00    0.00    0.00
61244.50  3.50  2.60e-08  0.00e+00    0.00    0.00
61251.50  3.50  2.41e-09  0.00e+00    0.00    0.00
61258.50  3.50  1.93e-08  0.00e+00    0.00    0.00
61265.50  3.50  1.36e-08  0.00e+00    0.00    0.00
61272.50  3.50  1.07e-08  0.00e+00    0.00    0.00
61279.50  3.50  2.63e-08  0.00e+00    0.00    0.00
61286.50  3.50  1.65e-08  0.00e+00    0.00    0.00
61293.50  3.50  1.77e-08  0.00e+00    0.00    0.00
61300.50  3.50  2.99e-08  0.00e+00    0.00    0.00
61307.50  3.50  4.97e-09  0.00e+00    0.00    0.00
61314.50  3.50  1.79e-08  0.00e+00    0.00    0.00
