61198.50  0.50  1.27e-06  0.00e+00    0.00    0.00
61199.50  0.50  1.14e-07  0.00e+00    0.00    0.00
61200.50  0.50  5.80e-07  0.00e+00    0.00    0.00
61201.50  0.50  1.13e-06  0.00e+00    0.00    0.00
61202.50  0.50  8.46e-07  0.00e+00    0.00    0.00
61203.50  0.50  6.58e-07  0.00e+00    0.00    0.00
61204.50  0.50  1.04e-06  0.00e+00    0.00    0.00
61205.50  0.50  1.14e-07  0.00e+00    0.00    0.00
61206.50  0.50  6.10e-07  0.00e+00    0.00    0.00
61207.50  0.50  1.13e-06  0.00e+00    0.00    0.00
61208.50  0.50  9.07e-07  0.00e+00    0.00    0.00
61209.50  0.50  1.14e-06  0.00e+00    0.00    0.00
61210.50  0.50  5.99e-07  0.00e+00    0.00    0.00
61211.50  0.50  5.64e-07  0.00e+00    0.00    0.00
61212.50  0.50  8.05e-07  0.00e+00    0.00    0.00
61213.50  0.50  4.64e-07  0.00e+00    0.00    0.00
61214.50  0.50  1.39e-07  0.00e+00    0.00    0.00
61215.50  0.50  7.51e-07  0.00e+00    0.00    0.00
61216.50  0.50  1.68e-07  0.00e+00    0.00    0.00
61217.50  0.50  3.79e-07  0.00e+00    0.00    0.00
61218.50  0.50  2.00e-07  0.00e+00    0.00    0.00
61219.50  0.50  1.80e-07  0.00e+00    0.00    0.00
61220.50  0.50  6.18e-07  0.00e+00    0.00    0.00
61221.50  0.50  2.77e-07  0.00e+00    0.00    0.00
61222.50  0.50  5.22e-07  0.00e+00    0.00    0.00
61223.50  0.50  1.04e-06  0.00e+00    0.00    0.00
61224.50  0.50  7.90e-07  0.00e+00    0.00    0.00
61225.50  0.50  1.61e-07  0.00e+00    0.00    0.00
61226.50  0.50  5.44e-07  0.00e+00    0.00    0.00
61227.50  0.50  7.85e-07  0.00e+00    0.00    0.00
61228.50  0.50  1.66e-07  0.00e+00    0.00    0.00
61229.50  0.50  1.80e-07  0.00e+00    0.00    0.00
61230.50  0.50  3.78e-07  0.00e+00    0.00    0.00
61231.50  0.50  6.95e-08  0.00e+00    0.00    0.00
61232.50  0.50  1.31e-07  0.00e+00    0.00    0.00
61233.50  0.50  1.20e-06  0.00e+00    0.00    0.00
61234.50  0.50  1.84e-07  0.00e+00    0.00    0.00
61235.50  0.50  8.40e-07  0.00e+00    0.00    0.00
61236.50  0.50  2.84e-07  0.00e+00    0.00    0.00
61237.50  0.50  8.47e-07  0.00e+00    0.00    0.00
61238.50  0.50  2.68e-07  0.00e+00    0.00    0.00
61239.50  0.50  2.80e-07  0.00e+00    0.00    0.00
61240.50  0.50  1.38e-07  0.00e+00    0.00    0.00
61241.50  0.50  1.03e-07  0.00e+00    0.00    0.00
61242.50  0.50  5.53e-07  0.00e+00    0.00    0.00
61243.50  0.50  5.17e-07  0.00e+00    0.00    0.00
61244.50  0.50  1.31e-06  0.00e+00    0.00    0.00
61245.50  0.50  1.08e-06  0.00e+00    0.00    0.00
61246.50  0.50  7.38e-07  0.00e+00    0.00    0.00
61247.50  0.50  1.27e-06  0.00e+00    0.00    0.00
61248.50  0.50  1.54e-07  0.00e+00    0.00    0.00
61249.50  0.50  3.20e-07  0.00e+00    0.00    0.00
61250.50  0.50  5.84e-07  0.00e+00    0.00    0.00
61251.50  0.50  6.24e-07  0.00e+00    0.00    0.00
61252.50  0.50  1.61e-07  0.00e+00    0.00    0.00
61253.50  0.50  2.15e-07  0.00e+00    0.00    0.00
61254.50  0.50  1.20e-07  0.00e+00    0.00    0.00
61255.50  0.50  1.96e-07  0.00e+00    0.00    0.00
61256.50  0.50  5.95e-07  0.00e+00    0.00    0.00
61257.50  0.50  1.98e-07  0.00e+00    0.00    0.00
61258.50  0.50  2.89e-07  0.00e+00    0.00    0.00
61259.50  0.50  6.41e-07  0.00e+00    0.00    0.00
61260.50  0.50  9.36e-08  0.00e+00    0.00    0.00
61261.50  0.50  3.41e-07  0.00e+00    0.00    0.00
61262.50  0.50  2.95e-07  0.00e+00    0.00    0.00
61263.50  0.50  4.72e-07  0.00e+00    0.00    0.00
61264.50  0.50  1.03e-06  0.00e+00    0.00    0.00
61265.50  0.50  4.00e-07  0.00e+00    0.00    0.00
61266.50  0.50  1.09e-06  0.00e+00    0.00    0.00
61267.50  0.50  2.55e-07  0.00e+00    0.00    0.00
61268.50  0.50  1.13e-06  0.00e+00    0.00    0.00
61269.50  0.50  1.32e-06  0.00e+00    0.00    0.00
61270.50  0.50  3.79e-07  0.00e+00    0.00    0.00
61271.50  0.50  2.63e-07  0.00e+00    0.00    0.00
61272.50  0.50  3.50e-07  0.00e+00    0.00    0.00
61273.50  0.50  2.80e-07  0.00e+00    0.00    0.00
61274.50  0.50  5.47e-07  0.00e+00    0.00    0.00
61275.50  0.50  2.18e-07  0.00e+00    0.00    0.00
61276.50  0.50  7.22e-07  0.00e+00    0.00    0.00
61277.50  0.50  1.16e-06  0.00e+00    0.00    0.00
61278.50  0.50  7.19e-07  0.00e+00    0.00    0.00
61279.50  0.50  2.51e-07  0.00e+00    0.00    0.00
61280.50  0.50  1.12e-06  0.00e+00    0.00    0.00
61281.50  0.50  1.01e-06  0.00e+00    0.00    0.00
61282.50  0.50  3.81e-07  0.00e+00    0.00    0.00
61283.50  0.50  8.45e-07  0.00e+00    0.00    0.00
61284.50  0.50  1.39e-06  0.00e+00    0.00    0.00
61285.50  0.50  1.07e-07  0.00e+00    0.00    0.00
61286.50  0.50  6.69e-07  0.00e+00    0.00    0.00
61287.50  0.50  9.25e-07  0.00e+00    0.00    0.00
61288.50  0.50  5.30e-07  0.00e+00    0.00    0.00
61289.50  0.50  4.82e-07  0.00e+00    0.00    0.00
61290.50  0.50  1.09e-06  0.00e+00    0.00    0.00
61291.50  0.50  7.30e-07  0.00e+00    0.00    0.00
61292.50  0.50  1.04e-06  0.00e+00    0.00    0.00
61293.50  0.50  1.40e-06  0.00e+00    0.00    0.00
61294.50  0.50  7.10e-07  0.00e+00    0.00    0.00
61295.50  0.50  8.27e-07  0.00e+00    0.00    0.00
61296.50  0.50  3.77e-07  0.00e+00    0.00    0.00
61297.50  0.50  5.96e-07  0.00e+00    0.00    0.00
