61198.50  0.50  9.38e-08  0.00e+00    0.00    0.00
61199.50  0.50  2.15e-07  0.00e+00    0.00    0.00
61200.50  0.50  1.39e-07  0.00e+00    0.00    0.00
61201.50  0.50  3.63e-07  0.00e+00    0.00    0.00
61202.50  0.50  1.31e-07  0.00e+00    0.00    0.00
61203.50  0.50  1.34e-07  0.00e+00    0.00    0.00
61204.50  0.50  1.79e-07  0.00e+00    0.00    0.00
61205.50  0.50  9.36e-08  0.00e+00    0.00    0.00
61206.50  0.50  6.05e-08  0.00e+00    0.00    0.00
61207.50  0.50  9.14e-08  0.00e+00    0.00    0.00
61208.50  0.50  3.31e-07  0.00e+00    0.00    0.00
61209.50  0.50  9.07e-08  0.00e+00    0.00    0.00
61210.50  0.50  1.04e-07  0.00e+00    0.00    0.00
61211.50  0.50  4.43e-07  0.00e+00    0.00    0.00
61212.50  0.50  6.82e-08  0.00e+00    0.00    0.00
61213.50  0.50  9.57e-08  0.00e+00    0.00    0.00
61214.50  0.50  8.92e-08  0.00e+00    0.00    0.00
61215.50  0.50  1.43e-07  0.00e+00    0.00    0.00
61216.50  0.50  5.67e-07  0.00e+00    0.00    0.00
61217.50  0.50  7.46e-08  0.00e+00    0.00    0.00
61218.50  0.50  6.35e-08  0.00e+00    0.00    0.00
61219.50  0.50  1.21e-07  0.00e+00    0.00    0.00
61220.50  0.50  4.95e-08  0.00e+00    0.00    0.00
61221.50  0.50  2.38e-07  0.00e+00    0.00    0.00
61222.50  0.50  1.99e-07  0.00e+00    0.00    0.00
61223.50  0.50  1.63e-07  0.00e+00    0.00    0.00
61224.50  0.50  5.57e-07  0.00e+00    0.00    0.00
61225.50  0.50  1.01e-07  0.00e+00    0.00    0.00
61226.50  0.50  1.75e-07  0.00e+00    0.00    0.00
61227.50  0.50  4.18e-08  0.00e+00    0.00    0.00
61228.50  0.50  6.12e-08  0.00e+00    0.00    0.00
61229.50  0.50  1.10e-07  0.00e+00    0.00    0.00
61230.50  0.50  1.87e-07  0.00e+00    0.00    0.00
61231.50  0.50  1.42e-07  0.00e+00    0.00    0.00
61232.50  0.50  8.86e-08  0.00e+00    0.00    0.00
61233.50  0.50  1.43e-07  0.00e+00    0.00    0.00
61234.50  0.50  7.81e-08  0.00e+00    0.00    0.00
61235.50  0.50  1.45e-07  0.00e+00    0.00    0.00
61236.50  0.50  4.60e-08  0.00e+00    0.00    0.00
61237.50  0.50  1.72e-07  0.00e+00    0.00    0.00
61238.50  0.50  3.42e-07  0.00e+00    0.00    0.00
61239.50  0.50  3.77e-07  0.00e+00    0.00    0.00
61240.50  0.50  1.07e-07  0.00e+00    0.00    0.00
61241.50  0.50  7.27e-08  0.00e+00    0.00    0.00
61242.50  0.50  9.16e-08  0.00e+00    0.00    0.00
61243.50  0.50  2.04e-07  0.00e+00    0.00    0.00
61244.50  0.50  5.80e-07  0.00e+00    0.00    0.00
61245.50  0.50  1.66e-07  0.00e+00    0.00    0.00
61246.50  0.50  1.02e-07  0.00e+00    0.00    0.00
61247.50  0.50  6.06e-08  0.00e+00    0.00    0.00
61248.50  0.50  8.66e-08  0.00e+00    0.00    0.00
61249.50  0.50  4.18e-07  0.00e+00    0.00    0.00
61250.50  0.50  5.17e-08  0.00e+00    0.00    0.00
61251.50  0.50  2.39e-07  0.00e+00    0.00    0.00
61252.50  0.50  9.61e-08  0.00e+00    0.00    0.00
61253.50  0.50  4.18e-08  0.00e+00    0.00    0.00
61254.50  0.50  2.29e-08  0.00e+00    0.00    0.00
61255.50  0.50  4.74e-08  0.00e+00    0.00    0.00
61256.50  0.50  9.82e-08  0.00e+00    0.00    0.00
61257.50  0.50  1.48e-07  0.00e+00    0.00    0.00
61258.50  0.50  5.10e-08  0.00e+00    0.00    0.00
61259.50  0.50  7.02e-08  0.00e+00    0.00    0.00
61260.50  0.50  1.15e-07  0.00e+00    0.00    0.00
61261.50  0.50  1.69e-07  0.00e+00    0.00    0.00
61262.50  0.50  3.35e-07  0.00e+00    0.00    0.00
61263.50  0.50  7.69e-08  0.00e+00    0.00    0.00
61264.50  0.50  1.05e-07  0.00e+00    0.00    0.00
61265.50  0.50  7.98e-08  0.00e+00    0.00    0.00
61266.50  0.50  2.04e-07  0.00e+00    0.00    0.00
61267.50  0.50  1.02e-07  0.00e+00    0.00    0.00
61268.50  0.50  6.75e-07  0.00e+00    0.00    0.00
61269.50  0.50  1.22e-07  0.00e+00    0.00    0.00
61270.50  0.50  8.96e-07  0.00e+00    0.00    0.00
61271.50  0.50  1.42e-07  0.00e+00    0.00    0.00
61272.50  0.50  1.77e-07  0.00e+00    0.00    0.00
61273.50  0.50  1.35e-07  0.00e+00    0.00    0.00
61274.50  0.50  1.25e-07  0.00e+00    0.00    0.00
61275.50  0.50  9.49e-08  0.00e+00    0.00    0.00
61276.50  0.50  1.69e-07  0.00e+00    0.00    0.00
61277.50  0.50  1.14e-07  0.00e+00    0.00    0.00
61278.50  0.50  1.00e-07  0.00e+00    0.00    0.00
61279.50  0.50  3.17e-07  0.00e+00    0.00    0.00
61280.50  0.50  2.37e-07  0.00e+00    0.00    0.00
61281.50  0.50  1.35e-07  0.00e+00    0.00    0.00
61282.50  0.50  1.48e-07  0.00e+00    0.00    0.00
61283.50  0.50  8.09e-08  0.00e+00    0.00    0.00
61284.50  0.50  1.61e-07  0.00e+00    0.00    0.00
61285.50  0.50  2.78e-07  0.00e+00    0.00    0.00
61286.50  0.50  1.24e-07  0.00e+00    0.00    0.00
61287.50  0.50  1.14e-07  0.00e+00    0.00    0.00
61288.50  0.50  3.18e-07  0.00e+00    0.00    0.00
61289.50  0.50  3.86e-08  0.00e+00    0.00    0.00
61290.50  0.50  9.17e-08  0.00e+00    0.00    0.00
61291.50  0.50  3.11e-07  0.00e+00    0.00    0.00
61292.50  0.50  9.91e-08  0.00e+00    0.00    0.00
61293.50  0.50  1.36e-07  0.00e+00    0.00    0.00
61294.50  0.50  3.02e-07  0.00e+00    0.00    0.00
61295.50  0.50  1.61e-07  0.00e+00    0.00    0.00
61296.50  0.50  2.46e-07  0.00e+00    0.00    0.00
61297.50  0.50  4.53e-07  0.00e+00    0.00    0.00
