61202.50  3.50  1.58e-09  0.00e+00    0.00    0.00
61209.50  3.50  1.90e-09  0.00e+00    0.00    0.00
61216.50  3.50  2.00e-09  0.00e+00    0.00    0.00
61223.50  3.50  2.19e-09  0.00e+00    0.00    0.00
61230.50  3.50  4.02e-09  0.00e+00    0.00    0.00
61237.50  3.50  2.67e-09  0.00e+00    0.00    0.00
61244.50  3.50  2.38e-09  0.00e+00    0.00    0.00
61251.50  3.50  1.54e-09  0.00e+00    0.00    0.00
61258.50  3.50  3.92e-09  0.00e+00    0.00    0.00
61265.50  3.50  2.26e-09  0.00e+00    0.00    0.00
61272.50  3.50  2.24e-09  0.00e+00    0.00    0.00
61279.50  3.50  3.99e-09  0.00e+00    0.00    0.00
61286.50  3.50  2.67e-09  0.00e+00    0.00    0.00
61293.50  3.50  2.51e-09  0.00e+00    0.00    0.00
