61209.50  3.50  5.87e-08  0.00e+00    0.00    0.00
61216.50  3.50  3.16e-08  0.00e+00    0.00    0.00
61223.50  3.50  1.83e-08  0.00e+00    0.00    0.00
61230.50  3.50  1.00e-08  0.00e+00    0.00    0.00
61237.50  3.50  1.87e-08  0.00e+00    0.00    0.00
61244.50  3.50  1.62e-08  0.00e+00    0.00    0.00
61251.50  3.50  4.79e-08  0.00e+00    0.00    0.00
61258.50  3.50  3.32e-08  0.00e+00    0.00    0.00
61265.50  3.50  2.19e-08  0.00e+00    0.00    0.00
61272.50  3.50  3.42e-08  0.00e+00    0.00    0.00
61279.50  3.50  4.55e-08  0.00e+00    0.00    0.00
61286.50  3.50  2.40e-08  0.00e+00    0.00    0.00
61293.50  3.50  2.65e-08  0.00e+00    0.00    0.00
61300.50  3.50  1.13e-07  0.00e+00    0.00    0.00
