61209.50  3.50  1.52e-07  0.00e+00    0.00    0.00
61216.50  3.50  1.08e-07  0.00e+00    0.00    0.00
61223.50  3.50  3.45e-08  0.00e+00    0.00    0.00
61230.50  3.50  1.53e-07  0.00e+00    0.00    0.00
61237.50  3.50  1.91e-07  0.00e+00    0.00    0.00
61244.50  3.50  1.15e-07  0.00e+00    0.00    0.00
61251.50  3.50  1.24e-07  0.00e+00    0.00    0.00
61258.50  3.50  7.82e-08  0.00e+00    0.00    0.00
61265.50  3.50  1.15e-07  0.00e+00    0.00    0.00
61272.50  3.50  1.42e-07  0.00e+00    0.00    0.00
61279.50  3.50  1.44e-07  0.00e+00    0.00    0.00
61286.50  3.50  5.21e-08  0.00e+00    0.00    0.00
61293.50  3.50  2.17e-07  0.00e+00    0.00    0.00
61300.50  3.50  6.76e-08  0.00e+00    0.00    0.00
