61198.50  0.50  1.28e-07  0.00e+00    0.00    0.00
61199.50  0.50  5.66e-07  0.00e+00    0.00    0.00
61200.50  0.50  2.57e-07  0.00e+00    0.00    0.00
61201.50  0.50  3.74e-07  0.00e+00    0.00    0.00
61202.50  0.50  9.03e-08  0.00e+00    0.00    0.00
61203.50  0.50  2.59e-07  0.00e+00    0.00    0.00
61204.50  0.50  3.05e-07  0.00e+00    0.00    0.00
61205.50  0.50  1.53e-07  0.00e+00    0.00    0.00
61206.50  0.50  1.67e-07  0.00e+00    0.00    0.00
61207.50  0.50  2.77e-07  0.00e+00    0.00    0.00
61208.50  0.50  2.93e-07  0.00e+00    0.00    0.00
61209.50  0.50  1.99e-07  0.00e+00    0.00    0.00
61210.50  0.50  4.51e-07  0.00e+00    0.00    0.00
61211.50  0.50  2.44e-07  0.00e+00    0.00    0.00
61212.50  0.50  3.03e-07  0.00e+00    0.00    0.00
61213.50  0.50  1.21e-07  0.00e+00    0.00    0.00
61214.50  0.50  1.46e-07  0.00e+00    0.00    0.00
61215.50  0.50  1.35e-07  0.00e+00    0.00    0.00
61216.50  0.50  3.50e-07  0.00e+00    0.00    0.00
61217.50  0.50  7.57e-08  0.00e+00    0.00    0.00
61218.50  0.50  2.29e-07  0.00e+00    0.00    0.00
61219.50  0.50  4.36e-07  0.00e+00    0.00    0.00
61220.50  0.50  1.17e-07  0.00e+00    0.00    0.00
61221.50  0.50  1.12e-07  0.00e+00    0.00    0.00
61222.50  0.50  3.89e-07  0.00e+00    0.00    0.00
61223.50  0.50  2.29e-07  0.00e+00    0.00    0.00
61224.50  0.50  3.45e-07  0.00e+00    0.00    0.00
61225.50  0.50  1.93e-07  0.00e+00    0.00    0.00
61226.50  0.50  1.86e-07  0.00e+00    0.00    0.00
61227.50  0.50  1.30e-07  0.00e+00    0.00    0.00
61228.50  0.50  1.77e-07  0.00e+00    0.00    0.00
61229.50  0.50  2.61e-07  0.00e+00    0.00    0.00
61230.50  0.50  1.45e-07  0.00e+00    0.00    0.00
61231.50  0.50  1.93e-07  0.00e+00    0.00    0.00
61232.50  0.50  3.67e-07  0.00e+00    0.00    0.00
61233.50  0.50  1.72e-07  0.00e+00    0.00    0.00
61234.50  0.50  7.76e-08  0.00e+00    0.00    0.00
61235.50  0.50  1.21e-07  0.00e+00    0.00    0.00
61236.50  0.50  1.46e-07  0.00e+00    0.00    0.00
61237.50  0.50  1.14e-07  0.00e+00    0.00    0.00
61238.50  0.50  2.90e-07  0.00e+00    0.00    0.00
61239.50  0.50  5.48e-07  0.00e+00    0.00    0.00
61240.50  0.50  3.14e-07  0.00e+00    0.00    0.00
61241.50  0.50  6.87e-08  0.00e+00    0.00    0.00
61242.50  0.50  2.88e-07  0.00e+00    0.00    0.00
61243.50  0.50  2.03e-07  0.00e+00    0.00    0.00
61244.50  0.50  3.25e-07  0.00e+00    0.00    0.00
61245.50  0.50  1.57e-07  0.00e+00    0.00    0.00
61246.50  0.50  1.43e-07  0.00e+00    0.00    0.00
61247.50  0.50  2.17e-07  0.00e+00    0.00    0.00
61248.50  0.50  7.01e-08  0.00e+00    0.00    0.00
61249.50  0.50  2.57e-07  0.00e+00    0.00    0.00
61250.50  0.50  5.04e-08  0.00e+00    0.00    0.00
61251.50  0.50  2.94e-07  0.00e+00    0.00    0.00
61252.50  0.50  1.43e-07  0.00e+00    0.00    0.00
61253.50  0.50  2.40e-07  0.00e+00    0.00    0.00
61254.50  0.50  2.69e-07  0.00e+00    0.00    0.00
61255.50  0.50  3.18e-07  0.00e+00    0.00    0.00
61256.50  0.50  2.38e-07  0.00e+00    0.00    0.00
61257.50  0.50  4.20e-07  0.00e+00    0.00    0.00
61258.50  0.50  3.90e-07  0.00e+00    0.00    0.00
61259.50  0.50  1.04e-07  0.00e+00    0.00    0.00
61260.50  0.50  2.32e-07  0.00e+00    0.00    0.00
61261.50  0.50  2.38e-07  0.00e+00    0.00    0.00
61262.50  0.50  1.57e-07  0.00e+00    0.00    0.00
61263.50  0.50  3.53e-07  0.00e+00    0.00    0.00
61264.50  0.50  8.60e-08  0.00e+00    0.00    0.00
61265.50  0.50  2.44e-07  0.00e+00    0.00    0.00
61266.50  0.50  2.06e-07  0.00e+00    0.00    0.00
61267.50  0.50  1.40e-07  0.00e+00    0.00    0.00
61268.50  0.50  2.39e-07  0.00e+00    0.00    0.00
61269.50  0.50  2.50e-07  0.00e+00    0.00    0.00
61270.50  0.50  1.72e-07  0.00e+00    0.00    0.00
61271.50  0.50  1.58e-07  0.00e+00    0.00    0.00
61272.50  0.50  9.21e-08  0.00e+00    0.00    0.00
61273.50  0.50  3.70e-07  0.00e+00    0.00    0.00
61274.50  0.50  1.92e-07  0.00e+00    0.00    0.00
61275.50  0.50  2.52e-07  0.00e+00    0.00    0.00
61276.50  0.50  3.21e-07  0.00e+00    0.00    0.00
61277.50  0.50  4.43e-07  0.00e+00    0.00    0.00
61278.50  0.50  3.51e-07  1.28e-07    2.50    0.12
61279.50  0.50  5.80e-07  1.90e-07    4.12    0.20
61280.50  0.50  4.71e-07  0.00e+00    0.00    0.00
61281.50  0.50  3.38e-07  0.00e+00    0.00    0.00
61282.50  0.50  2.79e-07  0.00e+00    0.00    0.00
61283.50  0.50  8.19e-08  0.00e+00    0.00    0.00
61284.50  0.50  1.77e-07  0.00e+00    0.00    0.00
61285.50  0.50  3.91e-07  0.00e+00    0.00    0.00
61286.50  0.50  9.53e-08  0.00e+00    0.00    0.00
61287.50  0.50  4.24e-07  0.00e+00    0.00    0.00
61288.50  0.50  2.11e-07  0.00e+00    0.00    0.00
61289.50  0.50  6.46e-07  0.00e+00    0.00    0.00
61290.50  0.50  2.55e-07  0.00e+00    0.00    0.00
61291.50  0.50  3.06e-07  0.00e+00    0.00    0.00
61292.50  0.50  3.35e-07  0.00e+00    0.00    0.00
61293.50  0.50  2.69e-07  0.00e+00    0.00    0.00
61294.50  0.50  1.81e-07  0.00e+00    0.00    0.00
61295.50  0.50  2.14e-07  0.00e+00    0.00    0.00
61296.50  0.50  1.59e-07  0.00e+00    0.00    0.00
61297.50  0.50  1.76e-07  0.00e+00    0.00    0.00
