61202.50  3.50  1.72e-07  0.00e+00    0.00    0.00
61209.50  3.50  1.11e-07  0.00e+00    0.00    0.00
61216.50  3.50  3.16e-08  0.00e+00    0.00    0.00
61223.50  3.50  6.19e-08  0.00e+00    0.00    0.00
61230.50  3.50  1.03e-07  0.00e+00    0.00    0.00
61237.50  3.50  7.25e-08  0.00e+00    0.00    0.00
61244.50  3.50  7.88e-08  0.00e+00    0.00    0.00
61251.50  3.50  8.35e-08  0.00e+00    0.00    0.00
61258.50  3.50  1.44e-07  0.00e+00    0.00    0.00
61265.50  3.50  9.73e-08  0.00e+00    0.00    0.00
61272.50  3.50  9.55e-08  0.00e+00    0.00    0.00
61279.50  3.50  2.49e-07  4.71e-08    1.77    0.09
61286.50  3.50  1.12e-07  0.00e+00    0.00    0.00
61293.50  3.50  7.50e-08  2.92e-08    0.53    0.03
