61209.50  3.50  2.02e-09  0.00e+00    0.00    0.00
61216.50  3.50  7.83e-09  0.00e+00    0.00    0.00
61223.50  3.50  8.37e-09  0.00e+00    0.00    0.00
61230.50  3.50  3.43e-09  0.00e+00    0.00    0.00
61237.50  3.50  6.87e-09  0.00e+00    0.00    0.00
61244.50  3.50  3.70e-09  0.00e+00    0.00    0.00
61251.50  3.50  2.35e-09  0.00e+00    0.00    0.00
61258.50  3.50  5.75e-09  0.00e+00    0.00    0.00
61265.50  3.50  8.54e-09  3.44e-09    0.74    0.04
61272.50  3.50  5.08e-09  0.00e+00    0.00    0.00
61279.50  3.50  1.47e-08  0.00e+00    0.00    0.00
61286.50  3.50  1.53e-08  0.00e+00    0.00    0.00
61293.50  3.50  1.55e-08  0.00e+00    0.00    0.00
61300.50  3.50  1.28e-08  0.00e+00    0.00    0.00
