/*
**
**  Swift/XRT light curve for PKS 0235+164.
**
**  Data taken from the automatic processing at http://www.swift.psu.edu/monitoring/
**
**  When using these data and results in publications, please reference M.C. Stroh & A.D. Falcone 2013, ApJS, 207, 28; arXiv: 1305.4949.
**
**  Key:
**
**   BinCenter      - Center of time bin (MJD)
**   BinHW          - One-half of the full time bin size (days)
**   Rate           - The background subtracted, PSF corrected and pile-up corrected source count rate (cts/s).
**   RateError      - 1 sigma error in source count rate (cts/s)
**   FracExp        - Conversion factor between bin size and observing time
**   Mode           - 0 if in Windowed Timing (WT)
**                    1 if in Photon Counting (PC)
**
**
**  Upper limits have an error listed as -1.00000.
**
*/
      BinCenter          BinHW           Rate      RateError        FracExp  Mode
   53549.304117       0.272222        0.04373        0.00282        0.20269     1
   53558.520615       0.446004        0.05037        0.00248        0.15189     1
   54128.455615       0.335306        0.12293        0.00456        0.14035     1
   54129.393816       0.338777        0.13857        0.00428        0.16653     1
   54132.172477       0.171923        0.15363        0.00882        0.08225     1
   54133.138582       0.075939        0.16300        0.00666        0.34446     1
   54134.472647       0.468969        0.19749        0.00745        0.05391     1
   54135.776859       0.163565        0.28303        0.06578        0.00315     0
   54135.781308       0.167958        0.17803        0.00722        0.14533     1
   54136.746873       0.071974        0.19378        0.00986        0.19655     1
   54136.814853       0.139991        0.22703        0.01783        0.03541     0
   54137.453512       0.432185        0.21051        0.01703        0.01314     0
   54137.458287       0.436810        0.19083        0.00702        0.06307     1
   54138.833108       0.005549        0.16969        0.01479        0.98584     1
   54138.894291       0.066782        0.25086        0.01321        0.32584     0
   54139.460338       0.435459        0.19705        0.00894        0.03997     1
   54140.955052       0.002586        0.21170        0.02468        0.96830     1
   54142.395065       0.102855        0.17197        0.01137        0.11023     1
   54144.941934       0.039306        0.18365        0.01108        0.27760     1
   54146.414352       0.039103        0.19233        0.01127        0.28107     1
   54148.136065       0.135464        0.21403        0.01229        0.07376     1
   54150.770553       0.032886        0.23478        0.01240        0.33152     1
   54150.960060       0.034266        0.25525        0.01433        0.32665     1
   54152.045899       0.042284        0.20503        0.00955        0.39454     1
   54155.922734       0.041122        0.17608        0.00960        0.33807     1
   54157.331091       0.039015        0.18143        0.01091        0.28649     1
   54159.200297       0.039277        0.18077        0.01074        0.28760     1
   54711.497507       0.203807        0.11365        0.00460        0.19112     1
   54719.869433       0.069461        0.13100        0.01254        0.10226     1
   54729.649506       0.005999        0.11482        0.01177        0.98060     1
   54737.905755       0.834502        0.15838        0.01253        0.00964     1
   54740.651550       0.034556        0.13947        0.01454        0.16912     1
   54747.747561       0.037824        0.18395        0.01066        0.32131     1
   54758.741946       0.037897        1.27992        0.05395        0.17098     1
   54761.753994       0.037665        1.33240        0.04890        0.18013     1
   54768.836188       0.033902        0.61499        0.04381        0.07075     1
   54780.345648       0.036270        0.16238        0.01984        0.08250     1
   54781.054385       0.006696        0.12791        0.01250        0.98026     1
   54789.560198       0.006420        0.16434        0.01370        0.98621     1
   54790.834942       0.003878        0.16610        0.01777        0.97753     1
   54803.710864       0.033583        0.16032        0.01316        0.20032     1
   54813.641279       0.070507        0.10503        0.01169        0.07949     1
   54818.524722       0.135682        0.18650        0.01396        0.05097     1
   55087.358341       0.038856        0.07991        0.00729        0.28644     1
   55098.442888       0.140447        0.06996        0.01173        0.04747     1
   55117.745351       0.040018        0.09337        0.00731        0.32387     1
   55135.047185       0.006290        0.09020        0.01095        0.97746     1
   55142.088596       0.006522        0.08977        0.01019        0.96474     1
   55155.154215       0.036706        0.06288        0.00866        0.18594     1
   55162.937039       0.036561        0.07647        0.00967        0.16452     1
   55169.313727       0.006348        0.06650        0.00885        0.98062     1
   55176.223760       0.005403        0.08659        0.01987        0.92516     1
   55190.477744       0.006246        0.12585        0.01253        0.96733     1
   55197.956116       0.005665        0.14760        0.01393        0.95534     1
   55204.985013       0.005912        0.13305        0.01291        0.96793     1
   55211.541933       0.005984        0.17408        0.01460        0.97089     1
   55218.035966       0.006348        0.09517        0.01063        0.97375     1
   55226.140372       0.005462        0.07610        0.01036        0.97345     1
   55413.295187       0.035500        0.05105        0.00712        0.25481     1
   55474.058802       0.038405        0.03469        0.00651        0.19023     1
   55481.438454       0.007350        0.03835        0.00917        0.67025     1
   55488.546082       0.005955        0.08846        0.01074        0.97519     1
   55495.972804       0.005621        0.04330        0.00884        0.98149     1
   55502.888013       0.041136        0.04408        0.00535        0.30608     1
   55509.892247       0.005636        0.03479        0.00847        0.98660     1
   55516.378057       0.008018        0.03601        0.00569        0.98891     1
   55523.324587       0.005955        0.02803        0.00628        0.98070     1
   55523.607522       0.335495        0.03473        0.01006        0.00777     1
   55530.833905       0.007030        0.03845        0.00680        0.96664     1
   55537.581122       0.007059        0.03555        0.00610        0.96518     1
   55544.276539       0.004764        0.02927        0.00710        0.99079     1
   55551.906684       0.007176        0.04725        0.00738        0.97352     1
   55558.722693       0.005738        0.02568        0.00581        0.95917     1
   55565.963789       0.007030        0.02715        0.00567        0.96915     1
   55579.209843       0.006812        0.03367        0.00636        0.97874     1
   55586.235052       0.007277        0.03822        0.00656        0.98150     1
   55595.231835       0.175075        0.03168        0.00414        0.09551     1
   55595.566205       0.108055        0.03107        0.00444        0.12092     1
   55770.591007       0.104569        0.05621        0.00535        0.16128     1
   55773.704312       0.335248        0.04425        0.00639        0.02768     1
   55779.080569       0.039553        0.05588        0.00693        0.42459     1
   55782.885763       0.107968        0.07524        0.00590        0.14797     1
   55785.304642       0.302289        0.04459        0.00489        0.05464     1
   55850.491536       0.002905        0.05124        0.01208        0.97392     1
   55854.427427       0.001729        0.07133       -1.00000        0.96954     1
   55863.247178       0.002803        0.04981        0.01248        0.92371     1
   55867.061358       0.006696        0.05763        0.00841        0.97908     1
   55868.534126       0.002673        0.06506        0.01422        0.97917     1
   55882.317824       0.005752        0.05511        0.00894        0.98698     1
   55889.735580       0.006014        0.04667        0.00800        0.98535     1
   55896.486708       0.005636        0.04346        0.00759        0.96174     1
   55907.661637       0.000174        0.23417       -1.00000        0.93685     1
   55910.876798       0.004445        0.04533        0.00947        0.91931     1
   55917.418037       0.005549        0.04027        0.00777        0.98323     1
   55924.362657       0.004706        0.04233        0.00870        0.97222     1
   55938.403114       0.005868        0.05742        0.00898        0.97994     1
   55945.023245       0.005897        0.04887        0.00826        0.98682     1
   55952.447610       0.005854        0.02765        0.00803        0.97798     1
   56205.731745       0.005055        0.03310        0.00740        0.97427     1
   56211.692201       0.005665        0.04764        0.00900        0.97426     1
   56218.633213       0.005665        0.04333        0.00819        0.97180     1
   56225.923512       0.006304        0.04692        0.00794        0.96986     1
   56232.462308       0.005723        0.04390        0.00899        0.96870     1
   56239.550435       0.005767        0.03357        0.00700        0.98714     1
   56253.326040       0.037839        0.01994        0.00416        0.25671     1
   56260.174512       0.007408        0.02598        0.00554        0.95668     1
   56267.871403       0.005665        0.04685        0.00828        0.99005     1
   56274.218569       0.005709        0.02419        0.00587        0.98727     1
   56281.756879       0.004212        0.02620        0.00681        0.97990     1
   56288.301266       0.005665        0.02204        0.00589        0.98483     1
   56295.774706       0.005142        0.01929        0.00557        0.98609     1
   56302.217015       0.035747        0.01379        0.00398        0.19823     1
   56309.509743       0.236068        0.02015        0.00381        0.04376     1
   56316.618611       0.005665        0.02605        0.00673        0.98877     1
   56323.426928       0.004300        0.02600        0.00721        0.95392     1
   56568.515203       0.006275        0.03740        0.00708        0.96759     1
   56575.390216       0.006275        0.04240        0.00750        0.97217     1
   56583.171490       0.169454        0.05223        0.00792        0.03540     1
   56589.213086       0.005636        0.03657        0.00947        0.96542     1
   56596.356503       0.002498        0.03770        0.01140        0.97292     1
   56603.917633       0.039291        0.04798        0.00732        0.18816     1
   56617.301751       0.005839        0.04870        0.00836        0.96504     1
   56624.846323       0.000872        0.08092       -1.00000        0.89192     1
   56637.326940       0.268169        0.02090        0.00558        0.02043     1
   56645.193493       0.005796        0.01883        0.00524        0.97034     1
   56652.726180       0.005738        0.01954       -1.00000        0.98982     1
   56673.733874       0.005694        0.04218        0.00734        0.96724     1
   56680.072487       0.005258        0.03444        0.00753        0.97721     1
   56687.941958       0.003167        0.04981        0.01143        0.98230     1
   56893.930175       0.011548        0.08898        0.00754        0.97447     1
   56896.490758       0.037694        0.07610        0.00913        0.26195     1
   56896.799415       1.940137        0.08179        0.00633        0.01123     1
   56897.501086       0.037781        0.08309        0.00797        0.30887     1
   56899.689258       0.037795        0.07538        0.00726        0.27499     1
   56900.535608       0.006014        0.06383        0.00955        0.97059     1
   56901.423289       0.039175        0.09090        0.00773        0.28741     1
   56902.354552       0.037795        0.09683        0.00831        0.27069     1
   56903.354231       0.038783        0.07417        0.00699        0.28637     1
   56932.517099       0.006507        0.03634        0.00915        0.98004     1
   56953.286787       0.002789        0.06121        0.01369        0.95985     1
   56965.611477       0.005738        0.07405        0.02054        0.23356     1
   56974.875957       0.001888        0.06239        0.01882        0.97264     1
   56979.203473       0.005520        0.04898        0.00880        0.97342     1
   56981.466387       0.009964        0.04073        0.00594        0.95995     1
   56988.052820       0.003413        0.05412        0.01183        0.95409     1
   56993.188266       0.004009        0.02972        0.00794        0.97356     1
   57001.577212       0.006101        0.05804        0.00897        0.96977     1
   57009.977397       0.006595        0.06194        0.00896        0.97108     1
   57016.037827       0.005200        0.05237        0.00913        0.97659     1
   57024.547017       0.006406        0.05894        0.00835        0.96813     1
   57051.443559       0.005694        0.04367        0.00842        0.97693     1
   57270.036575       0.034251        0.06755        0.00816        0.21879     1
   57270.757377       0.044680        0.05187        0.00586        0.26010     1
   57271.134320       0.068415        0.05003        0.00805        0.09764     1
   57271.985705       0.008004        0.06423        0.00867        0.97995     1
   57272.214915       0.038522        0.05790        0.00660        0.27816     1
   57272.680835       0.039262        0.07581        0.00716        0.29226     1
   57273.212889       0.036401        0.06806        0.00896        0.18630     1
   57273.678288       0.039044        0.08374        0.00733        0.30004     1
   57274.209264       0.037243        0.07551        0.00746        0.26901     1
   57274.614829       0.033757        0.09506        0.01182        0.14799     1
   57275.182961       0.005229        0.07965        0.01068        0.95890     1
   57276.741348       0.036938        0.06373        0.01054        0.13842     1
   57277.702594       0.005738        0.06544        0.00987        0.97745     1
   57278.042388       0.006202        0.05856        0.00893        0.96994     1
   57279.073912       0.038565        0.03893        0.00626        0.28491     1
   57279.915234       0.068066        0.06115        0.00885        0.09359     1
   57280.338978       0.036009        0.05856        0.00758        0.21978     1
   57280.766251       0.005955        0.05126        0.00854        0.97653     1
   57281.800267       0.037113        0.03746        0.00711        0.19288     1
   57282.170040       0.002862        0.05952        0.01368        0.93545     1
   57284.195032       0.038289        0.05022        0.00736        0.23535     1
   57286.775610       0.036851        0.05419        0.00585        0.35597     1
   57288.641431       0.039103        0.07029        0.00890        0.28843     1
   57290.505867       0.042705        0.09659        0.00795        0.26787     1
   57293.131245       0.068037        0.10500        0.00875        0.15406     1
   57297.821136       0.033016        0.15134        0.01027        0.32123     1
   57299.550214       0.043504        0.25320        0.01363        0.25793     1
   57300.715608       0.011548        0.19992        0.01136        0.98553     1
   57301.575452       0.072424        0.14687        0.01009        0.16397     1
   57302.485926       0.037679        0.12952        0.01069        0.29098     1
   57303.341699       0.107590        0.11168        0.00891        0.10176     1
   57305.474847       0.035442        0.06595        0.01195        0.12339     1
   57310.638121       0.002847        0.05685        0.01343        0.95975     1
   57317.149261       0.005549        0.05733        0.00931        0.97591     1
   57338.481562       0.002455        0.05984        0.01411        0.96463     1
   57345.129437       0.004576        0.05631        0.01029        0.97628     1
   57354.617527       0.231754        0.04137        0.00835        0.02437     1
   57360.904473       0.469841        0.03428        0.00549        0.02038     1
   57380.930027       0.035907        0.02692        0.00561        0.19613     1
   57386.221884       0.145414        0.05569        0.00428        0.19168     1
   57387.951818       0.005781        0.03617        0.00738        0.94470     1
   57395.200740       0.007597        0.04697        0.00725        0.96947     1
   57401.284166       0.035936        0.15020        0.01678        0.14030     1
   57408.622999       0.000261        0.35631       -1.00000        0.89406     1
   57416.007045       0.004721        0.10999        0.01401        0.90053     1
   57429.498288       0.003094        0.04675        0.01297        0.97665     1
