60453.50  3.50  1.03e-08  0.00e+00    0.00    0.00
60460.50  3.50  1.12e-08  0.00e+00    0.00    0.00
60467.50  3.50  1.28e-08  0.00e+00    0.00    0.00
60474.50  3.50  5.29e-09  0.00e+00    0.00    0.00
60544.50  3.50  1.93e-08  0.00e+00    0.00    0.00
60656.50  3.50  6.96e-09  0.00e+00    0.00    0.00
60761.50  3.50  1.93e-08  0.00e+00    0.00    0.00
60782.50  3.50  5.10e-09  0.00e+00    0.00    0.00
60789.50  3.50  1.34e-08  0.00e+00    0.00    0.00
60873.50  3.50  1.48e-08  0.00e+00    0.00    0.00
61027.50  3.50  1.20e-08  0.00e+00    0.00    0.00
61041.50  3.50  2.67e-09  0.00e+00    0.00    0.00
61223.50  3.50  7.33e-07  0.00e+00    0.00    0.00
61300.50  3.50  8.11e-09  0.00e+00    0.00    0.00
