61186.50  0.50  2.68e-07  0.00e+00    0.00    0.00
61187.50  0.50  4.30e-07  0.00e+00    0.00    0.00
61188.50  0.50  3.97e-07  0.00e+00    0.00    0.00
61189.50  0.50  1.31e-07  0.00e+00    0.00    0.00
61190.50  0.50  3.63e-07  0.00e+00    0.00    0.00
61191.50  0.50  7.10e-08  0.00e+00    0.00    0.00
61192.50  0.50  1.55e-07  0.00e+00    0.00    0.00
61194.50  0.50  2.92e-07  0.00e+00    0.00    0.00
61195.50  0.50  9.35e-08  0.00e+00    0.00    0.00
61196.50  0.50  5.24e-07  0.00e+00    0.00    0.00
61197.50  0.50  5.19e-07  0.00e+00    0.00    0.00
61198.50  0.50  4.97e-07  0.00e+00    0.00    0.00
61200.50  0.50  4.48e-08  0.00e+00    0.00    0.00
61201.50  0.50  2.34e-07  0.00e+00    0.00    0.00
61202.50  0.50  4.03e-07  0.00e+00    0.00    0.00
61203.50  0.50  4.68e-08  0.00e+00    0.00    0.00
61204.50  0.50  4.97e-07  0.00e+00    0.00    0.00
61205.50  0.50  7.57e-08  0.00e+00    0.00    0.00
61208.50  0.50  5.06e-07  0.00e+00    0.00    0.00
61209.50  0.50  6.08e-08  0.00e+00    0.00    0.00
61210.50  0.50  4.62e-08  0.00e+00    0.00    0.00
61211.50  0.50  1.89e-07  0.00e+00    0.00    0.00
61213.50  0.50  1.19e-07  0.00e+00    0.00    0.00
61214.50  0.50  2.79e-08  0.00e+00    0.00    0.00
61217.50  0.50  9.15e-08  0.00e+00    0.00    0.00
61218.50  0.50  1.12e-07  0.00e+00    0.00    0.00
61219.50  0.50  6.32e-07  0.00e+00    0.00    0.00
61221.50  0.50  3.68e-08  0.00e+00    0.00    0.00
61222.50  0.50  8.46e-07  0.00e+00    0.00    0.00
61223.50  0.50  1.07e-06  0.00e+00    0.00    0.00
61224.50  0.50  1.67e-06  0.00e+00    0.00    0.00
61225.50  0.50  3.86e-07  0.00e+00    0.00    0.00
61226.50  0.50  4.66e-07  0.00e+00    0.00    0.00
61227.50  0.50  2.00e-07  0.00e+00    0.00    0.00
61228.50  0.50  1.30e-07  0.00e+00    0.00    0.00
61229.50  0.50  7.08e-08  0.00e+00    0.00    0.00
61231.50  0.50  1.58e-07  0.00e+00    0.00    0.00
61232.50  0.50  6.70e-08  0.00e+00    0.00    0.00
61233.50  0.50  3.97e-07  0.00e+00    0.00    0.00
61234.50  0.50  1.27e-07  0.00e+00    0.00    0.00
61235.50  0.50  1.35e-07  0.00e+00    0.00    0.00
61236.50  0.50  1.59e-07  0.00e+00    0.00    0.00
61237.50  0.50  7.92e-08  0.00e+00    0.00    0.00
61239.50  0.50  6.22e-08  0.00e+00    0.00    0.00
61240.50  0.50  1.86e-07  0.00e+00    0.00    0.00
61241.50  0.50  3.57e-07  0.00e+00    0.00    0.00
61242.50  0.50  5.95e-07  0.00e+00    0.00    0.00
61244.50  0.50  3.99e-08  0.00e+00    0.00    0.00
61245.50  0.50  2.68e-07  0.00e+00    0.00    0.00
61246.50  0.50  1.65e-07  0.00e+00    0.00    0.00
61247.50  0.50  1.57e-07  0.00e+00    0.00    0.00
61248.50  0.50  3.33e-07  0.00e+00    0.00    0.00
61249.50  0.50  2.77e-07  0.00e+00    0.00    0.00
61250.50  0.50  1.61e-07  0.00e+00    0.00    0.00
61252.50  0.50  3.67e-07  0.00e+00    0.00    0.00
61253.50  0.50  3.51e-07  0.00e+00    0.00    0.00
61255.50  0.50  2.88e-07  0.00e+00    0.00    0.00
61256.50  0.50  3.28e-07  0.00e+00    0.00    0.00
61257.50  0.50  4.49e-07  0.00e+00    0.00    0.00
61258.50  0.50  1.53e-07  0.00e+00    0.00    0.00
61259.50  0.50  6.08e-08  0.00e+00    0.00    0.00
61261.50  0.50  1.95e-07  0.00e+00    0.00    0.00
61262.50  0.50  4.80e-08  0.00e+00    0.00    0.00
61263.50  0.50  7.61e-08  0.00e+00    0.00    0.00
61264.50  0.50  2.75e-08  0.00e+00    0.00    0.00
61265.50  0.50  4.45e-07  0.00e+00    0.00    0.00
61266.50  0.50  1.98e-07  0.00e+00    0.00    0.00
61267.50  0.50  1.49e-07  0.00e+00    0.00    0.00
61269.50  0.50  1.59e-07  0.00e+00    0.00    0.00
61270.50  0.50  7.07e-07  0.00e+00    0.00    0.00
61271.50  0.50  1.44e-06  0.00e+00    0.00    0.00
61272.50  0.50  4.84e-06  0.00e+00    0.00    0.00
61273.50  0.50  2.87e-07  0.00e+00    0.00    0.00
61274.50  0.50  3.86e-07  0.00e+00    0.00    0.00
61275.50  0.50  4.44e-07  0.00e+00    0.00    0.00
61276.50  0.50  1.92e-08  0.00e+00    0.00    0.00
61277.50  0.50  6.20e-07  0.00e+00    0.00    0.00
61278.50  0.50  8.64e-06  0.00e+00    0.00    0.00
61279.50  0.50  1.88e-07  0.00e+00    0.00    0.00
61280.50  0.50  7.26e-07  0.00e+00    0.00    0.00
61281.50  0.50  1.83e-07  0.00e+00    0.00    0.00
61282.50  0.50  7.22e-07  0.00e+00    0.00    0.00
61283.50  0.50  2.32e-07  0.00e+00    0.00    0.00
61284.50  0.50  2.06e-07  0.00e+00    0.00    0.00
61286.50  0.50  1.82e-07  0.00e+00    0.00    0.00
61287.50  0.50  7.68e-08  0.00e+00    0.00    0.00
61288.50  0.50  4.31e-07  0.00e+00    0.00    0.00
61289.50  0.50  4.35e-07  0.00e+00    0.00    0.00
61290.50  0.50  4.68e-07  0.00e+00    0.00    0.00
61291.50  0.50  4.78e-07  0.00e+00    0.00    0.00
61292.50  0.50  4.62e-07  0.00e+00    0.00    0.00
61293.50  0.50  2.76e-07  0.00e+00    0.00    0.00
61294.50  0.50  5.15e-07  0.00e+00    0.00    0.00
61295.50  0.50  2.92e-07  0.00e+00    0.00    0.00
61296.50  0.50  3.94e-07  0.00e+00    0.00    0.00
61297.50  0.50  1.73e-07  0.00e+00    0.00    0.00
61298.50  0.50  4.60e-07  0.00e+00    0.00    0.00
61299.50  0.50  1.49e-07  0.00e+00    0.00    0.00
61300.50  0.50  1.56e-07  0.00e+00    0.00    0.00
61301.50  0.50  1.19e-07  0.00e+00    0.00    0.00
