60446.50  3.50  1.85e-07  0.00e+00    0.00    0.00
60453.50  3.50  1.28e-07  0.00e+00    0.00    0.00
60460.50  3.50  1.90e-07  0.00e+00    0.00    0.00
60467.50  3.50  2.31e-07  0.00e+00    0.00    0.00
60474.50  3.50  4.10e-08  0.00e+00    0.00    0.00
60544.50  3.50  4.86e-07  0.00e+00    0.00    0.00
60656.50  3.50  2.25e-07  0.00e+00    0.00    0.00
60761.50  3.50  3.28e-07  5.51e-09    3.46    0.05
60782.50  3.50  1.68e-07  0.00e+00    0.00    0.00
60789.50  3.50  1.39e-07  0.00e+00    0.00    0.00
60873.50  3.50  1.51e-07  0.00e+00    0.00    0.00
61027.50  3.50  1.83e-07  0.00e+00    0.00    0.00
61041.50  3.50  2.42e-07  0.00e+00    0.00    0.00
61223.50  3.50  1.86e-06  0.00e+00    0.00    0.00
