61192.50  0.50  1.69e-08  0.00e+00    0.00    0.00
61194.50  0.50  3.44e-08  0.00e+00    0.00    0.00
61195.50  0.50  3.31e-08  0.00e+00    0.00    0.00
61196.50  0.50  1.41e-08  0.00e+00    0.00    0.00
61197.50  0.50  2.44e-08  0.00e+00    0.00    0.00
61198.50  0.50  1.38e-08  0.00e+00    0.00    0.00
61200.50  0.50  1.55e-08  0.00e+00    0.00    0.00
61201.50  0.50  1.56e-08  0.00e+00    0.00    0.00
61202.50  0.50  1.65e-08  0.00e+00    0.00    0.00
61203.50  0.50  1.08e-08  0.00e+00    0.00    0.00
61204.50  0.50  1.01e-08  0.00e+00    0.00    0.00
61205.50  0.50  2.48e-08  0.00e+00    0.00    0.00
61208.50  0.50  2.62e-08  0.00e+00    0.00    0.00
61209.50  0.50  1.35e-08  0.00e+00    0.00    0.00
61210.50  0.50  3.35e-08  0.00e+00    0.00    0.00
61211.50  0.50  2.43e-08  0.00e+00    0.00    0.00
61213.50  0.50  3.67e-08  0.00e+00    0.00    0.00
61214.50  0.50  8.21e-09  0.00e+00    0.00    0.00
61217.50  0.50  1.13e-08  0.00e+00    0.00    0.00
61218.50  0.50  1.26e-08  0.00e+00    0.00    0.00
61219.50  0.50  3.05e-08  0.00e+00    0.00    0.00
61221.50  0.50  1.31e-08  0.00e+00    0.00    0.00
61222.50  0.50  3.67e-08  0.00e+00    0.00    0.00
61223.50  0.50  6.15e-07  0.00e+00    0.00    0.00
61224.50  0.50  7.65e-07  0.00e+00    0.00    0.00
61225.50  0.50  2.63e-08  0.00e+00    0.00    0.00
61226.50  0.50  1.09e-08  0.00e+00    0.00    0.00
61227.50  0.50  5.30e-08  0.00e+00    0.00    0.00
61228.50  0.50  4.64e-08  0.00e+00    0.00    0.00
61229.50  0.50  2.01e-08  0.00e+00    0.00    0.00
61231.50  0.50  2.90e-08  0.00e+00    0.00    0.00
61232.50  0.50  1.71e-08  0.00e+00    0.00    0.00
61233.50  0.50  5.18e-08  0.00e+00    0.00    0.00
61234.50  0.50  2.20e-08  0.00e+00    0.00    0.00
61235.50  0.50  6.27e-08  0.00e+00    0.00    0.00
61236.50  0.50  1.31e-08  0.00e+00    0.00    0.00
61237.50  0.50  1.59e-08  0.00e+00    0.00    0.00
61239.50  0.50  1.97e-08  0.00e+00    0.00    0.00
61240.50  0.50  2.92e-08  0.00e+00    0.00    0.00
61241.50  0.50  1.40e-08  0.00e+00    0.00    0.00
61242.50  0.50  4.37e-08  0.00e+00    0.00    0.00
61244.50  0.50  1.27e-08  0.00e+00    0.00    0.00
61245.50  0.50  3.37e-08  0.00e+00    0.00    0.00
61246.50  0.50  4.34e-08  0.00e+00    0.00    0.00
61247.50  0.50  1.95e-08  0.00e+00    0.00    0.00
61248.50  0.50  3.89e-08  0.00e+00    0.00    0.00
61249.50  0.50  1.47e-08  0.00e+00    0.00    0.00
61250.50  0.50  2.70e-08  0.00e+00    0.00    0.00
61252.50  0.50  3.99e-08  0.00e+00    0.00    0.00
61253.50  0.50  1.32e-08  0.00e+00    0.00    0.00
61255.50  0.50  1.34e-08  0.00e+00    0.00    0.00
61256.50  0.50  3.16e-08  0.00e+00    0.00    0.00
61257.50  0.50  4.32e-08  0.00e+00    0.00    0.00
61258.50  0.50  7.52e-09  0.00e+00    0.00    0.00
61259.50  0.50  1.12e-08  0.00e+00    0.00    0.00
61261.50  0.50  1.48e-08  0.00e+00    0.00    0.00
61262.50  0.50  8.22e-09  0.00e+00    0.00    0.00
61263.50  0.50  8.25e-09  0.00e+00    0.00    0.00
61264.50  0.50  1.10e-08  0.00e+00    0.00    0.00
61265.50  0.50  2.30e-08  0.00e+00    0.00    0.00
61266.50  0.50  5.03e-08  0.00e+00    0.00    0.00
61267.50  0.50  5.88e-08  0.00e+00    0.00    0.00
61269.50  0.50  3.98e-08  0.00e+00    0.00    0.00
61270.50  0.50  2.44e-08  0.00e+00    0.00    0.00
61271.50  0.50  2.70e-07  0.00e+00    0.00    0.00
61272.50  0.50  6.33e-07  0.00e+00    0.00    0.00
61273.50  0.50  8.91e-09  0.00e+00    0.00    0.00
61274.50  0.50  3.66e-08  0.00e+00    0.00    0.00
61275.50  0.50  3.06e-08  0.00e+00    0.00    0.00
61276.50  0.50  8.26e-09  0.00e+00    0.00    0.00
61277.50  0.50  4.67e-08  0.00e+00    0.00    0.00
61278.50  0.50  1.21e-06  0.00e+00    0.00    0.00
61279.50  0.50  3.74e-08  0.00e+00    0.00    0.00
61280.50  0.50  9.75e-08  0.00e+00    0.00    0.00
61281.50  0.50  2.07e-08  0.00e+00    0.00    0.00
61282.50  0.50  3.67e-08  0.00e+00    0.00    0.00
61283.50  0.50  1.63e-08  0.00e+00    0.00    0.00
61284.50  0.50  2.07e-08  0.00e+00    0.00    0.00
61286.50  0.50  1.77e-08  0.00e+00    0.00    0.00
61287.50  0.50  3.89e-08  0.00e+00    0.00    0.00
61288.50  0.50  1.40e-08  0.00e+00    0.00    0.00
61289.50  0.50  3.87e-08  0.00e+00    0.00    0.00
61290.50  0.50  5.33e-08  0.00e+00    0.00    0.00
61291.50  0.50  2.78e-08  0.00e+00    0.00    0.00
61292.50  0.50  2.77e-08  0.00e+00    0.00    0.00
61293.50  0.50  4.66e-08  0.00e+00    0.00    0.00
61294.50  0.50  3.30e-08  0.00e+00    0.00    0.00
61295.50  0.50  2.84e-08  0.00e+00    0.00    0.00
61296.50  0.50  3.67e-08  0.00e+00    0.00    0.00
61297.50  0.50  1.53e-08  0.00e+00    0.00    0.00
61298.50  0.50  1.24e-08  0.00e+00    0.00    0.00
61299.50  0.50  8.91e-09  0.00e+00    0.00    0.00
61300.50  0.50  2.50e-08  0.00e+00    0.00    0.00
61301.50  0.50  3.13e-08  0.00e+00    0.00    0.00
61302.50  0.50  2.14e-08  0.00e+00    0.00    0.00
61303.50  0.50  3.36e-08  0.00e+00    0.00    0.00
61304.50  0.50  3.07e-08  0.00e+00    0.00    0.00
61305.50  0.50  2.32e-08  0.00e+00    0.00    0.00
61307.50  0.50  1.79e-08  0.00e+00    0.00    0.00
61308.50  0.50  2.36e-08  0.00e+00    0.00    0.00
