61197.50  0.50  1.66e-08  0.00e+00    0.00    0.00
61198.50  0.50  1.50e-08  0.00e+00    0.00    0.00
61199.50  0.50  4.18e-08  0.00e+00    0.00    0.00
61200.50  0.50  2.91e-08  0.00e+00    0.00    0.00
61201.50  0.50  2.25e-08  0.00e+00    0.00    0.00
61207.50  0.50  2.59e-08  0.00e+00    0.00    0.00
61210.50  0.50  2.86e-05  0.00e+00    0.00    0.00
61211.50  0.50  1.88e-07  0.00e+00    0.00    0.00
61212.50  0.50  6.39e-08  0.00e+00    0.00    0.00
61213.50  0.50  4.79e-08  0.00e+00    0.00    0.00
61214.50  0.50  3.77e-08  0.00e+00    0.00    0.00
61215.50  0.50  2.57e-08  0.00e+00    0.00    0.00
61216.50  0.50  5.03e-08  0.00e+00    0.00    0.00
61217.50  0.50  4.60e-08  0.00e+00    0.00    0.00
61218.50  0.50  7.59e-08  0.00e+00    0.00    0.00
61219.50  0.50  1.04e-07  0.00e+00    0.00    0.00
61220.50  0.50  1.20e-07  0.00e+00    0.00    0.00
61221.50  0.50  1.14e-07  0.00e+00    0.00    0.00
61222.50  0.50  5.96e-08  0.00e+00    0.00    0.00
61223.50  0.50  2.85e-08  0.00e+00    0.00    0.00
61224.50  0.50  1.48e-08  0.00e+00    0.00    0.00
61225.50  0.50  1.59e-08  0.00e+00    0.00    0.00
61226.50  0.50  1.67e-08  0.00e+00    0.00    0.00
61227.50  0.50  5.14e-08  0.00e+00    0.00    0.00
61228.50  0.50  1.43e-08  0.00e+00    0.00    0.00
61229.50  0.50  3.75e-08  0.00e+00    0.00    0.00
61230.50  0.50  1.49e-08  0.00e+00    0.00    0.00
61231.50  0.50  1.63e-08  0.00e+00    0.00    0.00
61232.50  0.50  3.26e-08  0.00e+00    0.00    0.00
61233.50  0.50  6.23e-08  0.00e+00    0.00    0.00
61234.50  0.50  1.39e-08  0.00e+00    0.00    0.00
61235.50  0.50  2.17e-08  0.00e+00    0.00    0.00
61236.50  0.50  1.46e-08  0.00e+00    0.00    0.00
61237.50  0.50  4.42e-08  0.00e+00    0.00    0.00
61238.50  0.50  1.75e-08  0.00e+00    0.00    0.00
61239.50  0.50  3.93e-08  0.00e+00    0.00    0.00
61240.50  0.50  1.48e-08  0.00e+00    0.00    0.00
61241.50  0.50  1.52e-08  0.00e+00    0.00    0.00
61242.50  0.50  1.30e-08  0.00e+00    0.00    0.00
61243.50  0.50  6.47e-08  0.00e+00    0.00    0.00
61244.50  0.50  1.37e-08  0.00e+00    0.00    0.00
61245.50  0.50  1.36e-08  0.00e+00    0.00    0.00
61246.50  0.50  3.85e-08  0.00e+00    0.00    0.00
61247.50  0.50  5.53e-08  0.00e+00    0.00    0.00
61248.50  0.50  6.49e-08  0.00e+00    0.00    0.00
61249.50  0.50  3.16e-08  0.00e+00    0.00    0.00
61250.50  0.50  2.60e-08  0.00e+00    0.00    0.00
61251.50  0.50  5.33e-08  0.00e+00    0.00    0.00
61252.50  0.50  4.20e-08  0.00e+00    0.00    0.00
61253.50  0.50  5.73e-08  0.00e+00    0.00    0.00
61254.50  0.50  9.80e-08  0.00e+00    0.00    0.00
61255.50  0.50  4.09e-08  0.00e+00    0.00    0.00
61256.50  0.50  5.46e-08  0.00e+00    0.00    0.00
61257.50  0.50  1.04e-07  0.00e+00    0.00    0.00
61258.50  0.50  2.19e-07  0.00e+00    0.00    0.00
61259.50  0.50  2.15e-05  0.00e+00    0.00    0.00
61265.50  0.50  8.21e-08  0.00e+00    0.00    0.00
61266.50  0.50  3.61e-08  0.00e+00    0.00    0.00
61267.50  0.50  1.58e-08  0.00e+00    0.00    0.00
61268.50  0.50  6.11e-08  0.00e+00    0.00    0.00
61269.50  0.50  4.37e-08  0.00e+00    0.00    0.00
61270.50  0.50  1.63e-08  0.00e+00    0.00    0.00
61271.50  0.50  1.60e-08  0.00e+00    0.00    0.00
61272.50  0.50  1.52e-08  0.00e+00    0.00    0.00
61273.50  0.50  5.46e-08  0.00e+00    0.00    0.00
61274.50  0.50  1.45e-08  0.00e+00    0.00    0.00
61275.50  0.50  1.76e-08  0.00e+00    0.00    0.00
61276.50  0.50  2.59e-08  0.00e+00    0.00    0.00
61277.50  0.50  2.01e-08  0.00e+00    0.00    0.00
61278.50  0.50  4.88e-08  0.00e+00    0.00    0.00
61279.50  0.50  4.97e-08  1.98e-08    9.41    0.11
61280.50  0.50  7.26e-08  0.00e+00    0.00    0.00
61281.50  0.50  6.58e-08  2.82e-08    12.45    0.15
61282.50  0.50  3.24e-08  0.00e+00    0.00    0.00
61283.50  0.50  1.42e-08  0.00e+00    0.00    0.00
61284.50  0.50  1.62e-08  0.00e+00    0.00    0.00
61285.50  0.50  3.77e-08  0.00e+00    0.00    0.00
61286.50  0.50  3.78e-08  1.85e-08    7.14    0.09
61287.50  0.50  3.63e-08  0.00e+00    0.00    0.00
61288.50  0.50  1.25e-08  0.00e+00    0.00    0.00
61289.50  0.50  1.27e-08  0.00e+00    0.00    0.00
61290.50  0.50  1.59e-08  0.00e+00    0.00    0.00
61291.50  0.50  1.18e-08  0.00e+00    0.00    0.00
61292.50  0.50  1.27e-08  0.00e+00    0.00    0.00
61293.50  0.50  1.23e-08  0.00e+00    0.00    0.00
61294.50  0.50  2.94e-08  0.00e+00    0.00    0.00
61295.50  0.50  1.70e-08  0.00e+00    0.00    0.00
61296.50  0.50  2.38e-08  0.00e+00    0.00    0.00
61297.50  0.50  2.25e-08  0.00e+00    0.00    0.00
61298.50  0.50  1.24e-08  0.00e+00    0.00    0.00
61299.50  0.50  1.20e-08  0.00e+00    0.00    0.00
61300.50  0.50  1.14e-08  0.00e+00    0.00    0.00
61301.50  0.50  1.57e-08  0.00e+00    0.00    0.00
61302.50  0.50  1.05e-08  0.00e+00    0.00    0.00
61303.50  0.50  2.61e-08  0.00e+00    0.00    0.00
61304.50  0.50  1.15e-08  0.00e+00    0.00    0.00
61305.50  0.50  1.38e-08  0.00e+00    0.00    0.00
61306.50  0.50  2.02e-08  0.00e+00    0.00    0.00
61307.50  0.50  2.19e-08  0.00e+00    0.00    0.00
61308.50  0.50  2.34e-08  0.00e+00    0.00    0.00
