61202.50  3.50  1.78e-08  0.00e+00    0.00    0.00
61209.50  3.50  1.35e-08  0.00e+00    0.00    0.00
61216.50  3.50  1.37e-08  0.00e+00    0.00    0.00
61223.50  3.50  8.79e-09  0.00e+00    0.00    0.00
61230.50  3.50  1.17e-08  0.00e+00    0.00    0.00
61237.50  3.50  5.49e-09  0.00e+00    0.00    0.00
61244.50  3.50  9.33e-09  0.00e+00    0.00    0.00
61251.50  3.50  1.11e-08  0.00e+00    0.00    0.00
61258.50  3.50  1.68e-08  0.00e+00    0.00    0.00
61265.50  3.50  2.27e-08  0.00e+00    0.00    0.00
61272.50  3.50  1.10e-08  0.00e+00    0.00    0.00
61279.50  3.50  2.20e-08  4.05e-09    4.16    0.05
61286.50  3.50  1.29e-08  0.00e+00    0.00    0.00
61293.50  3.50  2.28e-09  0.00e+00    0.00    0.00
