61202.50  3.50  2.29e-07  0.00e+00    0.00    0.00
61209.50  3.50  1.81e-07  0.00e+00    0.00    0.00
61216.50  3.50  1.83e-07  0.00e+00    0.00    0.00
61223.50  3.50  1.17e-07  0.00e+00    0.00    0.00
61230.50  3.50  1.90e-07  2.55e-09    2.47    0.03
61237.50  3.50  5.51e-08  0.00e+00    0.00    0.00
61244.50  3.50  1.34e-07  0.00e+00    0.00    0.00
61251.50  3.50  1.55e-07  0.00e+00    0.00    0.00
61258.50  3.50  2.77e-07  0.00e+00    0.00    0.00
61265.50  3.50  6.45e-08  0.00e+00    0.00    0.00
61272.50  3.50  6.52e-08  9.17e-09    0.85    0.01
61279.50  3.50  1.83e-07  1.81e-09    2.38    0.03
61286.50  3.50  1.27e-07  2.34e-09    1.65    0.02
61293.50  3.50  1.47e-07  0.00e+00    0.00    0.00
