61209.50  3.50  8.86e-09  0.00e+00    0.00    0.00
61216.50  3.50  1.36e-08  0.00e+00    0.00    0.00
61223.50  3.50  5.81e-09  0.00e+00    0.00    0.00
61230.50  3.50  2.55e-09  0.00e+00    0.00    0.00
61237.50  3.50  8.07e-09  0.00e+00    0.00    0.00
61244.50  3.50  2.31e-09  0.00e+00    0.00    0.00
61251.50  3.50  4.84e-06  0.00e+00    0.00    0.00
61258.50  3.50  9.05e-07  0.00e+00    0.00    0.00
61265.50  3.50  6.81e-09  0.00e+00    0.00    0.00
61272.50  3.50  2.57e-09  0.00e+00    0.00    0.00
61279.50  3.50  5.70e-09  0.00e+00    0.00    0.00
61286.50  3.50  2.29e-09  0.00e+00    0.00    0.00
61293.50  3.50  5.33e-09  0.00e+00    0.00    0.00
61300.50  3.50  7.91e-09  0.00e+00    0.00    0.00
