61193.50  0.50  2.97e-07  0.00e+00    0.00    0.00
61194.50  0.50  2.75e-07  0.00e+00    0.00    0.00
61195.50  0.50  3.11e-07  0.00e+00    0.00    0.00
61196.50  0.50  1.99e-07  0.00e+00    0.00    0.00
61197.50  0.50  6.03e-08  0.00e+00    0.00    0.00
61198.50  0.50  7.35e-08  0.00e+00    0.00    0.00
61199.50  0.50  6.02e-08  0.00e+00    0.00    0.00
61200.50  0.50  2.80e-07  0.00e+00    0.00    0.00
61201.50  0.50  8.04e-08  0.00e+00    0.00    0.00
61202.50  0.50  8.77e-07  0.00e+00    0.00    0.00
61204.50  0.50  5.12e-07  0.00e+00    0.00    0.00
61205.50  0.50  3.55e-07  0.00e+00    0.00    0.00
61206.50  0.50  9.23e-07  0.00e+00    0.00    0.00
61207.50  0.50  1.95e-07  0.00e+00    0.00    0.00
61208.50  0.50  1.10e-07  0.00e+00    0.00    0.00
61209.50  0.50  7.34e-08  0.00e+00    0.00    0.00
61210.50  0.50  9.07e-08  0.00e+00    0.00    0.00
61211.50  0.50  1.81e-07  0.00e+00    0.00    0.00
61212.50  0.50  7.21e-08  0.00e+00    0.00    0.00
61213.50  0.50  9.94e-08  0.00e+00    0.00    0.00
61214.50  0.50  7.01e-08  0.00e+00    0.00    0.00
61215.50  0.50  4.86e-07  0.00e+00    0.00    0.00
61216.50  0.50  1.23e-07  0.00e+00    0.00    0.00
61217.50  0.50  3.10e-07  0.00e+00    0.00    0.00
61218.50  0.50  1.83e-07  0.00e+00    0.00    0.00
61219.50  0.50  4.36e-07  0.00e+00    0.00    0.00
61220.50  0.50  4.58e-07  0.00e+00    0.00    0.00
61221.50  0.50  1.53e-07  0.00e+00    0.00    0.00
61222.50  0.50  1.67e-07  0.00e+00    0.00    0.00
61223.50  0.50  7.84e-08  0.00e+00    0.00    0.00
61224.50  0.50  2.82e-07  0.00e+00    0.00    0.00
61225.50  0.50  1.85e-07  0.00e+00    0.00    0.00
61226.50  0.50  7.46e-08  0.00e+00    0.00    0.00
61227.50  0.50  7.17e-08  0.00e+00    0.00    0.00
61228.50  0.50  1.37e-07  0.00e+00    0.00    0.00
61229.50  0.50  5.34e-08  0.00e+00    0.00    0.00
61230.50  0.50  3.10e-07  0.00e+00    0.00    0.00
61231.50  0.50  3.04e-07  0.00e+00    0.00    0.00
61232.50  0.50  5.03e-08  0.00e+00    0.00    0.00
61233.50  0.50  3.77e-07  0.00e+00    0.00    0.00
61234.50  0.50  9.52e-08  0.00e+00    0.00    0.00
61235.50  0.50  7.41e-08  0.00e+00    0.00    0.00
61236.50  0.50  2.24e-07  0.00e+00    0.00    0.00
61237.50  0.50  1.50e-07  0.00e+00    0.00    0.00
61238.50  0.50  4.61e-07  0.00e+00    0.00    0.00
61239.50  0.50  5.47e-08  0.00e+00    0.00    0.00
61240.50  0.50  7.48e-08  0.00e+00    0.00    0.00
61241.50  0.50  1.05e-07  0.00e+00    0.00    0.00
61242.50  0.50  4.77e-08  0.00e+00    0.00    0.00
61243.50  0.50  3.24e-07  0.00e+00    0.00    0.00
61244.50  0.50  2.10e-07  0.00e+00    0.00    0.00
61245.50  0.50  3.59e-08  0.00e+00    0.00    0.00
61246.50  0.50  2.98e-07  0.00e+00    0.00    0.00
61247.50  0.50  7.26e-08  0.00e+00    0.00    0.00
61248.50  0.50  2.10e-05  0.00e+00    0.00    0.00
61249.50  0.50  1.71e-04  0.00e+00    0.00    0.00
61265.50  0.50  1.80e-07  0.00e+00    0.00    0.00
61266.50  0.50  1.51e-07  0.00e+00    0.00    0.00
61267.50  0.50  2.21e-07  0.00e+00    0.00    0.00
61268.50  0.50  2.88e-07  0.00e+00    0.00    0.00
61269.50  0.50  1.37e-07  0.00e+00    0.00    0.00
61270.50  0.50  1.37e-07  0.00e+00    0.00    0.00
61271.50  0.50  1.37e-07  0.00e+00    0.00    0.00
61272.50  0.50  1.08e-07  0.00e+00    0.00    0.00
61273.50  0.50  1.06e-07  0.00e+00    0.00    0.00
61274.50  0.50  2.27e-07  0.00e+00    0.00    0.00
61275.50  0.50  4.11e-07  0.00e+00    0.00    0.00
61276.50  0.50  3.96e-07  0.00e+00    0.00    0.00
61277.50  0.50  6.39e-08  0.00e+00    0.00    0.00
61278.50  0.50  1.49e-07  0.00e+00    0.00    0.00
61279.50  0.50  2.28e-07  0.00e+00    0.00    0.00
61280.50  0.50  2.65e-07  0.00e+00    0.00    0.00
61281.50  0.50  3.47e-07  0.00e+00    0.00    0.00
61282.50  0.50  1.44e-07  0.00e+00    0.00    0.00
61283.50  0.50  4.22e-07  0.00e+00    0.00    0.00
61284.50  0.50  4.80e-07  0.00e+00    0.00    0.00
61285.50  0.50  4.10e-07  0.00e+00    0.00    0.00
61286.50  0.50  4.91e-08  0.00e+00    0.00    0.00
61287.50  0.50  6.06e-07  0.00e+00    0.00    0.00
61288.50  0.50  3.78e-07  0.00e+00    0.00    0.00
61289.50  0.50  3.01e-07  0.00e+00    0.00    0.00
61290.50  0.50  2.52e-07  0.00e+00    0.00    0.00
61291.50  0.50  9.49e-08  0.00e+00    0.00    0.00
61292.50  0.50  1.16e-07  0.00e+00    0.00    0.00
61293.50  0.50  5.67e-08  0.00e+00    0.00    0.00
61294.50  0.50  2.25e-07  0.00e+00    0.00    0.00
61295.50  0.50  4.06e-07  0.00e+00    0.00    0.00
61296.50  0.50  2.04e-07  0.00e+00    0.00    0.00
61297.50  0.50  1.28e-07  0.00e+00    0.00    0.00
61298.50  0.50  8.99e-08  0.00e+00    0.00    0.00
61299.50  0.50  1.33e-07  0.00e+00    0.00    0.00
61300.50  0.50  3.47e-07  0.00e+00    0.00    0.00
61301.50  0.50  1.16e-07  0.00e+00    0.00    0.00
61302.50  0.50  6.56e-08  0.00e+00    0.00    0.00
61303.50  0.50  1.37e-07  0.00e+00    0.00    0.00
61304.50  0.50  8.14e-08  0.00e+00    0.00    0.00
61305.50  0.50  1.25e-07  0.00e+00    0.00    0.00
61306.50  0.50  5.63e-07  0.00e+00    0.00    0.00
61307.50  0.50  2.46e-07  0.00e+00    0.00    0.00
61308.50  0.50  3.15e-07  0.00e+00    0.00    0.00
