61209.50  3.50  4.42e-08  0.00e+00    0.00    0.00
61216.50  3.50  9.09e-08  0.00e+00    0.00    0.00
61223.50  3.50  1.78e-08  0.00e+00    0.00    0.00
61230.50  3.50  2.83e-08  0.00e+00    0.00    0.00
61237.50  3.50  4.64e-08  0.00e+00    0.00    0.00
61244.50  3.50  6.22e-08  0.00e+00    0.00    0.00
61251.50  3.50  1.86e-05  0.00e+00    0.00    0.00
61258.50  3.50  1.78e-05  0.00e+00    0.00    0.00
61265.50  3.50  9.94e-08  0.00e+00    0.00    0.00
61272.50  3.50  9.36e-08  0.00e+00    0.00    0.00
61279.50  3.50  5.11e-08  0.00e+00    0.00    0.00
61286.50  3.50  1.42e-07  0.00e+00    0.00    0.00
61293.50  3.50  5.47e-08  0.00e+00    0.00    0.00
61300.50  3.50  4.75e-08  0.00e+00    0.00    0.00
