61209.50  3.50  3.75e-07  0.00e+00    0.00    0.00
61216.50  3.50  1.21e-07  0.00e+00    0.00    0.00
61223.50  3.50  1.46e-07  0.00e+00    0.00    0.00
61230.50  3.50  2.03e-07  0.00e+00    0.00    0.00
61237.50  3.50  2.83e-07  2.05e-08    3.46    0.00
61244.50  3.50  4.19e-07  1.73e-08    5.13    0.00
61251.50  3.50  6.96e-07  5.66e-07    8.52    0.01
61258.50  3.50  4.44e-07  1.33e-07    5.44    0.00
61265.50  3.50  2.06e-07  0.00e+00    0.00    0.00
61272.50  3.50  4.30e-07  4.89e-08    5.26    0.00
61279.50  3.50  1.56e-07  0.00e+00    0.00    0.00
61286.50  3.50  2.72e-07  4.66e-08    3.34    0.00
61293.50  3.50  2.53e-07  5.30e-08    3.10    0.00
61300.50  3.50  1.94e-07  0.00e+00    0.00    0.00
