61209.50  3.50  3.33e-08  0.00e+00    0.00    0.00
61216.50  3.50  1.96e-08  0.00e+00    0.00    0.00
61223.50  3.50  9.75e-09  0.00e+00    0.00    0.00
61230.50  3.50  8.97e-09  0.00e+00    0.00    0.00
61237.50  3.50  1.55e-08  0.00e+00    0.00    0.00
61244.50  3.50  2.11e-08  6.28e-09    5.73    0.00
61251.50  3.50  2.68e-08  1.98e-09    7.27    0.01
61258.50  3.50  2.82e-08  0.00e+00    0.00    0.00
61265.50  3.50  4.25e-09  0.00e+00    0.00    0.00
61272.50  3.50  2.89e-08  6.92e-09    7.83    0.01
61279.50  3.50  1.19e-08  0.00e+00    0.00    0.00
61286.50  3.50  1.58e-08  0.00e+00    0.00    0.00
61293.50  3.50  1.73e-08  0.00e+00    0.00    0.00
61300.50  3.50  1.36e-08  0.00e+00    0.00    0.00
