61209.50  0.50  6.27e-07  0.00e+00    0.00    0.00
61210.50  0.50  1.18e-06  0.00e+00    0.00    0.00
61211.50  0.50  4.05e-07  0.00e+00    0.00    0.00
61212.50  0.50  1.12e-06  0.00e+00    0.00    0.00
61213.50  0.50  6.58e-07  0.00e+00    0.00    0.00
61214.50  0.50  5.38e-07  0.00e+00    0.00    0.00
61215.50  0.50  1.72e-07  0.00e+00    0.00    0.00
61216.50  0.50  1.75e-07  0.00e+00    0.00    0.00
61217.50  0.50  2.79e-07  0.00e+00    0.00    0.00
61218.50  0.50  1.49e-07  0.00e+00    0.00    0.00
61219.50  0.50  1.62e-07  0.00e+00    0.00    0.00
61220.50  0.50  3.64e-07  0.00e+00    0.00    0.00
61221.50  0.50  1.75e-07  0.00e+00    0.00    0.00
61222.50  0.50  3.71e-07  0.00e+00    0.00    0.00
61223.50  0.50  1.31e-07  0.00e+00    0.00    0.00
61224.50  0.50  1.67e-07  0.00e+00    0.00    0.00
61225.50  0.50  4.67e-07  0.00e+00    0.00    0.00
61226.50  0.50  8.63e-08  0.00e+00    0.00    0.00
61227.50  0.50  3.84e-07  0.00e+00    0.00    0.00
61228.50  0.50  5.24e-07  0.00e+00    0.00    0.00
61229.50  0.50  6.02e-07  0.00e+00    0.00    0.00
61230.50  0.50  1.15e-07  0.00e+00    0.00    0.00
61231.50  0.50  2.92e-07  0.00e+00    0.00    0.00
61232.50  0.50  2.92e-07  0.00e+00    0.00    0.00
61233.50  0.50  5.76e-07  0.00e+00    0.00    0.00
61234.50  0.50  2.82e-07  0.00e+00    0.00    0.00
61235.50  0.50  6.83e-07  0.00e+00    0.00    0.00
61236.50  0.50  3.62e-07  0.00e+00    0.00    0.00
61237.50  0.50  7.54e-07  0.00e+00    0.00    0.00
61238.50  0.50  4.85e-07  0.00e+00    0.00    0.00
61239.50  0.50  4.46e-07  0.00e+00    0.00    0.00
61240.50  0.50  5.89e-07  0.00e+00    0.00    0.00
61241.50  0.50  5.87e-07  0.00e+00    0.00    0.00
61242.50  0.50  5.04e-07  0.00e+00    0.00    0.00
61243.50  0.50  2.20e-07  0.00e+00    0.00    0.00
61244.50  0.50  8.06e-07  0.00e+00    0.00    0.00
61245.50  0.50  6.08e-07  6.13e-08    7.45    0.01
61246.50  0.50  5.56e-07  1.99e-07    6.81    0.00
61247.50  0.50  6.53e-07  5.49e-08    8.00    0.01
61248.50  0.50  8.81e-07  1.51e-08    10.79    0.01
61249.50  0.50  1.08e-06  2.63e-07    13.27    0.01
61250.50  0.50  7.71e-07  0.00e+00    0.00    0.00
61251.50  0.50  6.68e-07  0.00e+00    0.00    0.00
61252.50  0.50  1.77e-06  0.00e+00    0.00    0.00
61253.50  0.50  2.23e-06  0.00e+00    0.00    0.00
61254.50  0.50  3.51e-07  0.00e+00    0.00    0.00
61255.50  0.50  9.49e-07  0.00e+00    0.00    0.00
61256.50  0.50  5.52e-07  0.00e+00    0.00    0.00
61257.50  0.50  9.25e-07  0.00e+00    0.00    0.00
61258.50  0.50  1.71e-06  0.00e+00    0.00    0.00
61259.50  0.50  5.99e-07  0.00e+00    0.00    0.00
61260.50  0.50  7.66e-07  0.00e+00    0.00    0.00
61261.50  0.50  1.34e-06  0.00e+00    0.00    0.00
61262.50  0.50  7.60e-07  0.00e+00    0.00    0.00
61263.50  0.50  2.34e-07  0.00e+00    0.00    0.00
61264.50  0.50  1.19e-06  0.00e+00    0.00    0.00
61265.50  0.50  2.51e-07  0.00e+00    0.00    0.00
61266.50  0.50  5.23e-07  0.00e+00    0.00    0.00
61267.50  0.50  1.94e-07  0.00e+00    0.00    0.00
61268.50  0.50  6.37e-08  0.00e+00    0.00    0.00
61269.50  0.50  5.82e-07  5.04e-08    7.13    0.01
61270.50  0.50  2.82e-07  0.00e+00    0.00    0.00
61271.50  0.50  6.18e-07  9.65e-08    7.57    0.01
61272.50  0.50  2.39e-07  2.45e-08    2.93    0.00
61273.50  0.50  6.46e-07  5.57e-08    7.91    0.01
61274.50  0.50  7.25e-07  0.00e+00    0.00    0.00
61275.50  0.50  8.68e-07  0.00e+00    0.00    0.00
61276.50  0.50  4.29e-07  0.00e+00    0.00    0.00
61277.50  0.50  1.69e-07  0.00e+00    0.00    0.00
61278.50  0.50  3.67e-07  0.00e+00    0.00    0.00
61279.50  0.50  1.68e-07  0.00e+00    0.00    0.00
61280.50  0.50  2.80e-07  0.00e+00    0.00    0.00
61281.50  0.50  4.20e-07  0.00e+00    0.00    0.00
61282.50  0.50  1.23e-07  0.00e+00    0.00    0.00
61283.50  0.50  5.24e-07  0.00e+00    0.00    0.00
61284.50  0.50  7.42e-07  0.00e+00    0.00    0.00
61285.50  0.50  4.17e-07  5.55e-08    5.10    0.00
61286.50  0.50  4.64e-07  0.00e+00    0.00    0.00
61287.50  0.50  3.92e-07  0.00e+00    0.00    0.00
61288.50  0.50  3.39e-07  0.00e+00    0.00    0.00
61289.50  0.50  4.59e-07  0.00e+00    0.00    0.00
61290.50  0.50  5.35e-07  1.67e-07    6.55    0.00
61291.50  0.50  4.13e-07  1.47e-07    5.06    0.00
61292.50  0.50  4.69e-07  0.00e+00    0.00    0.00
61293.50  0.50  1.82e-07  0.00e+00    0.00    0.00
61294.50  0.50  3.35e-07  0.00e+00    0.00    0.00
61295.50  0.50  1.77e-07  0.00e+00    0.00    0.00
61296.50  0.50  9.15e-07  0.00e+00    0.00    0.00
61297.50  0.50  3.65e-07  0.00e+00    0.00    0.00
61298.50  0.50  4.35e-07  0.00e+00    0.00    0.00
61299.50  0.50  4.29e-07  0.00e+00    0.00    0.00
61300.50  0.50  1.93e-07  0.00e+00    0.00    0.00
61301.50  0.50  5.90e-07  0.00e+00    0.00    0.00
61302.50  0.50  4.63e-07  0.00e+00    0.00    0.00
61303.50  0.50  9.57e-08  0.00e+00    0.00    0.00
61304.50  0.50  3.24e-08  0.00e+00    0.00    0.00
61305.50  0.50  2.52e-07  0.00e+00    0.00    0.00
61306.50  0.50  2.83e-07  0.00e+00    0.00    0.00
61307.50  0.50  8.07e-07  0.00e+00    0.00    0.00
61308.50  0.50  2.51e-07  0.00e+00    0.00    0.00
