61202.50  0.50  3.07e-08  0.00e+00    0.00    0.00
61203.50  0.50  6.06e-08  3.51e-08    16.46    0.01
61204.50  0.50  1.33e-07  0.00e+00    0.00    0.00
61205.50  0.50  3.26e-08  0.00e+00    0.00    0.00
61206.50  0.50  1.08e-07  0.00e+00    0.00    0.00
61207.50  0.50  4.98e-08  0.00e+00    0.00    0.00
61208.50  0.50  5.35e-08  0.00e+00    0.00    0.00
61209.50  0.50  9.21e-08  0.00e+00    0.00    0.00
61210.50  0.50  7.85e-08  0.00e+00    0.00    0.00
61211.50  0.50  1.02e-07  0.00e+00    0.00    0.00
61212.50  0.50  3.00e-08  0.00e+00    0.00    0.00
61213.50  0.50  1.06e-07  0.00e+00    0.00    0.00
61214.50  0.50  9.38e-08  0.00e+00    0.00    0.00
61215.50  0.50  6.26e-08  0.00e+00    0.00    0.00
61216.50  0.50  2.28e-08  0.00e+00    0.00    0.00
61217.50  0.50  2.22e-08  0.00e+00    0.00    0.00
61218.50  0.50  4.95e-08  0.00e+00    0.00    0.00
61219.50  0.50  4.18e-08  0.00e+00    0.00    0.00
61220.50  0.50  1.48e-08  0.00e+00    0.00    0.00
61221.50  0.50  3.70e-08  0.00e+00    0.00    0.00
61222.50  0.50  2.77e-08  0.00e+00    0.00    0.00
61223.50  0.50  5.38e-08  0.00e+00    0.00    0.00
61224.50  0.50  1.93e-08  0.00e+00    0.00    0.00
61225.50  0.50  4.00e-08  0.00e+00    0.00    0.00
61226.50  0.50  1.77e-08  0.00e+00    0.00    0.00
61227.50  0.50  3.81e-08  0.00e+00    0.00    0.00
61228.50  0.50  2.23e-08  0.00e+00    0.00    0.00
61229.50  0.50  2.61e-08  0.00e+00    0.00    0.00
61230.50  0.50  1.66e-08  0.00e+00    0.00    0.00
61231.50  0.50  4.16e-08  0.00e+00    0.00    0.00
61232.50  0.50  4.04e-08  0.00e+00    0.00    0.00
61233.50  0.50  1.51e-08  0.00e+00    0.00    0.00
61234.50  0.50  4.03e-08  0.00e+00    0.00    0.00
61235.50  0.50  1.76e-08  0.00e+00    0.00    0.00
61236.50  0.50  6.65e-08  0.00e+00    0.00    0.00
61237.50  0.50  4.93e-08  0.00e+00    0.00    0.00
61238.50  0.50  1.59e-08  0.00e+00    0.00    0.00
61239.50  0.50  2.08e-08  0.00e+00    0.00    0.00
61240.50  0.50  2.36e-08  0.00e+00    0.00    0.00
61241.50  0.50  4.16e-08  0.00e+00    0.00    0.00
61242.50  0.50  8.73e-08  0.00e+00    0.00    0.00
61243.50  0.50  2.32e-08  0.00e+00    0.00    0.00
61244.50  0.50  3.85e-08  0.00e+00    0.00    0.00
61245.50  0.50  7.87e-08  0.00e+00    0.00    0.00
61246.50  0.50  5.84e-08  2.96e-08    15.85    0.01
61247.50  0.50  6.14e-08  0.00e+00    0.00    0.00
61248.50  0.50  7.90e-08  0.00e+00    0.00    0.00
61249.50  0.50  9.09e-08  0.00e+00    0.00    0.00
61250.50  0.50  4.95e-08  0.00e+00    0.00    0.00
61251.50  0.50  1.36e-07  0.00e+00    0.00    0.00
61252.50  0.50  1.14e-07  0.00e+00    0.00    0.00
61253.50  0.50  1.49e-07  0.00e+00    0.00    0.00
61254.50  0.50  1.00e-07  0.00e+00    0.00    0.00
61255.50  0.50  6.20e-08  0.00e+00    0.00    0.00
61256.50  0.50  1.24e-07  0.00e+00    0.00    0.00
61257.50  0.50  5.15e-08  0.00e+00    0.00    0.00
61258.50  0.50  4.39e-08  0.00e+00    0.00    0.00
61259.50  0.50  3.61e-08  0.00e+00    0.00    0.00
61260.50  0.50  1.68e-07  0.00e+00    0.00    0.00
61261.50  0.50  4.26e-08  0.00e+00    0.00    0.00
61262.50  0.50  7.26e-08  0.00e+00    0.00    0.00
61263.50  0.50  3.07e-08  0.00e+00    0.00    0.00
61264.50  0.50  3.35e-08  0.00e+00    0.00    0.00
61265.50  0.50  2.86e-08  0.00e+00    0.00    0.00
61266.50  0.50  2.78e-08  0.00e+00    0.00    0.00
61267.50  0.50  3.66e-08  0.00e+00    0.00    0.00
61268.50  0.50  1.59e-08  0.00e+00    0.00    0.00
61269.50  0.50  6.33e-08  2.77e-08    17.17    0.01
61270.50  0.50  4.41e-08  0.00e+00    0.00    0.00
61271.50  0.50  6.45e-08  0.00e+00    0.00    0.00
61272.50  0.50  5.59e-08  1.44e-08    15.17    0.01
61273.50  0.50  7.14e-08  2.89e-09    19.38    0.01
61274.50  0.50  1.70e-08  0.00e+00    0.00    0.00
61275.50  0.50  5.56e-08  0.00e+00    0.00    0.00
61276.50  0.50  2.63e-08  0.00e+00    0.00    0.00
61277.50  0.50  3.86e-08  0.00e+00    0.00    0.00
61278.50  0.50  4.07e-08  0.00e+00    0.00    0.00
61279.50  0.50  5.19e-08  0.00e+00    0.00    0.00
61280.50  0.50  3.66e-08  0.00e+00    0.00    0.00
61281.50  0.50  1.70e-08  0.00e+00    0.00    0.00
61282.50  0.50  1.76e-08  0.00e+00    0.00    0.00
61283.50  0.50  3.68e-08  0.00e+00    0.00    0.00
61284.50  0.50  1.54e-08  0.00e+00    0.00    0.00
61285.50  0.50  7.38e-08  0.00e+00    0.00    0.00
61286.50  0.50  1.32e-08  0.00e+00    0.00    0.00
61287.50  0.50  4.89e-08  0.00e+00    0.00    0.00
61288.50  0.50  4.24e-08  0.00e+00    0.00    0.00
61289.50  0.50  1.76e-08  0.00e+00    0.00    0.00
61290.50  0.50  4.05e-08  0.00e+00    0.00    0.00
61291.50  0.50  4.24e-08  0.00e+00    0.00    0.00
61292.50  0.50  3.33e-08  0.00e+00    0.00    0.00
61293.50  0.50  4.55e-08  0.00e+00    0.00    0.00
61294.50  0.50  6.54e-08  0.00e+00    0.00    0.00
61295.50  0.50  1.62e-08  0.00e+00    0.00    0.00
61296.50  0.50  2.04e-08  0.00e+00    0.00    0.00
61297.50  0.50  6.43e-08  0.00e+00    0.00    0.00
61298.50  0.50  4.03e-08  0.00e+00    0.00    0.00
61299.50  0.50  1.39e-08  0.00e+00    0.00    0.00
61300.50  0.50  4.06e-08  0.00e+00    0.00    0.00
61301.50  0.50  1.79e-08  0.00e+00    0.00    0.00
