61202.50  0.50  1.20e-07  0.00e+00    0.00    0.00
61203.50  0.50  1.14e-07  0.00e+00    0.00    0.00
61204.50  0.50  9.09e-08  0.00e+00    0.00    0.00
61205.50  0.50  4.27e-08  0.00e+00    0.00    0.00
61206.50  0.50  7.97e-08  0.00e+00    0.00    0.00
61207.50  0.50  6.62e-08  0.00e+00    0.00    0.00
61208.50  0.50  4.19e-08  0.00e+00    0.00    0.00
61209.50  0.50  5.13e-08  0.00e+00    0.00    0.00
61210.50  0.50  2.05e-08  0.00e+00    0.00    0.00
61211.50  0.50  9.73e-08  0.00e+00    0.00    0.00
61212.50  0.50  6.95e-08  0.00e+00    0.00    0.00
61213.50  0.50  3.96e-08  0.00e+00    0.00    0.00
61214.50  0.50  3.57e-08  0.00e+00    0.00    0.00
61215.50  0.50  7.48e-08  0.00e+00    0.00    0.00
61216.50  0.50  3.64e-08  0.00e+00    0.00    0.00
61217.50  0.50  2.60e-08  0.00e+00    0.00    0.00
61218.50  0.50  7.24e-08  0.00e+00    0.00    0.00
61219.50  0.50  2.29e-08  0.00e+00    0.00    0.00
61220.50  0.50  2.21e-08  0.00e+00    0.00    0.00
61221.50  0.50  3.89e-08  0.00e+00    0.00    0.00
61222.50  0.50  5.65e-08  0.00e+00    0.00    0.00
61223.50  0.50  1.67e-07  0.00e+00    0.00    0.00
61224.50  0.50  5.99e-08  0.00e+00    0.00    0.00
61225.50  0.50  1.28e-07  0.00e+00    0.00    0.00
61226.50  0.50  7.42e-08  0.00e+00    0.00    0.00
61227.50  0.50  1.15e-07  0.00e+00    0.00    0.00
61228.50  0.50  2.87e-08  0.00e+00    0.00    0.00
61229.50  0.50  9.51e-08  0.00e+00    0.00    0.00
61230.50  0.50  9.70e-08  0.00e+00    0.00    0.00
61231.50  0.50  1.24e-07  0.00e+00    0.00    0.00
61232.50  0.50  3.42e-08  0.00e+00    0.00    0.00
61233.50  0.50  3.73e-08  0.00e+00    0.00    0.00
61234.50  0.50  4.14e-08  0.00e+00    0.00    0.00
61235.50  0.50  4.92e-08  0.00e+00    0.00    0.00
61236.50  0.50  7.91e-08  0.00e+00    0.00    0.00
61237.50  0.50  1.20e-07  0.00e+00    0.00    0.00
61238.50  0.50  7.43e-08  0.00e+00    0.00    0.00
61239.50  0.50  6.54e-08  0.00e+00    0.00    0.00
61240.50  0.50  4.55e-08  0.00e+00    0.00    0.00
61241.50  0.50  7.73e-08  0.00e+00    0.00    0.00
61242.50  0.50  2.85e-08  0.00e+00    0.00    0.00
61243.50  0.50  4.91e-08  0.00e+00    0.00    0.00
61244.50  0.50  1.80e-07  0.00e+00    0.00    0.00
61245.50  0.50  6.91e-08  0.00e+00    0.00    0.00
61246.50  0.50  2.32e-08  0.00e+00    0.00    0.00
61247.50  0.50  3.27e-08  0.00e+00    0.00    0.00
61248.50  0.50  2.20e-08  0.00e+00    0.00    0.00
61249.50  0.50  4.02e-08  0.00e+00    0.00    0.00
61250.50  0.50  6.35e-08  0.00e+00    0.00    0.00
61251.50  0.50  1.84e-08  0.00e+00    0.00    0.00
61252.50  0.50  2.32e-08  0.00e+00    0.00    0.00
61253.50  0.50  6.81e-08  0.00e+00    0.00    0.00
61254.50  0.50  6.28e-08  0.00e+00    0.00    0.00
61255.50  0.50  6.49e-08  0.00e+00    0.00    0.00
61256.50  0.50  7.31e-08  0.00e+00    0.00    0.00
61257.50  0.50  5.55e-08  0.00e+00    0.00    0.00
61258.50  0.50  6.48e-08  0.00e+00    0.00    0.00
61259.50  0.50  5.06e-08  0.00e+00    0.00    0.00
61260.50  0.50  2.78e-08  0.00e+00    0.00    0.00
61261.50  0.50  5.58e-08  0.00e+00    0.00    0.00
61262.50  0.50  3.19e-08  0.00e+00    0.00    0.00
61263.50  0.50  6.42e-08  0.00e+00    0.00    0.00
61264.50  0.50  9.59e-08  0.00e+00    0.00    0.00
61265.50  0.50  5.77e-08  0.00e+00    0.00    0.00
61266.50  0.50  8.89e-08  0.00e+00    0.00    0.00
61267.50  0.50  6.62e-08  0.00e+00    0.00    0.00
61268.50  0.50  1.15e-07  0.00e+00    0.00    0.00
61269.50  0.50  1.35e-07  0.00e+00    0.00    0.00
61270.50  0.50  3.17e-08  0.00e+00    0.00    0.00
61271.50  0.50  1.09e-07  0.00e+00    0.00    0.00
61272.50  0.50  9.75e-08  0.00e+00    0.00    0.00
61273.50  0.50  9.16e-08  0.00e+00    0.00    0.00
61274.50  0.50  1.17e-07  0.00e+00    0.00    0.00
61275.50  0.50  3.29e-08  0.00e+00    0.00    0.00
61276.50  0.50  2.33e-08  0.00e+00    0.00    0.00
61277.50  0.50  1.50e-07  0.00e+00    0.00    0.00
61278.50  0.50  9.26e-08  0.00e+00    0.00    0.00
61279.50  0.50  4.80e-08  0.00e+00    0.00    0.00
61280.50  0.50  1.23e-07  0.00e+00    0.00    0.00
61281.50  0.50  1.73e-07  0.00e+00    0.00    0.00
61282.50  0.50  2.32e-07  0.00e+00    0.00    0.00
61283.50  0.50  1.16e-07  0.00e+00    0.00    0.00
61284.50  0.50  1.29e-07  0.00e+00    0.00    0.00
61285.50  0.50  4.16e-08  0.00e+00    0.00    0.00
61286.50  0.50  8.67e-08  0.00e+00    0.00    0.00
61287.50  0.50  6.87e-08  0.00e+00    0.00    0.00
61288.50  0.50  1.37e-07  0.00e+00    0.00    0.00
61289.50  0.50  4.35e-08  0.00e+00    0.00    0.00
61290.50  0.50  9.59e-08  0.00e+00    0.00    0.00
61291.50  0.50  1.69e-07  0.00e+00    0.00    0.00
61292.50  0.50  9.19e-08  0.00e+00    0.00    0.00
61293.50  0.50  2.79e-08  0.00e+00    0.00    0.00
61294.50  0.50  2.40e-08  0.00e+00    0.00    0.00
61295.50  0.50  6.45e-08  0.00e+00    0.00    0.00
61296.50  0.50  1.08e-07  0.00e+00    0.00    0.00
61297.50  0.50  4.15e-08  0.00e+00    0.00    0.00
61298.50  0.50  3.22e-08  0.00e+00    0.00    0.00
61299.50  0.50  1.70e-08  0.00e+00    0.00    0.00
61300.50  0.50  2.08e-08  0.00e+00    0.00    0.00
61301.50  0.50  1.21e-07  0.00e+00    0.00    0.00
