61209.50  3.50  1.04e-06  0.00e+00    0.00    0.00
61216.50  3.50  7.57e-07  0.00e+00    0.00    0.00
61223.50  3.50  9.65e-07  0.00e+00    0.00    0.00
61230.50  3.50  7.01e-07  0.00e+00    0.00    0.00
61237.50  3.50  4.90e-07  0.00e+00    0.00    0.00
61244.50  3.50  5.06e-07  0.00e+00    0.00    0.00
61251.50  3.50  6.51e-07  0.00e+00    0.00    0.00
61258.50  3.50  4.15e-07  0.00e+00    0.00    0.00
61265.50  3.50  9.67e-07  0.00e+00    0.00    0.00
61272.50  3.50  1.18e-06  0.00e+00    0.00    0.00
61279.50  3.50  6.41e-07  0.00e+00    0.00    0.00
61286.50  3.50  1.27e-06  0.00e+00    0.00    0.00
61293.50  3.50  4.68e-07  0.00e+00    0.00    0.00
61300.50  3.50  5.36e-07  0.00e+00    0.00    0.00
