61209.50  3.50  2.94e-08  0.00e+00    0.00    0.00
61216.50  3.50  1.98e-08  0.00e+00    0.00    0.00
61223.50  3.50  3.82e-08  0.00e+00    0.00    0.00
61230.50  3.50  3.38e-08  0.00e+00    0.00    0.00
61237.50  3.50  3.43e-08  0.00e+00    0.00    0.00
61244.50  3.50  2.38e-08  0.00e+00    0.00    0.00
61251.50  3.50  2.03e-08  0.00e+00    0.00    0.00
61258.50  3.50  3.12e-08  0.00e+00    0.00    0.00
61265.50  3.50  3.74e-08  0.00e+00    0.00    0.00
61272.50  3.50  3.31e-08  0.00e+00    0.00    0.00
61279.50  3.50  4.38e-08  0.00e+00    0.00    0.00
61286.50  3.50  4.48e-08  0.00e+00    0.00    0.00
61293.50  3.50  3.76e-08  0.00e+00    0.00    0.00
61300.50  3.50  2.28e-08  0.00e+00    0.00    0.00
