61209.50  3.50  1.36e-07  0.00e+00    0.00    0.00
61216.50  3.50  1.84e-07  0.00e+00    0.00    0.00
61223.50  3.50  4.59e-06  0.00e+00    0.00    0.00
61230.50  3.50  6.03e-08  0.00e+00    0.00    0.00
61237.50  3.50  2.14e-07  0.00e+00    0.00    0.00
61244.50  3.50  1.37e-07  0.00e+00    0.00    0.00
61251.50  3.50  4.97e-08  0.00e+00    0.00    0.00
61258.50  3.50  1.55e-07  0.00e+00    0.00    0.00
61265.50  3.50  1.44e-07  0.00e+00    0.00    0.00
61272.50  3.50  2.40e-08  0.00e+00    0.00    0.00
61279.50  3.50  1.74e-06  0.00e+00    0.00    0.00
61286.50  3.50  7.92e-08  0.00e+00    0.00    0.00
61293.50  3.50  1.83e-07  0.00e+00    0.00    0.00
61300.50  3.50  1.47e-07  0.00e+00    0.00    0.00
