61202.50  3.50  9.46e-09  0.00e+00    0.00    0.00
61209.50  3.50  5.53e-09  0.00e+00    0.00    0.00
61216.50  3.50  4.50e-09  0.00e+00    0.00    0.00
61223.50  3.50  7.36e-07  0.00e+00    0.00    0.00
61230.50  3.50  2.07e-08  0.00e+00    0.00    0.00
61237.50  3.50  8.94e-09  0.00e+00    0.00    0.00
61244.50  3.50  1.41e-08  0.00e+00    0.00    0.00
61251.50  3.50  9.25e-09  0.00e+00    0.00    0.00
61258.50  3.50  9.58e-09  0.00e+00    0.00    0.00
61265.50  3.50  5.64e-09  0.00e+00    0.00    0.00
61272.50  3.50  1.03e-08  0.00e+00    0.00    0.00
61279.50  3.50  8.84e-08  0.00e+00    0.00    0.00
61286.50  3.50  9.83e-09  0.00e+00    0.00    0.00
61293.50  3.50  1.12e-08  0.00e+00    0.00    0.00
