61209.50  3.50  8.05e-08  0.00e+00    0.00    0.00
61216.50  3.50  4.88e-08  0.00e+00    0.00    0.00
61223.50  3.50  1.06e-07  0.00e+00    0.00    0.00
61230.50  3.50  1.44e-07  3.98e-08    2.98    0.19
61237.50  3.50  2.96e-07  0.00e+00    0.00    0.00
61244.50  3.50  1.50e-07  3.76e-08    3.10    0.19
61251.50  3.50  7.04e-08  1.98e-08    1.46    0.09
61258.50  3.50  1.56e-07  2.46e-08    3.23    0.20
61265.50  3.50  1.76e-07  3.96e-08    3.65    0.23
61272.50  3.50  1.65e-07  4.18e-08    3.41    0.21
61279.50  3.50  1.03e-07  3.10e-08    2.14    0.13
61286.50  3.50  2.51e-07  0.00e+00    0.00    0.00
61293.50  3.50  4.89e-08  2.82e-08    1.01    0.06
61300.50  3.50  1.45e-07  1.97e-08    3.00    0.19
