61209.50  3.50  8.65e-09  0.00e+00    0.00    0.00
61216.50  3.50  3.01e-09  0.00e+00    0.00    0.00
61223.50  3.50  1.10e-08  0.00e+00    0.00    0.00
61230.50  3.50  5.05e-09  0.00e+00    0.00    0.00
61237.50  3.50  1.30e-08  0.00e+00    0.00    0.00
61244.50  3.50  1.14e-08  2.19e-09    2.73    0.17
61251.50  3.50  7.24e-09  2.31e-09    1.74    0.11
61258.50  3.50  1.44e-08  3.26e-09    3.47    0.22
61265.50  3.50  1.38e-08  1.98e-09    3.31    0.21
61272.50  3.50  9.92e-09  3.69e-09    2.39    0.15
61279.50  3.50  6.52e-09  3.10e-09    1.57    0.10
61286.50  3.50  9.81e-09  0.00e+00    0.00    0.00
61293.50  3.50  2.08e-08  0.00e+00    0.00    0.00
61300.50  3.50  8.01e-09  3.03e-09    1.93    0.12
