61198.50  0.50  2.41e-07  0.00e+00    0.00    0.00
61199.50  0.50  2.60e-07  0.00e+00    0.00    0.00
61200.50  0.50  2.95e-07  0.00e+00    0.00    0.00
61201.50  0.50  7.45e-08  0.00e+00    0.00    0.00
61202.50  0.50  2.67e-07  0.00e+00    0.00    0.00
61203.50  0.50  1.98e-07  0.00e+00    0.00    0.00
61204.50  0.50  9.99e-08  0.00e+00    0.00    0.00
61205.50  0.50  1.69e-07  0.00e+00    0.00    0.00
61206.50  0.50  1.61e-07  0.00e+00    0.00    0.00
61207.50  0.50  2.24e-07  0.00e+00    0.00    0.00
61208.50  0.50  1.36e-07  0.00e+00    0.00    0.00
61209.50  0.50  5.36e-08  0.00e+00    0.00    0.00
61210.50  0.50  1.43e-07  0.00e+00    0.00    0.00
61211.50  0.50  1.43e-07  0.00e+00    0.00    0.00
61212.50  0.50  6.11e-08  0.00e+00    0.00    0.00
61213.50  0.50  5.70e-08  0.00e+00    0.00    0.00
61214.50  0.50  5.25e-08  0.00e+00    0.00    0.00
61215.50  0.50  1.89e-07  0.00e+00    0.00    0.00
61216.50  0.50  5.93e-08  0.00e+00    0.00    0.00
61217.50  0.50  1.80e-07  0.00e+00    0.00    0.00
61218.50  0.50  5.57e-08  0.00e+00    0.00    0.00
61219.50  0.50  8.59e-08  0.00e+00    0.00    0.00
61220.50  0.50  5.99e-08  0.00e+00    0.00    0.00
61221.50  0.50  1.53e-07  0.00e+00    0.00    0.00
61222.50  0.50  2.37e-07  0.00e+00    0.00    0.00
61223.50  0.50  1.35e-07  0.00e+00    0.00    0.00
61224.50  0.50  1.87e-07  0.00e+00    0.00    0.00
61225.50  0.50  3.73e-07  0.00e+00    0.00    0.00
61226.50  0.50  1.77e-07  0.00e+00    0.00    0.00
61227.50  0.50  1.37e-07  0.00e+00    0.00    0.00
61228.50  0.50  3.08e-07  0.00e+00    0.00    0.00
61229.50  0.50  3.12e-07  0.00e+00    0.00    0.00
61230.50  0.50  7.16e-07  0.00e+00    0.00    0.00
61231.50  0.50  2.55e-07  0.00e+00    0.00    0.00
61232.50  0.50  3.58e-07  0.00e+00    0.00    0.00
61233.50  0.50  3.46e-07  0.00e+00    0.00    0.00
61234.50  0.50  6.68e-07  0.00e+00    0.00    0.00
61235.50  0.50  6.74e-07  0.00e+00    0.00    0.00
61236.50  0.50  2.22e-07  1.15e-07    4.59    0.29
61237.50  0.50  2.76e-07  0.00e+00    0.00    0.00
61238.50  0.50  9.12e-06  0.00e+00    0.00    0.00
61239.50  0.50  1.51e-07  0.00e+00    0.00    0.00
61240.50  0.50  2.12e-07  0.00e+00    0.00    0.00
61241.50  0.50  1.27e-07  0.00e+00    0.00    0.00
61242.50  0.50  4.91e-07  0.00e+00    0.00    0.00
61243.50  0.50  1.49e-07  0.00e+00    0.00    0.00
61244.50  0.50  3.47e-07  0.00e+00    0.00    0.00
61245.50  0.50  3.46e-07  0.00e+00    0.00    0.00
61246.50  0.50  4.30e-07  0.00e+00    0.00    0.00
61247.50  0.50  2.43e-07  0.00e+00    0.00    0.00
61248.50  0.50  3.21e-07  0.00e+00    0.00    0.00
61249.50  0.50  1.33e-07  0.00e+00    0.00    0.00
61250.50  0.50  1.48e-07  0.00e+00    0.00    0.00
61251.50  0.50  1.49e-07  0.00e+00    0.00    0.00
61252.50  0.50  2.52e-07  0.00e+00    0.00    0.00
61253.50  0.50  2.40e-07  0.00e+00    0.00    0.00
61254.50  0.50  1.75e-07  5.82e-08    3.62    0.23
61255.50  0.50  2.46e-07  2.58e-08    5.08    0.32
61256.50  0.50  1.28e-07  6.24e-08    2.64    0.17
61257.50  0.50  1.95e-07  0.00e+00    0.00    0.00
61258.50  0.50  1.51e-07  0.00e+00    0.00    0.00
61259.50  0.50  1.90e-07  5.50e-08    3.93    0.25
61260.50  0.50  3.48e-07  0.00e+00    0.00    0.00
61261.50  0.50  1.86e-07  7.01e-08    3.85    0.24
61262.50  0.50  3.57e-07  5.33e-08    7.39    0.46
61263.50  0.50  1.97e-07  0.00e+00    0.00    0.00
61264.50  0.50  2.23e-07  3.54e-08    4.61    0.29
61265.50  0.50  6.24e-07  0.00e+00    0.00    0.00
61266.50  0.50  3.15e-07  1.05e-08    6.51    0.41
61267.50  0.50  3.65e-07  0.00e+00    0.00    0.00
61268.50  0.50  4.15e-07  1.26e-07    8.59    0.54
61269.50  0.50  4.98e-07  0.00e+00    0.00    0.00
61270.50  0.50  5.17e-07  0.00e+00    0.00    0.00
61271.50  0.50  4.55e-07  0.00e+00    0.00    0.00
61272.50  0.50  1.12e-07  2.48e-08    2.31    0.14
61273.50  0.50  3.13e-07  0.00e+00    0.00    0.00
61274.50  0.50  4.75e-07  0.00e+00    0.00    0.00
61275.50  0.50  2.93e-07  0.00e+00    0.00    0.00
61276.50  0.50  2.22e-07  0.00e+00    0.00    0.00
61277.50  0.50  3.22e-07  0.00e+00    0.00    0.00
61278.50  0.50  1.94e-07  0.00e+00    0.00    0.00
61279.50  0.50  3.38e-07  0.00e+00    0.00    0.00
61280.50  0.50  8.35e-08  0.00e+00    0.00    0.00
61281.50  0.50  3.37e-07  0.00e+00    0.00    0.00
61282.50  0.50  4.04e-07  0.00e+00    0.00    0.00
61283.50  0.50  5.51e-07  0.00e+00    0.00    0.00
61284.50  0.50  3.21e-07  0.00e+00    0.00    0.00
61285.50  0.50  2.22e-07  0.00e+00    0.00    0.00
61286.50  0.50  3.62e-07  0.00e+00    0.00    0.00
61287.50  0.50  2.85e-07  0.00e+00    0.00    0.00
61288.50  0.50  5.01e-08  0.00e+00    0.00    0.00
61289.50  0.50  2.52e-07  0.00e+00    0.00    0.00
61290.50  0.50  6.02e-07  0.00e+00    0.00    0.00
61291.50  0.50  7.91e-07  0.00e+00    0.00    0.00
61292.50  0.50  7.57e-07  0.00e+00    0.00    0.00
61293.50  0.50  1.38e-07  0.00e+00    0.00    0.00
61294.50  0.50  5.06e-07  0.00e+00    0.00    0.00
61295.50  0.50  1.58e-07  0.00e+00    0.00    0.00
61296.50  0.50  3.47e-07  0.00e+00    0.00    0.00
61297.50  0.50  3.36e-07  0.00e+00    0.00    0.00
