61081.50  0.50  4.76e-08  0.00e+00    0.00    0.00
61082.50  0.50  5.31e-08  0.00e+00    0.00    0.00
61083.50  0.50  6.97e-08  0.00e+00    0.00    0.00
61084.50  0.50  3.78e-08  0.00e+00    0.00    0.00
61085.50  0.50  6.53e-08  0.00e+00    0.00    0.00
61086.50  0.50  4.04e-08  0.00e+00    0.00    0.00
61088.50  0.50  1.31e-07  0.00e+00    0.00    0.00
61095.50  0.50  2.36e-08  0.00e+00    0.00    0.00
61096.50  0.50  3.08e-07  0.00e+00    0.00    0.00
61098.50  0.50  8.56e-08  0.00e+00    0.00    0.00
61102.50  0.50  5.48e-08  0.00e+00    0.00    0.00
61104.50  0.50  9.27e-08  0.00e+00    0.00    0.00
61106.50  0.50  3.73e-08  0.00e+00    0.00    0.00
61107.50  0.50  1.69e-07  0.00e+00    0.00    0.00
61109.50  0.50  3.41e-08  0.00e+00    0.00    0.00
61111.50  0.50  3.65e-07  0.00e+00    0.00    0.00
61112.50  0.50  5.12e-08  0.00e+00    0.00    0.00
61116.50  0.50  5.99e-08  0.00e+00    0.00    0.00
61118.50  0.50  3.07e-07  0.00e+00    0.00    0.00
61123.50  0.50  7.19e-08  0.00e+00    0.00    0.00
61127.50  0.50  6.86e-08  0.00e+00    0.00    0.00
61134.50  0.50  2.53e-07  0.00e+00    0.00    0.00
61135.50  0.50  2.47e-07  0.00e+00    0.00    0.00
61136.50  0.50  9.93e-08  0.00e+00    0.00    0.00
61137.50  0.50  1.02e-07  0.00e+00    0.00    0.00
61140.50  0.50  9.39e-08  0.00e+00    0.00    0.00
61142.50  0.50  4.30e-08  0.00e+00    0.00    0.00
61143.50  0.50  8.23e-08  0.00e+00    0.00    0.00
61145.50  0.50  5.39e-08  0.00e+00    0.00    0.00
61146.50  0.50  2.29e-07  0.00e+00    0.00    0.00
61148.50  0.50  5.89e-08  0.00e+00    0.00    0.00
61149.50  0.50  8.75e-08  0.00e+00    0.00    0.00
61151.50  0.50  1.30e-07  0.00e+00    0.00    0.00
61156.50  0.50  6.57e-08  0.00e+00    0.00    0.00
61157.50  0.50  4.42e-08  0.00e+00    0.00    0.00
61160.50  0.50  4.67e-08  0.00e+00    0.00    0.00
61164.50  0.50  4.50e-08  0.00e+00    0.00    0.00
61165.50  0.50  6.62e-08  0.00e+00    0.00    0.00
61166.50  0.50  1.14e-07  0.00e+00    0.00    0.00
61167.50  0.50  5.28e-08  0.00e+00    0.00    0.00
61170.50  0.50  6.83e-08  0.00e+00    0.00    0.00
61174.50  0.50  1.74e-08  0.00e+00    0.00    0.00
61176.50  0.50  9.45e-08  0.00e+00    0.00    0.00
61177.50  0.50  6.01e-07  0.00e+00    0.00    0.00
61180.50  0.50  9.39e-08  0.00e+00    0.00    0.00
61182.50  0.50  1.80e-07  0.00e+00    0.00    0.00
61184.50  0.50  6.94e-08  0.00e+00    0.00    0.00
61185.50  0.50  2.61e-07  0.00e+00    0.00    0.00
61186.50  0.50  4.78e-08  0.00e+00    0.00    0.00
61187.50  0.50  2.78e-07  0.00e+00    0.00    0.00
61188.50  0.50  3.12e-08  0.00e+00    0.00    0.00
61189.50  0.50  3.71e-07  0.00e+00    0.00    0.00
61190.50  0.50  5.93e-08  0.00e+00    0.00    0.00
61192.50  0.50  2.63e-07  0.00e+00    0.00    0.00
61193.50  0.50  4.03e-08  0.00e+00    0.00    0.00
61196.50  0.50  1.19e-07  0.00e+00    0.00    0.00
61197.50  0.50  5.96e-08  0.00e+00    0.00    0.00
61198.50  0.50  3.22e-08  0.00e+00    0.00    0.00
61200.50  0.50  3.38e-07  0.00e+00    0.00    0.00
61201.50  0.50  9.59e-08  0.00e+00    0.00    0.00
61206.50  0.50  7.90e-08  0.00e+00    0.00    0.00
61207.50  0.50  3.95e-08  0.00e+00    0.00    0.00
61209.50  0.50  9.14e-08  0.00e+00    0.00    0.00
61211.50  0.50  4.02e-07  0.00e+00    0.00    0.00
61212.50  0.50  2.56e-08  0.00e+00    0.00    0.00
61215.50  0.50  2.83e-08  0.00e+00    0.00    0.00
61216.50  0.50  2.54e-08  0.00e+00    0.00    0.00
61220.50  0.50  2.83e-07  0.00e+00    0.00    0.00
61222.50  0.50  1.02e-07  0.00e+00    0.00    0.00
61224.50  0.50  7.98e-08  0.00e+00    0.00    0.00
61230.50  0.50  2.31e-07  0.00e+00    0.00    0.00
61234.50  0.50  5.91e-08  0.00e+00    0.00    0.00
61235.50  0.50  6.67e-08  0.00e+00    0.00    0.00
61236.50  0.50  4.87e-07  0.00e+00    0.00    0.00
61238.50  0.50  6.74e-08  0.00e+00    0.00    0.00
61241.50  0.50  4.81e-08  0.00e+00    0.00    0.00
61243.50  0.50  1.75e-07  0.00e+00    0.00    0.00
61248.50  0.50  1.32e-07  0.00e+00    0.00    0.00
61250.50  0.50  4.10e-08  0.00e+00    0.00    0.00
61251.50  0.50  2.26e-08  0.00e+00    0.00    0.00
61257.50  0.50  4.19e-07  0.00e+00    0.00    0.00
61260.50  0.50  1.67e-08  0.00e+00    0.00    0.00
61267.50  0.50  1.03e-07  0.00e+00    0.00    0.00
61268.50  0.50  5.60e-08  0.00e+00    0.00    0.00
61271.50  0.50  8.42e-08  0.00e+00    0.00    0.00
61274.50  0.50  3.37e-07  0.00e+00    0.00    0.00
61277.50  0.50  2.84e-07  0.00e+00    0.00    0.00
61279.50  0.50  1.53e-07  0.00e+00    0.00    0.00
61281.50  0.50  3.59e-07  0.00e+00    0.00    0.00
61283.50  0.50  3.66e-07  0.00e+00    0.00    0.00
61284.50  0.50  9.01e-08  0.00e+00    0.00    0.00
61285.50  0.50  9.44e-08  0.00e+00    0.00    0.00
61288.50  0.50  2.30e-07  0.00e+00    0.00    0.00
61289.50  0.50  4.39e-08  0.00e+00    0.00    0.00
61290.50  0.50  2.17e-07  0.00e+00    0.00    0.00
61295.50  0.50  4.06e-08  0.00e+00    0.00    0.00
61296.50  0.50  4.63e-08  0.00e+00    0.00    0.00
61298.50  0.50  4.77e-08  0.00e+00    0.00    0.00
61306.50  0.50  6.33e-08  0.00e+00    0.00    0.00
61308.50  0.50  7.23e-07  0.00e+00    0.00    0.00
