61188.50  3.50  3.01e-09  0.00e+00    0.00    0.00
61195.50  3.50  2.03e-09  0.00e+00    0.00    0.00
61202.50  3.50  2.11e-09  0.00e+00    0.00    0.00
61209.50  3.50  1.77e-09  0.00e+00    0.00    0.00
61216.50  3.50  1.91e-09  0.00e+00    0.00    0.00
61223.50  3.50  2.68e-09  0.00e+00    0.00    0.00
61230.50  3.50  8.88e-09  0.00e+00    0.00    0.00
61237.50  3.50  2.79e-09  0.00e+00    0.00    0.00
61251.50  3.50  3.20e-09  0.00e+00    0.00    0.00
61265.50  3.50  1.80e-09  0.00e+00    0.00    0.00
61272.50  3.50  2.61e-09  0.00e+00    0.00    0.00
61279.50  3.50  5.68e-08  0.00e+00    0.00    0.00
61286.50  3.50  3.23e-09  0.00e+00    0.00    0.00
61293.50  3.50  3.68e-09  0.00e+00    0.00    0.00
