61188.50  3.50  1.18e-08  0.00e+00    0.00    0.00
61195.50  3.50  7.89e-09  0.00e+00    0.00    0.00
61202.50  3.50  2.21e-08  0.00e+00    0.00    0.00
61209.50  3.50  1.01e-07  0.00e+00    0.00    0.00
61216.50  3.50  1.73e-08  0.00e+00    0.00    0.00
61223.50  3.50  4.52e-08  0.00e+00    0.00    0.00
61230.50  3.50  4.57e-08  0.00e+00    0.00    0.00
61237.50  3.50  6.82e-08  0.00e+00    0.00    0.00
61251.50  3.50  1.75e-08  0.00e+00    0.00    0.00
61265.50  3.50  4.08e-09  0.00e+00    0.00    0.00
61272.50  3.50  1.45e-08  0.00e+00    0.00    0.00
61279.50  3.50  7.79e-07  0.00e+00    0.00    0.00
61286.50  3.50  4.18e-08  0.00e+00    0.00    0.00
61293.50  3.50  9.21e-09  0.00e+00    0.00    0.00
