61077.50  0.50  4.08e-08  0.00e+00    0.00    0.00
61078.50  0.50  2.04e-08  0.00e+00    0.00    0.00
61081.50  0.50  1.50e-08  0.00e+00    0.00    0.00
61082.50  0.50  1.88e-08  0.00e+00    0.00    0.00
61083.50  0.50  1.45e-08  0.00e+00    0.00    0.00
61084.50  0.50  1.44e-08  0.00e+00    0.00    0.00
61085.50  0.50  1.79e-08  0.00e+00    0.00    0.00
61086.50  0.50  1.47e-08  0.00e+00    0.00    0.00
61088.50  0.50  1.69e-08  0.00e+00    0.00    0.00
61095.50  0.50  8.82e-09  0.00e+00    0.00    0.00
61096.50  0.50  9.29e-09  0.00e+00    0.00    0.00
61098.50  0.50  8.75e-09  0.00e+00    0.00    0.00
61102.50  0.50  8.86e-09  0.00e+00    0.00    0.00
61104.50  0.50  2.05e-08  0.00e+00    0.00    0.00
61106.50  0.50  1.67e-08  0.00e+00    0.00    0.00
61107.50  0.50  5.76e-08  0.00e+00    0.00    0.00
61109.50  0.50  1.55e-08  0.00e+00    0.00    0.00
61111.50  0.50  1.46e-08  0.00e+00    0.00    0.00
61112.50  0.50  1.84e-08  0.00e+00    0.00    0.00
61116.50  0.50  1.67e-08  0.00e+00    0.00    0.00
61118.50  0.50  1.30e-07  0.00e+00    0.00    0.00
61123.50  0.50  8.98e-09  0.00e+00    0.00    0.00
61127.50  0.50  2.59e-08  0.00e+00    0.00    0.00
61134.50  0.50  1.43e-08  0.00e+00    0.00    0.00
61135.50  0.50  2.24e-08  0.00e+00    0.00    0.00
61136.50  0.50  2.14e-08  0.00e+00    0.00    0.00
61137.50  0.50  1.75e-08  0.00e+00    0.00    0.00
61140.50  0.50  1.49e-08  0.00e+00    0.00    0.00
61142.50  0.50  1.50e-08  0.00e+00    0.00    0.00
61143.50  0.50  1.49e-08  0.00e+00    0.00    0.00
61145.50  0.50  1.76e-08  0.00e+00    0.00    0.00
61146.50  0.50  1.58e-08  0.00e+00    0.00    0.00
61148.50  0.50  1.24e-08  0.00e+00    0.00    0.00
61149.50  0.50  1.72e-08  0.00e+00    0.00    0.00
61151.50  0.50  2.01e-08  0.00e+00    0.00    0.00
61156.50  0.50  2.73e-08  0.00e+00    0.00    0.00
61157.50  0.50  1.26e-08  0.00e+00    0.00    0.00
61160.50  0.50  1.83e-08  0.00e+00    0.00    0.00
61164.50  0.50  1.23e-08  0.00e+00    0.00    0.00
61165.50  0.50  1.35e-08  0.00e+00    0.00    0.00
61166.50  0.50  1.13e-08  0.00e+00    0.00    0.00
61167.50  0.50  3.81e-08  0.00e+00    0.00    0.00
61170.50  0.50  1.25e-08  0.00e+00    0.00    0.00
61174.50  0.50  7.04e-09  0.00e+00    0.00    0.00
61176.50  0.50  4.30e-08  0.00e+00    0.00    0.00
61177.50  0.50  1.43e-07  0.00e+00    0.00    0.00
61180.50  0.50  4.83e-08  0.00e+00    0.00    0.00
61182.50  0.50  1.82e-08  0.00e+00    0.00    0.00
61184.50  0.50  1.98e-08  0.00e+00    0.00    0.00
61185.50  0.50  7.35e-08  0.00e+00    0.00    0.00
61186.50  0.50  1.34e-08  0.00e+00    0.00    0.00
61187.50  0.50  1.42e-08  0.00e+00    0.00    0.00
61188.50  0.50  1.45e-08  0.00e+00    0.00    0.00
61189.50  0.50  2.14e-08  0.00e+00    0.00    0.00
61190.50  0.50  1.61e-08  0.00e+00    0.00    0.00
61192.50  0.50  2.07e-08  0.00e+00    0.00    0.00
61193.50  0.50  1.34e-08  0.00e+00    0.00    0.00
61196.50  0.50  1.75e-08  0.00e+00    0.00    0.00
61197.50  0.50  1.33e-08  0.00e+00    0.00    0.00
61198.50  0.50  1.21e-08  0.00e+00    0.00    0.00
61200.50  0.50  1.72e-08  0.00e+00    0.00    0.00
61201.50  0.50  1.41e-08  0.00e+00    0.00    0.00
61206.50  0.50  1.05e-08  0.00e+00    0.00    0.00
61207.50  0.50  8.87e-09  0.00e+00    0.00    0.00
61209.50  0.50  1.42e-08  0.00e+00    0.00    0.00
61211.50  0.50  1.81e-08  0.00e+00    0.00    0.00
61212.50  0.50  9.63e-09  0.00e+00    0.00    0.00
61215.50  0.50  9.36e-09  0.00e+00    0.00    0.00
61216.50  0.50  7.31e-09  0.00e+00    0.00    0.00
61220.50  0.50  1.20e-08  0.00e+00    0.00    0.00
61222.50  0.50  1.82e-08  0.00e+00    0.00    0.00
61224.50  0.50  2.60e-08  0.00e+00    0.00    0.00
61230.50  0.50  4.27e-08  0.00e+00    0.00    0.00
61234.50  0.50  1.75e-08  0.00e+00    0.00    0.00
61235.50  0.50  2.59e-08  0.00e+00    0.00    0.00
61236.50  0.50  1.90e-08  0.00e+00    0.00    0.00
61238.50  0.50  1.84e-08  0.00e+00    0.00    0.00
61241.50  0.50  1.25e-08  0.00e+00    0.00    0.00
61243.50  0.50  1.29e-08  0.00e+00    0.00    0.00
61248.50  0.50  9.25e-09  0.00e+00    0.00    0.00
61250.50  0.50  9.36e-09  0.00e+00    0.00    0.00
61251.50  0.50  8.73e-09  0.00e+00    0.00    0.00
61257.50  0.50  1.13e-08  0.00e+00    0.00    0.00
61260.50  0.50  7.31e-09  0.00e+00    0.00    0.00
61267.50  0.50  2.69e-08  0.00e+00    0.00    0.00
61268.50  0.50  1.72e-08  0.00e+00    0.00    0.00
61271.50  0.50  1.80e-08  0.00e+00    0.00    0.00
61274.50  0.50  1.82e-08  0.00e+00    0.00    0.00
61277.50  0.50  3.08e-08  0.00e+00    0.00    0.00
61279.50  0.50  4.23e-08  0.00e+00    0.00    0.00
61281.50  0.50  5.70e-08  0.00e+00    0.00    0.00
61283.50  0.50  2.42e-08  0.00e+00    0.00    0.00
61284.50  0.50  2.59e-08  0.00e+00    0.00    0.00
61285.50  0.50  3.22e-08  0.00e+00    0.00    0.00
61288.50  0.50  1.84e-08  0.00e+00    0.00    0.00
61289.50  0.50  1.72e-08  0.00e+00    0.00    0.00
61290.50  0.50  3.97e-08  0.00e+00    0.00    0.00
61295.50  0.50  1.57e-08  0.00e+00    0.00    0.00
61296.50  0.50  1.43e-08  0.00e+00    0.00    0.00
61298.50  0.50  1.32e-08  0.00e+00    0.00    0.00
