61215.50  0.50  3.72e-07  0.00e+00    0.00    0.00
61216.50  0.50  2.82e-07  0.00e+00    0.00    0.00
61217.50  0.50  1.85e-07  0.00e+00    0.00    0.00
61218.50  0.50  1.49e-07  0.00e+00    0.00    0.00
61219.50  0.50  2.92e-07  1.15e-07    8.77    0.03
61220.50  0.50  2.00e-07  0.00e+00    0.00    0.00
61221.50  0.50  4.94e-07  0.00e+00    0.00    0.00
61222.50  0.50  3.87e-07  1.37e-07    11.63    0.05
61223.50  0.50  4.09e-07  9.15e-08    12.29    0.05
61224.50  0.50  6.40e-07  1.36e-07    19.23    0.07
61225.50  0.50  6.06e-07  7.12e-08    18.20    0.07
61226.50  0.50  3.56e-07  0.00e+00    0.00    0.00
61227.50  0.50  3.50e-07  0.00e+00    0.00    0.00
61228.50  0.50  1.82e-07  8.87e-08    5.48    0.02
61229.50  0.50  5.18e-07  9.73e-08    15.56    0.06
61230.50  0.50  3.35e-07  1.05e-07    10.05    0.04
61231.50  0.50  3.95e-07  0.00e+00    0.00    0.00
61232.50  0.50  3.34e-07  0.00e+00    0.00    0.00
61233.50  0.50  3.79e-07  0.00e+00    0.00    0.00
61234.50  0.50  3.82e-07  0.00e+00    0.00    0.00
61235.50  0.50  3.38e-07  0.00e+00    0.00    0.00
61236.50  0.50  2.98e-07  0.00e+00    0.00    0.00
61237.50  0.50  3.25e-07  0.00e+00    0.00    0.00
61238.50  0.50  3.54e-07  1.21e-07    10.65    0.04
61239.50  0.50  2.43e-07  0.00e+00    0.00    0.00
61240.50  0.50  2.96e-07  0.00e+00    0.00    0.00
61241.50  0.50  2.67e-07  0.00e+00    0.00    0.00
61242.50  0.50  3.93e-07  0.00e+00    0.00    0.00
61243.50  0.50  3.47e-07  0.00e+00    0.00    0.00
61244.50  0.50  3.52e-07  0.00e+00    0.00    0.00
61245.50  0.50  2.18e-07  8.28e-08    6.56    0.03
61246.50  0.50  2.92e-07  0.00e+00    0.00    0.00
61247.50  0.50  1.21e-07  0.00e+00    0.00    0.00
61248.50  0.50  2.01e-07  0.00e+00    0.00    0.00
61249.50  0.50  4.84e-07  0.00e+00    0.00    0.00
61250.50  0.50  1.29e-07  0.00e+00    0.00    0.00
61251.50  0.50  4.17e-07  0.00e+00    0.00    0.00
61252.50  0.50  3.47e-07  0.00e+00    0.00    0.00
61253.50  0.50  1.48e-07  0.00e+00    0.00    0.00
61254.50  0.50  1.53e-07  6.25e-08    4.59    0.02
61255.50  0.50  2.16e-07  0.00e+00    0.00    0.00
61256.50  0.50  2.30e-07  0.00e+00    0.00    0.00
61257.50  0.50  3.81e-07  0.00e+00    0.00    0.00
61258.50  0.50  1.71e-07  0.00e+00    0.00    0.00
61259.50  0.50  3.21e-07  0.00e+00    0.00    0.00
61260.50  0.50  5.91e-07  0.00e+00    0.00    0.00
61261.50  0.50  4.12e-07  0.00e+00    0.00    0.00
61262.50  0.50  3.56e-07  0.00e+00    0.00    0.00
61263.50  0.50  1.52e-07  0.00e+00    0.00    0.00
61264.50  0.50  2.17e-07  0.00e+00    0.00    0.00
61265.50  0.50  2.08e-07  0.00e+00    0.00    0.00
61266.50  0.50  2.14e-07  0.00e+00    0.00    0.00
61267.50  0.50  1.14e-07  0.00e+00    0.00    0.00
61268.50  0.50  1.30e-07  0.00e+00    0.00    0.00
61269.50  0.50  1.33e-07  0.00e+00    0.00    0.00
61270.50  0.50  1.45e-07  0.00e+00    0.00    0.00
61271.50  0.50  9.47e-08  0.00e+00    0.00    0.00
61272.50  0.50  3.77e-07  0.00e+00    0.00    0.00
61273.50  0.50  2.47e-07  0.00e+00    0.00    0.00
61274.50  0.50  1.75e-07  0.00e+00    0.00    0.00
61275.50  0.50  2.86e-07  0.00e+00    0.00    0.00
61276.50  0.50  1.83e-07  0.00e+00    0.00    0.00
61277.50  0.50  1.84e-07  0.00e+00    0.00    0.00
61278.50  0.50  2.49e-07  0.00e+00    0.00    0.00
61279.50  0.50  1.18e-07  0.00e+00    0.00    0.00
61280.50  0.50  9.48e-08  0.00e+00    0.00    0.00
61281.50  0.50  3.10e-07  0.00e+00    0.00    0.00
61282.50  0.50  3.02e-07  0.00e+00    0.00    0.00
61283.50  0.50  2.88e-07  0.00e+00    0.00    0.00
61284.50  0.50  1.11e-07  0.00e+00    0.00    0.00
61285.50  0.50  1.32e-07  0.00e+00    0.00    0.00
61286.50  0.50  1.08e-07  0.00e+00    0.00    0.00
61287.50  0.50  1.50e-07  0.00e+00    0.00    0.00
61288.50  0.50  3.98e-07  0.00e+00    0.00    0.00
61289.50  0.50  1.82e-07  0.00e+00    0.00    0.00
61290.50  0.50  3.85e-07  0.00e+00    0.00    0.00
61291.50  0.50  2.34e-07  0.00e+00    0.00    0.00
61292.50  0.50  2.05e-07  0.00e+00    0.00    0.00
61293.50  0.50  1.88e-07  0.00e+00    0.00    0.00
61294.50  0.50  7.81e-08  0.00e+00    0.00    0.00
61295.50  0.50  1.46e-07  0.00e+00    0.00    0.00
61296.50  0.50  2.45e-07  0.00e+00    0.00    0.00
61297.50  0.50  2.60e-07  0.00e+00    0.00    0.00
61298.50  0.50  6.89e-08  0.00e+00    0.00    0.00
61299.50  0.50  1.44e-07  0.00e+00    0.00    0.00
61300.50  0.50  9.02e-08  0.00e+00    0.00    0.00
61301.50  0.50  1.84e-07  0.00e+00    0.00    0.00
61302.50  0.50  8.11e-08  0.00e+00    0.00    0.00
61303.50  0.50  1.20e-07  0.00e+00    0.00    0.00
61304.50  0.50  1.38e-07  0.00e+00    0.00    0.00
61305.50  0.50  2.87e-07  0.00e+00    0.00    0.00
61306.50  0.50  1.23e-07  6.04e-08    3.68    0.01
61307.50  0.50  3.28e-07  0.00e+00    0.00    0.00
61308.50  0.50  3.29e-07  0.00e+00    0.00    0.00
61309.50  0.50  7.73e-08  0.00e+00    0.00    0.00
61310.50  0.50  3.28e-07  0.00e+00    0.00    0.00
61311.50  0.50  1.84e-07  0.00e+00    0.00    0.00
61312.50  0.50  5.77e-08  0.00e+00    0.00    0.00
61313.50  0.50  1.78e-07  0.00e+00    0.00    0.00
61314.50  0.50  3.32e-07  0.00e+00    0.00    0.00
