61223.50  3.50  3.80e-08  7.00e-09    27.58    0.11
61230.50  3.50  1.13e-08  3.67e-09    8.20    0.03
61237.50  3.50  1.85e-08  4.64e-09    13.43    0.05
61244.50  3.50  1.26e-08  2.52e-09    9.13    0.04
61251.50  3.50  9.51e-09  3.62e-09    6.90    0.03
61258.50  3.50  1.00e-08  3.39e-09    7.27    0.03
61265.50  3.50  5.58e-09  2.67e-09    4.05    0.02
61272.50  3.50  8.00e-09  0.00e+00    0.00    0.00
61279.50  3.50  1.03e-08  0.00e+00    0.00    0.00
61286.50  3.50  8.89e-09  0.00e+00    0.00    0.00
61293.50  3.50  1.18e-08  0.00e+00    0.00    0.00
61300.50  3.50  4.98e-09  1.13e-09    3.61    0.01
61307.50  3.50  5.40e-09  2.32e-09    3.91    0.02
61314.50  3.50  6.82e-09  0.00e+00    0.00    0.00
