61223.50  3.50  3.52e-07  4.26e-08    10.57    0.04
61230.50  3.50  2.63e-07  3.76e-08    7.90    0.03
61237.50  3.50  1.81e-07  3.40e-08    5.45    0.02
61244.50  3.50  1.46e-07  3.13e-08    4.37    0.02
61251.50  3.50  1.01e-07  2.91e-08    3.05    0.01
61258.50  3.50  1.40e-07  3.00e-08    4.21    0.02
61265.50  3.50  5.43e-08  2.50e-08    1.63    0.01
61272.50  3.50  9.91e-08  0.00e+00    0.00    0.00
61279.50  3.50  8.34e-08  0.00e+00    0.00    0.00
61286.50  3.50  4.33e-08  0.00e+00    0.00    0.00
61293.50  3.50  7.73e-08  2.59e-08    2.32    0.01
61300.50  3.50  3.93e-08  1.88e-08    1.18    0.00
61307.50  3.50  1.71e-07  3.32e-08    5.13    0.02
61314.50  3.50  8.90e-08  0.00e+00    0.00    0.00
