/*
**
**  Swift/XRT light curve for 0954+658.
**
**  Data taken from the automatic processing at http://www.swift.psu.edu/monitoring/
**
**  When using these data and results in publications, please reference M.C. Stroh & A.D. Falcone 2013, ApJS, 207, 28; arXiv: 1305.4949.
**
**  Key:
**
**   BinCenter      - Center of time bin (MJD)
**   BinHW          - One-half of the full time bin size (days)
**   Rate           - The background subtracted, PSF corrected and pile-up corrected source count rate (cts/s).
**   RateError      - 1 sigma error in source count rate (cts/s)
**   FracExp        - Conversion factor between bin size and observing time
**   Mode           - 0 if in Windowed Timing (WT)
**                    1 if in Photon Counting (PC)
**
**
**  Upper limits have an error listed as -1.00000.
**
*/
      BinCenter          BinHW           Rate      RateError        FracExp  Mode
   53920.276253       0.241747        0.11488        0.00467        0.20186     1
   54187.547284       0.167972        0.09233        0.00612        0.12180     1
   54475.320039       0.271626        0.09011        0.00564        0.07795     1
   54476.292707       0.237128        0.09571        0.00652        0.06949     1
   54480.743898       0.069940        0.09784        0.00916        0.12178     1
   54841.095695       0.638990        0.05348        0.00326        0.09403     1
   55137.450795       0.499458        0.06321        0.00555        0.03220     1
   55140.524475       0.172737        0.06635        0.00780        0.09656     1
   55177.884523       0.102956        0.12226        0.00668        0.21274     1
   55219.776920       0.175119        0.15461        0.00468        0.28857     1
   55260.330335       0.034556        0.07683        0.01885        0.05120     1
   55267.422169       0.173623        0.13815        0.00473        0.26167     1
   55847.472948       0.302057        0.08708        0.00983        0.02949     1
   55849.066569       0.511195        0.07482        0.00562        0.03399     1
   56022.123247       0.007277        0.05638        0.00799        0.97560     1
   56775.600005       0.009006        0.08671        0.00860        0.97358     1
   56805.875967       0.036502        0.21228        0.01244        0.28433     1
   56833.849886       0.009805        0.07598        0.00779        0.95231     1
   56979.132224       0.169018        0.34101        0.01331        0.10821     1
   56983.733577       0.169846        0.16975        0.00723        0.13670     1
   57049.843014       0.037868        0.18821        0.01152        0.29146     1
   57066.740178       0.030997        0.65169        0.02460        0.36338     1
   57068.633089       0.330411        0.39979        0.01684        0.03269     1
   57069.765349       0.211738        0.60674        0.02035        0.05083     1
   57070.796476       0.031956        0.94899        0.03628        0.31293     1
   57071.457951       0.040613        0.55628        0.01934        0.29312     1
   57072.385035       0.035776        0.52362        0.02497        0.17287     1
   57073.716405       0.036357        0.44866        0.02386        0.15620     1
   57074.851641       0.039306        0.47345        0.01838        0.25491     1
   57075.650863       0.038696        0.44726        0.01715        0.28661     1
   57076.248388       0.102986        0.44648        0.02521        0.05135     1
   57077.250810       0.037359        0.56254        0.02242        0.21296     1
   57085.887065       0.071247        0.52378        0.01720        0.17831     1
   57086.316686       0.036067        0.48506        0.02072        0.24488     1
   57087.547250       0.070681        0.29045        0.01420        0.14883     1
   57088.553212       0.133576        0.43579        0.02418        0.05532     1
   57089.713262       0.099906        0.27138        0.02092        0.06845     1
   57090.705249       0.037098        0.24651        0.01342        0.28099     1
   57091.305755       0.036880        0.21650        0.01591        0.16890     1
   57092.301525       0.035951        0.27008        0.01378        0.29762     1
   57194.768534       0.039814        0.12722        0.01716        0.20918     1
   57195.889192       0.038086        0.14832        0.01170        0.26256     1
   57196.691489       0.104031        0.10297        0.01075        0.06953     1
   57197.593231       0.403270        0.11533        0.00846        0.03092     1
   57198.151720       0.037142        0.11772        0.00979        0.24983     1
   57199.086058       0.039625        0.14803        0.01365        0.14262     1
   57200.224577       0.032334        0.14602        0.01044        0.31652     1
   57201.074588       0.036488        0.12867        0.01085        0.27136     1
   57202.278308       0.032072        0.12825        0.00979        0.30821     1
   57203.411978       0.036619        0.10366        0.00829        0.30692     1
   58206.329753       0.006333        0.08884        0.01041        0.97911     1
   58225.561888       0.303234        0.17288        0.00714        0.08166     1
   58226.128680       0.006043        0.19412        0.01531        0.97841     1
   58231.176314       0.332575        0.24618        0.00995        0.05536     1
   58845.643490       0.340506        0.09695        0.00818        0.03116     1
   58858.178683       0.002542        0.05414        0.01357        0.97196     1
   58863.107954       0.001060        0.08445        0.02438        0.98235     1
   58872.586500       0.009994        0.06757        0.00776        0.97939     1
   58889.439897       0.035762        0.08766        0.01168        0.13238     1
   58897.541030       0.300633        0.08149        0.00944        0.02241     1
   59689.192583       0.037229        0.20778        0.01413        0.24598     1
   59690.199860       0.039698        0.17762        0.01258        0.26655     1
   59691.184381       0.039219        0.21386        0.01111        0.32603     1
   59692.217321       0.009747        0.19456        0.01217        0.97105     1
   59693.145027       0.008439        0.22444        0.01440        0.97451     1
   59718.162970       0.005767        0.18682        0.01576        0.97344     1
   59719.163935       0.005462        0.19358        0.01744        0.97570     1
   59720.159227       0.004648        0.24088        0.02088        0.97855     1
   59721.207618       0.005563        0.29249        0.01991        0.96363     1
   59722.213055       0.006377        0.29305        0.01883        0.96376     1
   59723.165486       0.028891        0.27893        0.02184        0.20121     1
   59724.188498       0.005229        0.23956        0.01844        0.96953     1
   59728.895682       0.004300        0.41257        0.02654        0.97387     1
   59736.729819       0.004895        0.21267        0.01849        0.96228     1
   59743.014350       0.003689        0.22969        0.02137        0.96875     1
   59745.370243       0.103349        0.25468        0.01729        0.08617     1
   59747.754249       0.037374        0.16902        0.01169        0.24822     1
   59749.113956       0.004067        0.20756        0.02082        0.95985     1
   59750.577451       0.337572        0.26079        0.01367        0.02968     1
