61202.50  3.50  1.06e-07  2.75e-08    0.46    0.12
61209.50  3.50  8.58e-08  1.90e-08    0.37    0.09
61216.50  3.50  1.06e-07  2.86e-08    0.46    0.12
61223.50  3.50  1.51e-07  3.32e-08    0.65    0.17
61230.50  3.50  2.74e-07  3.75e-08    1.19    0.30
61237.50  3.50  2.01e-07  3.33e-08    0.87    0.22
61244.50  3.50  1.73e-07  3.02e-08    0.75    0.19
61251.50  3.50  1.62e-07  3.09e-08    0.70    0.18
61258.50  3.50  1.20e-07  9.66e-09    0.52    0.13
61265.50  3.50  7.86e-08  2.72e-08    0.34    0.09
61272.50  3.50  1.32e-07  2.67e-08    0.57    0.15
61279.50  3.50  1.21e-07  2.63e-08    0.52    0.13
61286.50  3.50  1.28e-07  2.70e-08    0.56    0.14
61293.50  3.50  1.81e-07  3.07e-08    0.78    0.20
