61202.50  0.50  4.56e-07  0.00e+00    0.00    0.00
61203.50  0.50  4.32e-07  0.00e+00    0.00    0.00
61204.50  0.50  2.57e-07  0.00e+00    0.00    0.00
61205.50  0.50  9.44e-08  0.00e+00    0.00    0.00
61206.50  0.50  2.94e-07  0.00e+00    0.00    0.00
61207.50  0.50  1.60e-07  0.00e+00    0.00    0.00
61208.50  0.50  2.40e-07  0.00e+00    0.00    0.00
61209.50  0.50  1.63e-07  0.00e+00    0.00    0.00
61210.50  0.50  1.78e-07  0.00e+00    0.00    0.00
61211.50  0.50  6.07e-08  4.95e-08    0.26    0.07
61212.50  0.50  1.01e-07  0.00e+00    0.00    0.00
61213.50  0.50  2.29e-07  0.00e+00    0.00    0.00
61214.50  0.50  7.96e-08  0.00e+00    0.00    0.00
61215.50  0.50  1.51e-07  0.00e+00    0.00    0.00
61216.50  0.50  2.29e-07  0.00e+00    0.00    0.00
61217.50  0.50  6.08e-07  0.00e+00    0.00    0.00
61218.50  0.50  1.55e-07  7.53e-08    0.67    0.17
61219.50  0.50  5.44e-07  0.00e+00    0.00    0.00
61220.50  0.50  2.99e-07  1.17e-07    1.30    0.33
61221.50  0.50  4.06e-07  0.00e+00    0.00    0.00
61222.50  0.50  2.78e-07  0.00e+00    0.00    0.00
61223.50  0.50  2.24e-07  0.00e+00    0.00    0.00
61224.50  0.50  2.62e-07  9.86e-08    1.13    0.29
61225.50  0.50  3.25e-07  0.00e+00    0.00    0.00
61226.50  0.50  7.07e-08  0.00e+00    0.00    0.00
61227.50  0.50  4.14e-07  0.00e+00    0.00    0.00
61228.50  0.50  3.25e-07  0.00e+00    0.00    0.00
61229.50  0.50  8.27e-07  1.40e-07    3.58    0.91
61230.50  0.50  2.80e-07  9.70e-08    1.21    0.31
61231.50  0.50  3.68e-07  0.00e+00    0.00    0.00
61232.50  0.50  4.18e-07  0.00e+00    0.00    0.00
61233.50  0.50  1.17e-07  5.90e-08    0.51    0.13
61234.50  0.50  3.57e-07  1.07e-07    1.55    0.39
61235.50  0.50  2.96e-07  0.00e+00    0.00    0.00
61236.50  0.50  3.40e-07  0.00e+00    0.00    0.00
61237.50  0.50  4.96e-07  0.00e+00    0.00    0.00
61238.50  0.50  3.40e-07  0.00e+00    0.00    0.00
61239.50  0.50  2.49e-07  7.66e-08    1.08    0.28
61240.50  0.50  2.10e-07  0.00e+00    0.00    0.00
61241.50  0.50  2.36e-07  0.00e+00    0.00    0.00
61242.50  0.50  3.48e-07  1.03e-07    1.51    0.38
61243.50  0.50  2.18e-07  9.37e-08    0.94    0.24
61244.50  0.50  2.77e-07  9.17e-08    1.20    0.31
61245.50  0.50  1.19e-07  5.84e-08    0.52    0.13
61246.50  0.50  1.81e-07  0.00e+00    0.00    0.00
61247.50  0.50  2.65e-07  0.00e+00    0.00    0.00
61248.50  0.50  3.78e-07  0.00e+00    0.00    0.00
61249.50  0.50  3.10e-07  0.00e+00    0.00    0.00
61250.50  0.50  3.67e-07  0.00e+00    0.00    0.00
61251.50  0.50  2.88e-07  0.00e+00    0.00    0.00
61252.50  0.50  1.92e-07  0.00e+00    0.00    0.00
61253.50  0.50  1.62e-07  6.73e-08    0.70    0.18
61254.50  0.50  2.22e-07  7.93e-08    0.96    0.24
61255.50  0.50  1.58e-07  6.99e-08    0.68    0.17
61256.50  0.50  2.10e-07  0.00e+00    0.00    0.00
61257.50  0.50  1.83e-07  0.00e+00    0.00    0.00
61258.50  0.50  4.72e-08  3.81e-08    0.20    0.05
61259.50  0.50  3.57e-07  0.00e+00    0.00    0.00
61260.50  0.50  2.59e-07  8.01e-08    1.12    0.29
61261.50  0.50  1.90e-07  0.00e+00    0.00    0.00
61262.50  0.50  2.15e-07  0.00e+00    0.00    0.00
61263.50  0.50  3.03e-07  0.00e+00    0.00    0.00
61264.50  0.50  3.95e-07  0.00e+00    0.00    0.00
61265.50  0.50  1.59e-07  0.00e+00    0.00    0.00
61266.50  0.50  4.47e-07  0.00e+00    0.00    0.00
61267.50  0.50  1.47e-07  0.00e+00    0.00    0.00
61268.50  0.50  7.54e-08  0.00e+00    0.00    0.00
61269.50  0.50  1.59e-07  0.00e+00    0.00    0.00
61270.50  0.50  3.93e-07  0.00e+00    0.00    0.00
61271.50  0.50  2.97e-07  0.00e+00    0.00    0.00
61272.50  0.50  2.38e-07  0.00e+00    0.00    0.00
61273.50  0.50  2.61e-07  9.18e-08    1.13    0.29
61274.50  0.50  1.59e-07  6.73e-08    0.69    0.18
61275.50  0.50  8.94e-08  3.74e-08    0.39    0.10
61276.50  0.50  2.54e-07  0.00e+00    0.00    0.00
61277.50  0.50  3.52e-07  0.00e+00    0.00    0.00
61278.50  0.50  1.08e-07  5.08e-08    0.47    0.12
61279.50  0.50  1.74e-07  8.26e-08    0.75    0.19
61280.50  0.50  1.87e-07  7.64e-08    0.81    0.21
61281.50  0.50  4.66e-07  0.00e+00    0.00    0.00
61282.50  0.50  1.17e-07  0.00e+00    0.00    0.00
61283.50  0.50  2.69e-07  0.00e+00    0.00    0.00
61284.50  0.50  4.28e-07  0.00e+00    0.00    0.00
61285.50  0.50  1.58e-07  7.66e-08    0.68    0.17
61286.50  0.50  2.10e-07  7.47e-08    0.91    0.23
61287.50  0.50  1.15e-07  0.00e+00    0.00    0.00
61288.50  0.50  2.95e-07  0.00e+00    0.00    0.00
61289.50  0.50  2.24e-07  0.00e+00    0.00    0.00
61290.50  0.50  2.66e-07  0.00e+00    0.00    0.00
61291.50  0.50  3.33e-07  0.00e+00    0.00    0.00
61292.50  0.50  3.33e-07  0.00e+00    0.00    0.00
61293.50  0.50  1.81e-07  7.40e-08    0.78    0.20
61294.50  0.50  4.39e-07  1.21e-07    1.90    0.48
61295.50  0.50  1.28e-07  0.00e+00    0.00    0.00
61296.50  0.50  3.43e-07  0.00e+00    0.00    0.00
61297.50  0.50  1.27e-07  2.07e-08    0.55    0.14
61298.50  0.50  2.92e-07  0.00e+00    0.00    0.00
61299.50  0.50  3.15e-07  0.00e+00    0.00    0.00
61300.50  0.50  1.51e-07  2.74e-08    0.66    0.17
61301.50  0.50  1.31e-07  5.37e-08    0.57    0.14
