61202.50  3.50  1.66e-08  4.92e-09    0.68    0.17
61209.50  3.50  8.55e-09  2.66e-09    0.35    0.09
61216.50  3.50  8.21e-09  3.08e-09    0.34    0.09
61223.50  3.50  1.61e-08  4.62e-09    0.66    0.17
61230.50  3.50  2.66e-08  5.51e-09    1.09    0.28
61237.50  3.50  1.53e-08  4.11e-09    0.63    0.16
61244.50  3.50  2.04e-08  4.61e-09    0.84    0.21
61251.50  3.50  1.28e-08  4.07e-09    0.53    0.13
61258.50  3.50  1.50e-08  3.40e-09    0.61    0.16
61265.50  3.50  7.42e-09  3.18e-09    0.30    0.08
61272.50  3.50  1.47e-08  4.11e-09    0.60    0.15
61279.50  3.50  1.58e-08  3.88e-09    0.65    0.17
61286.50  3.50  1.45e-08  4.00e-09    0.59    0.15
61293.50  3.50  1.72e-08  4.43e-09    0.71    0.18
