/*
**
**  Swift/XRT light curve for S5 0716+714.
**
**  Data taken from the automatic processing at http://www.swift.psu.edu/monitoring/
**
**  When using these data and results in publications, please reference M.C. Stroh & A.D. Falcone 2013, ApJS, 207, 28; arXiv: 1305.4949.
**
**  Key:
**
**   BinCenter      - Center of time bin (MJD)
**   BinHW          - One-half of the full time bin size (days)
**   Rate           - The background subtracted, PSF corrected and pile-up corrected source count rate (cts/s).
**   RateError      - 1 sigma error in source count rate (cts/s)
**   FracExp        - Conversion factor between bin size and observing time
**   Mode           - 0 if in Windowed Timing (WT)
**                    1 if in Photon Counting (PC)
**
**
**  Upper limits have an error listed as -1.00000.
**
*/
      BinCenter          BinHW           Rate      RateError        FracExp  Mode
   53463.989232       1.010653        0.22007        0.00597        0.04436     1
   53463.989258       1.010703        0.28325        0.00671        0.04842     0
   53464.785127       0.070535        0.31741        0.02127        0.07750     0
   53464.785141       0.070463        0.21007        0.01990        0.05313     1
   53600.734095       0.111701        0.39614        0.00819        0.37760     1
   54375.869862       0.107198        0.26476        0.00923        0.24818     1
   54396.708529       0.014235        0.49652        0.01618        0.98158     1
   54397.641564       0.011533        0.31667        0.01470        0.97552     1
   54398.318829       0.132545        0.38589        0.01346        0.11589     1
   54399.546958       0.039117        0.36211        0.01442        0.32103     1
   54400.415840       0.040337        0.91102        0.03157        0.27590     1
   54401.365727       0.038420        0.45119        0.02423        0.25426     1
   54404.230361       0.033525        0.26354       -1.00000        0.00433     1
   54407.243572       0.039727        1.02827        0.02804        0.40075     1
   54410.190600       0.034382        0.40938        0.02071        0.31698     1
   54413.194698       0.040700        0.54309        0.02235        0.27713     1
   54417.177321       0.072656        0.42014        0.01874        0.18498     1
   54577.693386       0.070608        0.44213        0.02264        0.12298     1
   54584.785983       0.033707        2.15706        0.47132        0.00197     0
   54584.791776       0.039437        1.79223        0.06231        0.28497     1
   54586.026705       0.194346        1.84220        0.30129        0.00071     0
   54586.031788       0.199391        1.42767        0.03353        0.11917     1
   54588.733963       0.039640        0.43353        0.01692        0.27376     1
   54799.016478       0.202950        0.43157        0.01635        0.06337     1
   54806.939500       0.036183        0.27874        0.02102        0.14457     1
   54813.730314       0.069664        0.33402        0.02337        0.11463     1
   54820.396110       0.037839        0.26230        0.01540        0.20797     1
   54834.195569       0.001104        0.22982        0.04001        0.93745     1
   54843.836499       0.100792        0.31073        0.01596        0.11016     1
   54850.396801       0.102434        0.33518        0.01774        0.07829     1
   54855.668367       0.039930        0.29302        0.01398        0.27055     1
   54864.745783       0.070173        0.38356        0.02185        0.12354     1
   54867.146581       0.069374        0.37452        0.01458        0.18560     1
   54868.513301       0.033917        0.22152        0.04136        0.03226     1
   54874.761089       0.071523        0.26741        0.00972        0.27960     1
   54876.939661       0.040163        0.27365        0.01153        0.36619     1
   54878.807431       0.171662        0.25472        0.00848        0.15049     1
   54880.492146       0.041078        0.27847        0.01190        0.33732     1
   54882.093793       0.042284        0.22921        0.01002        0.38134     1
   54884.195923       0.073484        0.20940        0.01082        0.24749     1
   54886.076156       0.073833        0.22270        0.00963        0.24556     1
   54888.077485       0.070405        0.22324        0.01071        0.19727     1
   54889.082620       0.006246        0.24670        0.01788        0.90061     1
   55120.951747       0.536396        0.28486        0.00963        0.05852     1
   55165.127157       0.008933        0.92165        0.03584        0.97979     1
   55167.036229       0.033888        0.86414        0.03816        0.31743     1
   55172.890996       0.006871        0.61792        0.02545        0.98720     1
   55176.758025       0.205158        0.67201        0.03006        0.03681     1
   55177.492377       0.466616        0.65858        0.02029        0.03829     1
   55178.496348       0.468185        0.75671        0.01879        0.05136     1
   55179.498075       0.469231        0.76939        0.01936        0.04966     1
   55180.278984       0.228616        0.69683        0.02221        0.06679     1
   55187.947028       0.001554        0.47664        0.04913        0.98359     1
   55193.383674       0.038536        0.34949        0.01864        0.18960     1
   55196.060341       0.038943        0.29980        0.01391        0.36700     1
   55200.845902       0.007568        0.43777        0.02071        0.97903     1
   55214.325515       0.005011        0.16370        0.02012        0.98251     1
   55221.677243       0.009529        0.23021        0.01340        0.98443     1
   55228.026373       0.006217        0.28725        0.01851        0.96019     1
   55235.863358       0.006754        0.14676        0.01961        0.40481     1
   55242.139068       0.007437        0.24758        0.01961        0.61694     1
   55249.170587       0.007858        0.23023        0.01469        0.97931     1
   55256.055600       0.006159        0.37984        0.02113        0.98800     1
   55270.005464       0.007698        0.26608        0.01725        0.98079     1
   55277.031906       0.067384        0.26687        0.03285        0.02740     1
   55281.070025       0.033423        0.24266        0.01295        0.32973     1
   55284.311974       0.006754        0.39519        0.02117        0.98018     1
   55475.684918       0.040032        0.48633        0.01953        0.24055     1
   55501.100048       0.038812        0.71499        0.02691        0.30560     1
   55531.588151       0.007684        0.25282        0.01649        0.95335     1
   55538.269233       0.006449        0.29288        0.01812        0.98207     1
   55545.829839       0.007640        0.27295        0.01626        0.98430     1
   55552.179570       0.007190        0.25755        0.02094        0.97335     1
   55559.604044       0.007045        0.21556        0.01496        0.98306     1
   55566.492618       0.008033        0.25223        0.01542        0.97995     1
   55580.839256       0.007248        0.15876        0.01264        0.97563     1
   55587.254154       0.007640        0.16436        0.01287        0.97175     1
   55594.137851       0.005200        0.17130        0.01556        0.96983     1
   55601.032544       0.001453        0.13600        0.02700        0.96291     1
   55602.299377       0.006827        0.12980        0.01188        0.97410     1
   55608.931426       0.001191        0.17135        0.03238        0.97735     1
   55610.061879       0.005447        0.12921        0.01897        0.98359     1
   55622.124258       0.036735        0.12455        0.01583        0.14634     1
   55643.858399       0.006841        0.22724        0.01557        0.97838     1
   55650.948272       0.001409        0.34549        0.04260        0.96549     1
   55756.242020       0.142379        0.75869        0.02001        0.15768     1
   55758.613419       0.303887        0.52658        0.01292        0.07594     1
   55859.292724       0.103087        0.53230        0.02029        0.11773     1
   55860.486829       0.038144        0.49313        0.01673        0.34403     1
   55861.489288       0.037795        0.44188        0.01843        0.31692     1
   55862.492221       0.037592        0.47808        0.02182        0.29039     1
   55899.258197       0.005665        0.35483        0.02856        0.98637     1
   55906.813884       0.006246        0.50434        0.02523        0.97690     1
   55913.027789       0.005505        0.47232        0.02530        0.98409     1
   55920.579608       0.004387        0.57013        0.03965        0.98264     1
   55927.381905       0.006290        0.57330        0.02581        0.97949     1
   55934.404203       0.006188        0.44317        0.02349        0.96837     1
   55948.263200       0.005534        0.26556        0.01886        0.96098     1
   55955.685719       0.005897        0.33492        0.02034        0.98022     1
   55962.624502       0.140766        0.26953        0.01751        0.05507     1
   55976.533416       0.004764        0.30814        0.02386        0.97149     1
   55983.337232       0.006493        0.55409        0.02503        0.99524     1
   56000.076046       0.005854        0.25958        0.01816        0.97218     1
   56011.521207       0.237099        0.59795        0.02730        0.03196     1
   56185.889578       0.067398        0.37964        0.00993        0.41785     1
   56187.672648       0.047426        0.23966        0.00951        0.55689     1
   56242.422247       0.006871        0.45510        0.02818        0.95545     1
   56269.356153       0.005607        0.49391        0.02544        0.98399     1
   56276.422448       0.004605        0.43008        0.02626        0.98321     1
   56283.645429       0.005941        0.40343        0.02228        0.97066     1
   56291.976468       0.005462        0.36523        0.02423        0.97968     1
   56298.324641       0.005055        0.39961        0.02452        0.97747     1
   56312.307472       0.006391        0.27110        0.01781        0.97938     1
   56319.310767       0.005854        0.41202        0.02741        0.96225     1
   56325.190230       0.005578        0.52259        0.02679        0.97557     1
   56331.252427       0.003355        0.39103        0.03309        0.97402     1
   56337.258002       0.003152        0.31479        0.03270        0.99987     1
   56347.482247       0.005912        0.41913        0.02597        0.96055     1
   56354.085368       0.005607        0.27611        0.01918        0.96431     1
   56364.198198       0.005229        0.35917        0.02228        0.99406     1
   56368.663635       0.005084        0.35649        0.02641        0.96774     1
   56375.135255       0.005709        0.33466        0.02182        0.97278     1
   56382.087475       0.006275        0.22357        0.01637        0.96762     1
   56598.465765       0.039073        0.28394        0.01408        0.26785     1
   56602.424402       0.006130        0.31564        0.03058        0.96552     1
   56627.397144       0.006304        0.19770        0.01542        0.96635     1
   56634.938646       0.003660        0.21900        0.03574        0.96409     1
   56642.211131       0.202717        0.25421        0.01517        0.04011     1
   56648.601211       0.006406        0.32571        0.01943        0.98140     1
   56655.991586       0.000160        0.67042       -1.00000        0.95217     1
   56662.932672       0.006217        0.14968        0.01334        0.97673     1
   56676.771954       0.005665        0.17412        0.01502        0.97585     1
   56682.307975       0.005912        0.22451        0.01671        0.97326     1
   56704.434330       0.004968        0.19276        0.01691        0.97327     1
   56732.592154       0.006420        0.36182        0.02026        0.98176     1
   56764.640026       0.011446        0.79900        0.03059        0.96368     1
   56765.103919       0.071059        0.20470        0.01318        0.19489     1
   56767.970945       0.011548        1.17537        0.03734        0.98328     1
   56768.795543       0.037025        0.29314        0.01555        0.30228     1
   56769.663083       0.035834        0.20325        0.01188        0.30343     1
   56989.717295       0.036837        0.38569        0.01982        0.19749     1
   56995.945822       0.006260        0.31157        0.01926        0.97227     1
   57011.041827       0.005345        0.17315        0.01537        0.98359     1
   57019.360440       0.006188        0.23429        0.01677        0.97644     1
   57023.220254       0.006115        0.24300        0.01708        0.97416     1
   57029.010433       0.004822        0.22001        0.01816        0.97953     1
   57041.096238       0.005752        0.65870        0.02902        0.97960     1
   57042.756057       0.006420        0.63214        0.02749        0.98057     1
   57043.413622       0.005636        0.68644        0.03880        0.96026     1
   57044.054979       0.037359        0.98656        0.04000        0.20521     1
   57044.623409       0.334870        0.76389        0.01459        0.11755     1
   57045.015736       0.007161        1.42008        0.06285        0.79484     1
   57045.882537       0.739637        1.31425        0.01920        0.07375     1
   57047.310248       0.173739        1.65982        0.06208        0.05518     1
   57047.576596       0.359331        1.48974        0.02657        0.10360     1
   57048.735259       0.008657        1.28689        0.04309        0.98965     1
   57048.868583       0.008643        1.10304        0.04023        0.98108     1
   57049.665692       0.008657        1.07781        0.03942        0.97934     1
   57050.077601       0.069586        1.03099        0.04067        0.07894     0
   57051.361294       0.099107        0.61036        0.01611        0.18147     1
   57051.664760       0.001152        0.93657        0.09653        0.93738     0
   57051.924833       0.071509        0.58477        0.01801        0.19628     1
   57052.629476       0.362853        0.95011        0.01936        0.08165     0
   57053.364334       0.371759        0.81635        0.01537        0.08933     0
   57054.563738       0.102937        0.90788        0.01536        0.29158     0
   57055.452753       0.006273        0.93111        0.03273        0.96172     0
   57056.316657       0.006215        1.84820        0.04623        0.95996     0
   57057.647344       0.008614        1.20614        0.04272        0.98442     1
   57058.558057       0.039841        1.32477        0.02827        0.28890     0
   57058.824577       0.173721        1.42635        0.01857        0.17269     0
   57059.519857       0.469688        1.42147        0.01214        0.16185     0
   57060.520227       0.472812        1.34578        0.01447        0.14362     0
   57061.412381       0.372344        1.19742        0.01315        0.17986     0
   57061.575260       0.003183        0.95595        0.10382        0.93677     0
   57061.581783       0.002943        1.01649        0.07666        0.93136     0
   57062.372451       0.002543        1.05041        0.06972        0.94615     0
   57062.377903       0.002535        0.93618        0.07904        0.92041     0
   57062.513106       0.458388        1.04829        0.01103        0.19122     0
   57063.966403       0.006505        1.06397        0.04081        0.93105     0
   57064.306098       0.005663        0.98730        0.04172        0.92744     0
   57066.035803       0.003762        1.08855        0.05365        0.92783     0
   57066.229909       0.138134        1.33103        0.01902        0.18469     0
   57066.239002       0.137399        1.35089        0.02011        0.17856     0
   57067.941615       0.034048        1.28057        0.05762        0.24317     1
   57068.296282       0.005781        1.21153        0.04177        0.94394     0
   57068.822950       0.004821        0.86358        0.03901        0.93651     0
   57069.956506       0.005955        0.79063        0.03380        0.90914     0
   57070.231950       0.006244        0.81958        0.04373        0.92817     0
   57070.757501       0.006360        0.68393        0.03023        0.93676     0
   57071.093511       0.005090        0.79460        0.03711        0.91586     0
   57071.691741       0.006157        0.77732        0.03255        0.93562     0
   57072.018360       0.005926        0.63675        0.02816        0.98614     1
   57072.751376       0.002774        0.72969        0.06052        0.93301     1
   57073.015595       0.005912        0.67622        0.02979        0.98040     1
   57073.614348       0.006449        0.77292        0.03898        0.97716     1
   57074.146142       0.005897        0.57647        0.02677        0.98711     1
   57074.612470       0.006231        0.43663        0.02368        0.97416     1
   57075.213646       0.005767        0.45413        0.02883        0.67799     1
   57075.678420       0.003995        0.43218        0.02863        0.98802     1
   57076.075699       0.005621        0.62873        0.07216        0.16273     1
   57076.075957       0.005955        0.68051        0.04395        0.46399     0
   57076.544066       0.004503        0.54917        0.03142        0.98704     1
   57077.074780       0.006464        0.59975        0.03441        0.64548     1
   57077.807160       0.006028        0.74692        0.04013        0.98126     1
   57078.073070       0.006086        0.74587        0.03907        0.96898     1
   57078.743213       0.004692        0.53519        0.02879        0.97960     1
   57079.007016       0.004692        0.55862        0.03018        0.92469     1
   57079.739668       0.005462        0.54171        0.02729        0.98176     1
   57080.170922       0.036009        0.52606        0.02306        0.19564     1
   57080.570854       0.036052        0.63047        0.02710        0.18488     1
   57081.202429       0.001627        0.52637        0.04867        0.97608     1
   57081.668103       0.001956        0.90527        0.10114        0.36486     0
   57081.668165       0.001961        0.64996        0.14220        0.21092     1
   57091.946091       0.002498        0.82547        0.06760        0.96555     1
   57092.210358       0.004939        0.66655        0.04243        0.96523     1
   57092.674696       0.003559        0.73228        0.05109        0.97443     1
   57093.268331       0.004561        0.71541        0.04564        0.96517     1
   57093.669742       0.003849        0.57956        0.03323        0.99312     1
   57094.262683       0.068531        0.48976        0.02531        0.08348     1
   57094.941285       0.004532        0.57889        0.03278        0.97835     1
   57103.708289       0.006246        0.67402        0.02981        0.97881     1
   57111.122547       0.835781        0.53394        0.02162        0.00999     1
   57156.270177       0.005505        0.32325        0.02142        0.97109     1
   57157.868856       0.272124        0.25293        0.05348        0.00258     0
   57157.868864       0.272076        0.29988        0.02208        0.01705     1
   57158.331269       0.005534        0.25841        0.01890        0.97668     1
   57159.727424       0.005883        0.34486        0.02711        0.97423     1
   57160.391793       0.005418        0.35304        0.02468        0.97592     1
   57161.528611       0.006072        0.24526        0.01748        0.98325     1
   57162.983795       0.005738        0.35490        0.02156        0.98480     1
   57355.064365       0.005520        0.28352        0.01983        0.96583     1
   57361.575488       0.005752        0.65544        0.03029        0.98488     1
   57365.369417       0.006260        0.34060        0.02052        0.97218     1
   57365.703124       0.005897        0.35255        0.02181        0.98325     1
   57366.163248       0.005462        0.29538        0.02094        0.98635     1
   57366.429740       0.004270        0.29314        0.02245        0.97480     1
   57367.223357       0.005796        0.32856        0.02212        0.98025     1
   57368.153929       0.005592        0.36087        0.02694        0.98334     1
   57368.624520       0.006014        0.45531        0.02364        0.98576     1
   57369.220822       0.005520        0.28866        0.01966        0.98143     1
   57370.673585       0.005578        0.46442        0.02510        0.97231     1
   57371.613084       0.005665        0.21953        0.02229        0.96442     1
   57382.501478       0.005418        0.13726        0.01416        0.98104     1
   57401.477498       0.004430        0.34250        0.02427        0.97444     1
   57420.282390       0.004401        0.40778        0.04173        0.96413     1
   57433.290037       0.002310        0.33078        0.03286        0.96948     1
   57434.025458       0.002992        0.59146        0.05023        0.98548     1
   57439.009899       0.004648        0.20197        0.01794        0.98956     1
   57441.004968       0.002644        0.30619        0.03069        0.88512     1
   57454.518565       0.005011        0.12906        0.01401        0.97676     1
   57455.821106       0.035820        0.15412        0.01685        0.16255     1
   57456.707911       0.005955        0.13738        0.01311        0.98584     1
   57457.636170       0.004786        0.29574        0.03940        0.28077     0
   57457.637589       0.006130        0.23659        0.02512        0.44764     1
   57458.506545       0.005941        0.12872        0.01289        0.97343     1
   57459.027991       0.000599        0.48309        0.08607        0.80093     0
   57459.033750       0.005142        0.13336        0.01411        0.98084     1
   57460.559472       0.005781        0.60041        0.02765        0.99139     1
   57466.665953       0.068764        0.56574        0.03288        0.07946     1
   57773.897017       0.000349        0.79173       -1.00000        0.37500     1
   57868.491424       0.333563        0.25669        0.01257        0.03538     1
   57869.452904       0.300532        0.25585        0.01241        0.04045     1
   57870.517502       0.103305        0.22332        0.01151        0.11960     1
   57871.777997       0.104627        0.22657        0.01263        0.10380     1
   57872.712188       0.036401        0.20733        0.01148        0.30951     1
   57873.172120       0.037548        0.23050        0.01236        0.28719     1
   57874.732791       0.072032        0.21445        0.01321        0.15100     1
   57925.194113       0.033641        0.23118        0.01350        0.28722     1
   57926.353004       0.071291        0.22383        0.01210        0.15640     1
   57927.117875       0.032784        0.23187        0.01720        0.32850     1
   57928.778177       0.033525        0.21192        0.01151        0.34581     1
   57929.271626       0.269302        0.20265        0.01169        0.04033     1
   57930.040387       0.032508        0.20363        0.01161        0.33706     1
   57931.836181       0.042966        0.23366        0.01171        0.29669     1
   58132.044562       0.038739        0.35582        0.01516        0.29297     1
   58133.642298       0.038914        0.48384        0.01782        0.28766     1
   58134.041426       0.039103        0.58718        0.02339        0.26070     1
   58208.041965       0.005258        1.44174        0.06889        0.97250     1
   58208.243035       0.007626        2.23812        0.08373        0.97331     1
   58208.309329       0.007989        1.86429        0.07553        0.95766     1
   58208.511774       0.004866        1.82331        0.09664        0.96998     1
   58208.573575       0.006260        2.03854        0.08900        0.97198     1
   58208.639921       0.005912        2.15189        0.09594        0.98047     1
   58208.768164       0.000168        1.91896        0.29424        0.97110     0
   58208.774099       0.005752        2.20234        0.10121        0.97995     1
   58209.037822       0.005186        2.00735        0.09810        0.97734     1
   58209.106335       0.003370        2.01821        0.11936        0.97942     1
   58209.305060       0.006028        2.12010        0.09124        0.96592     1
   58209.370488       0.005897        1.97615        0.07852        0.98152     1
   58209.503127       0.005868        1.90726        0.09111        0.96973     1
   58209.637927       0.003719        1.60810        0.10304        0.96972     1
   58209.709304       0.006653        1.76765        0.08067        0.93697     1
   58209.762356       0.000098        1.70249        0.37903        0.96627     0
   58209.768718       0.006246        1.86028        0.09049        0.95786     1
   58209.903200       0.003036        1.68277        0.11524        0.96716     1
   58210.100405       0.005796        1.68918        0.07203        0.97980     1
   58210.166482       0.000069        1.85275        0.45721        0.88229     0
   58210.172507       0.005941        1.69262        0.08600        0.96959     1
   58210.241124       0.002803        1.43539        0.08113        0.98605     1
   58210.304944       0.005462        1.47829        0.08058        0.97132     1
   58210.368295       0.004619        1.41628        0.06236        0.97321     1
   58210.433614       0.004561        1.47303        0.07558        0.98495     1
   58210.698678       0.006159        1.63375        0.05819        0.98334     1
   58210.958993       0.000897        1.81234        0.12069        0.94276     0
   58210.964669       0.004764        1.31247        0.06018        0.96952     1
   58211.429084       0.006333        1.90433        0.08628        0.97104     1
   58211.498758       0.000069        1.56947        0.41842        0.96561     0
   58211.501850       0.003007        1.95907        0.12362        0.97840     1
   58276.810982       0.135523        1.09049        0.05419        0.03815     1
   58277.872266       0.004111        1.10949        0.05772        0.97947     1
   58278.006010       0.002992        1.63469        0.10475        0.86439     1
   58279.261813       0.005549        1.55668        0.06230        0.97650     1
   58280.389761       0.005331        1.60012        0.06067        0.98089     1
   58281.059517       0.005752        1.15058        0.05303        0.97042     1
   58282.515571       0.006624        1.81799        0.05912        0.99122     1
   58283.050685       0.005563        1.62315        0.06695        0.97463     1
   58284.776074       0.005839        2.14657        0.09430        0.96447     1
   58285.773375       0.005781        1.35720        0.05472        0.98242     1
   58286.040139       0.005694        1.65030        0.08350        0.96948     1
   58287.698588       0.006260        3.23545        0.11576        0.97700     1
   58288.678307       0.000069        2.58195        0.52242        0.96414     0
   58289.808031       0.000119        3.51650        0.45868        0.98130     0
   58289.812755       0.004590        3.11252        0.12547        0.98143     1
   58458.184739       0.030329        0.63704        0.02083        0.36705     1
   58459.416119       0.006057        0.67408        0.03705        0.97800     1
   58463.398790       0.006057        0.56725        0.02612        0.98827     1
   58466.385803       0.006551        0.58997        0.02544        0.98006     1
   58468.377571       0.006420        0.51193        0.02434        0.97719     1
   58514.269680       0.006014        0.16944        0.01572        0.99046     1
   58516.266661       0.006231        0.13903        0.01281        0.97184     1
   58813.427504       0.003050        0.33629        0.02862        0.97178     1
   58818.395064       0.005592        0.56969        0.02760        0.98423     1
   58823.410586       0.026901        0.70971        0.04305        0.16530     1
   58843.349807       0.032784        0.42598        0.02881        0.15104     1
   58846.103492       0.005752        0.56596        0.02721        0.98256     1
   58846.367717       0.005868        0.43929        0.02341        0.98748     1
   58848.355700       0.006057        0.22409        0.01653        0.97574     1
   58851.513614       0.032203        0.86573        0.03148        0.34166     1
   58854.260793       0.136990        0.43306        0.02643        0.03802     1
   58857.277922       0.038028        0.40428        0.01668        0.27524     1
   58860.134469       0.042589        0.39270        0.01520        0.28702     1
   58863.698573       0.002789        1.39026        0.07954        0.96918     1
   58866.150521       0.005694        0.55353        0.02803        0.97665     1
   58896.172077       0.005665        1.60495        0.06641        0.97913     1
   58899.217685       0.005912        2.35184        0.10013        0.94697     1
   58902.201370       0.005549        1.92308        0.09047        0.97799     1
   59202.403041       0.035108        0.07332        0.01179        0.11175     1
   59224.296307       0.041180        0.10048        0.01016        0.18302     1
   59549.489049       0.006057        0.21055        0.01609        0.96825     1
   59632.141472       0.100865        0.22004        0.02299        0.06344     1
   59639.706809       0.241791        0.14167        0.00923        0.05283     1
   59646.437380       0.006333        0.26460        0.01748        0.97460     1
   59653.066846       0.005331        0.29039        0.02707        0.95913     1
   59667.057557       0.032697        0.23199        0.01813        0.15546     1
   59668.409988       0.005941        0.28024        0.01918        0.97311     1
   59669.611484       0.004459        0.14784        0.01600        0.97341     1
   59670.605893       0.005215        0.17353        0.01564        0.97076     1
   59671.401681       0.005244        0.37273        0.02272        0.98137     1
   59672.053457       0.004837        0.34503        0.02301        0.98197     1
   59673.511776       0.005563        0.24651        0.01815        0.97651     1
   59673.714371       0.009209        0.26862        0.01496        0.97891     1
   59674.904391       0.004619        0.22614        0.02049        0.87853     1
   59675.169156       0.006536        0.18842        0.01455        0.97800     1
   59676.228220       0.005113        0.17625        0.01590        0.97451     1
