61209.50  3.50  3.37e-08  0.00e+00    0.00    0.00
61216.50  3.50  1.37e-08  0.00e+00    0.00    0.00
61223.50  3.50  2.38e-08  0.00e+00    0.00    0.00
61230.50  3.50  2.11e-07  0.00e+00    0.00    0.00
61237.50  3.50  2.17e-07  0.00e+00    0.00    0.00
61244.50  3.50  5.10e-08  0.00e+00    0.00    0.00
61251.50  3.50  2.82e-08  0.00e+00    0.00    0.00
61258.50  3.50  2.21e-08  0.00e+00    0.00    0.00
61265.50  3.50  1.56e-07  0.00e+00    0.00    0.00
61272.50  3.50  2.82e-08  0.00e+00    0.00    0.00
61279.50  3.50  1.36e-07  0.00e+00    0.00    0.00
61286.50  3.50  3.77e-07  0.00e+00    0.00    0.00
61293.50  3.50  5.08e-08  0.00e+00    0.00    0.00
61300.50  3.50  8.22e-08  0.00e+00    0.00    0.00
