61209.50  0.50  4.00e-08  0.00e+00    0.00    0.00
61210.50  0.50  9.65e-09  0.00e+00    0.00    0.00
61211.50  0.50  1.10e-08  0.00e+00    0.00    0.00
61212.50  0.50  1.17e-08  0.00e+00    0.00    0.00
61213.50  0.50  3.30e-08  0.00e+00    0.00    0.00
61214.50  0.50  1.65e-08  0.00e+00    0.00    0.00
61215.50  0.50  2.96e-08  0.00e+00    0.00    0.00
61216.50  0.50  1.33e-08  0.00e+00    0.00    0.00
61217.50  0.50  8.37e-09  0.00e+00    0.00    0.00
61218.50  0.50  1.40e-08  0.00e+00    0.00    0.00
61219.50  0.50  2.22e-08  0.00e+00    0.00    0.00
61220.50  0.50  3.02e-08  0.00e+00    0.00    0.00
61221.50  0.50  1.56e-08  0.00e+00    0.00    0.00
61222.50  0.50  4.33e-08  0.00e+00    0.00    0.00
61223.50  0.50  3.40e-08  0.00e+00    0.00    0.00
61224.50  0.50  5.91e-08  0.00e+00    0.00    0.00
61225.50  0.50  4.80e-08  0.00e+00    0.00    0.00
61226.50  0.50  2.64e-08  0.00e+00    0.00    0.00
61227.50  0.50  2.88e-08  0.00e+00    0.00    0.00
61228.50  0.50  2.72e-08  0.00e+00    0.00    0.00
61229.50  0.50  2.81e-08  0.00e+00    0.00    0.00
61230.50  0.50  5.22e-08  0.00e+00    0.00    0.00
61231.50  0.50  3.00e-08  0.00e+00    0.00    0.00
61232.50  0.50  9.83e-08  0.00e+00    0.00    0.00
61233.50  0.50  8.87e-08  0.00e+00    0.00    0.00
61234.50  0.50  1.25e-07  0.00e+00    0.00    0.00
61235.50  0.50  9.56e-08  0.00e+00    0.00    0.00
61236.50  0.50  2.58e-08  0.00e+00    0.00    0.00
61237.50  0.50  9.84e-08  0.00e+00    0.00    0.00
61238.50  0.50  6.90e-08  0.00e+00    0.00    0.00
61239.50  0.50  2.13e-08  0.00e+00    0.00    0.00
61240.50  0.50  3.79e-08  0.00e+00    0.00    0.00
61241.50  0.50  7.05e-08  0.00e+00    0.00    0.00
61242.50  0.50  1.80e-08  0.00e+00    0.00    0.00
61243.50  0.50  2.08e-08  0.00e+00    0.00    0.00
61244.50  0.50  5.93e-08  0.00e+00    0.00    0.00
61245.50  0.50  2.19e-08  0.00e+00    0.00    0.00
61246.50  0.50  1.89e-08  0.00e+00    0.00    0.00
61247.50  0.50  1.56e-08  0.00e+00    0.00    0.00
61248.50  0.50  9.01e-09  0.00e+00    0.00    0.00
61249.50  0.50  9.69e-09  0.00e+00    0.00    0.00
61250.50  0.50  3.00e-08  0.00e+00    0.00    0.00
61251.50  0.50  1.67e-08  0.00e+00    0.00    0.00
61252.50  0.50  8.69e-09  0.00e+00    0.00    0.00
61253.50  0.50  1.36e-08  0.00e+00    0.00    0.00
61254.50  0.50  1.15e-08  0.00e+00    0.00    0.00
61255.50  0.50  2.43e-08  0.00e+00    0.00    0.00
61256.50  0.50  9.80e-09  0.00e+00    0.00    0.00
61257.50  0.50  1.20e-08  0.00e+00    0.00    0.00
61258.50  0.50  1.20e-08  0.00e+00    0.00    0.00
61259.50  0.50  3.83e-08  0.00e+00    0.00    0.00
61260.50  0.50  2.74e-08  0.00e+00    0.00    0.00
61261.50  0.50  1.47e-08  0.00e+00    0.00    0.00
61262.50  0.50  2.36e-08  0.00e+00    0.00    0.00
61263.50  0.50  2.85e-08  0.00e+00    0.00    0.00
61264.50  0.50  3.20e-08  0.00e+00    0.00    0.00
61265.50  0.50  1.56e-08  0.00e+00    0.00    0.00
61266.50  0.50  2.17e-08  0.00e+00    0.00    0.00
61267.50  0.50  6.05e-08  0.00e+00    0.00    0.00
61268.50  0.50  3.95e-08  0.00e+00    0.00    0.00
61269.50  0.50  2.05e-08  0.00e+00    0.00    0.00
61270.50  0.50  3.63e-08  0.00e+00    0.00    0.00
61271.50  0.50  1.91e-08  0.00e+00    0.00    0.00
61272.50  0.50  3.70e-08  0.00e+00    0.00    0.00
61273.50  0.50  2.35e-08  0.00e+00    0.00    0.00
61274.50  0.50  1.97e-08  0.00e+00    0.00    0.00
61275.50  0.50  1.86e-08  0.00e+00    0.00    0.00
61276.50  0.50  1.99e-08  0.00e+00    0.00    0.00
61277.50  0.50  3.66e-08  0.00e+00    0.00    0.00
61278.50  0.50  2.53e-08  0.00e+00    0.00    0.00
61279.50  0.50  8.47e-08  0.00e+00    0.00    0.00
61280.50  0.50  3.54e-08  0.00e+00    0.00    0.00
61281.50  0.50  9.68e-08  0.00e+00    0.00    0.00
61282.50  0.50  2.43e-08  0.00e+00    0.00    0.00
61283.50  0.50  3.89e-08  0.00e+00    0.00    0.00
61284.50  0.50  2.92e-08  0.00e+00    0.00    0.00
61285.50  0.50  2.68e-08  0.00e+00    0.00    0.00
61286.50  0.50  6.73e-08  0.00e+00    0.00    0.00
61287.50  0.50  3.17e-08  0.00e+00    0.00    0.00
61288.50  0.50  1.88e-08  0.00e+00    0.00    0.00
61289.50  0.50  4.65e-08  0.00e+00    0.00    0.00
61290.50  0.50  2.07e-08  0.00e+00    0.00    0.00
61291.50  0.50  7.41e-08  0.00e+00    0.00    0.00
61292.50  0.50  3.31e-08  0.00e+00    0.00    0.00
61293.50  0.50  4.05e-08  0.00e+00    0.00    0.00
61294.50  0.50  4.57e-08  0.00e+00    0.00    0.00
61295.50  0.50  6.48e-08  0.00e+00    0.00    0.00
61296.50  0.50  1.48e-08  0.00e+00    0.00    0.00
61297.50  0.50  4.78e-08  0.00e+00    0.00    0.00
61298.50  0.50  4.95e-08  0.00e+00    0.00    0.00
61299.50  0.50  2.22e-08  0.00e+00    0.00    0.00
61300.50  0.50  2.91e-08  0.00e+00    0.00    0.00
61301.50  0.50  1.11e-08  0.00e+00    0.00    0.00
61302.50  0.50  4.94e-08  0.00e+00    0.00    0.00
61303.50  0.50  1.19e-08  0.00e+00    0.00    0.00
61304.50  0.50  4.31e-08  0.00e+00    0.00    0.00
61305.50  0.50  1.21e-08  0.00e+00    0.00    0.00
61306.50  0.50  2.99e-08  0.00e+00    0.00    0.00
61307.50  0.50  3.85e-08  0.00e+00    0.00    0.00
61308.50  0.50  6.87e-08  0.00e+00    0.00    0.00
