61209.50  0.50  2.14e-07  0.00e+00    0.00    0.00
61210.50  0.50  1.24e-07  0.00e+00    0.00    0.00
61211.50  0.50  4.04e-07  0.00e+00    0.00    0.00
61212.50  0.50  4.30e-08  0.00e+00    0.00    0.00
61213.50  0.50  1.09e-07  0.00e+00    0.00    0.00
61214.50  0.50  4.80e-07  0.00e+00    0.00    0.00
61215.50  0.50  8.01e-08  0.00e+00    0.00    0.00
61216.50  0.50  6.09e-08  0.00e+00    0.00    0.00
61217.50  0.50  7.66e-08  0.00e+00    0.00    0.00
61218.50  0.50  8.32e-08  0.00e+00    0.00    0.00
61219.50  0.50  1.43e-07  0.00e+00    0.00    0.00
61220.50  0.50  8.82e-08  0.00e+00    0.00    0.00
61221.50  0.50  1.31e-07  0.00e+00    0.00    0.00
61222.50  0.50  1.28e-07  0.00e+00    0.00    0.00
61223.50  0.50  1.79e-07  0.00e+00    0.00    0.00
61224.50  0.50  7.34e-07  0.00e+00    0.00    0.00
61225.50  0.50  1.50e-07  0.00e+00    0.00    0.00
61226.50  0.50  1.16e-07  0.00e+00    0.00    0.00
61227.50  0.50  1.45e-07  0.00e+00    0.00    0.00
61228.50  0.50  1.36e-07  0.00e+00    0.00    0.00
61229.50  0.50  6.06e-07  0.00e+00    0.00    0.00
61230.50  0.50  3.11e-07  0.00e+00    0.00    0.00
61231.50  0.50  6.45e-07  0.00e+00    0.00    0.00
61232.50  0.50  6.75e-07  0.00e+00    0.00    0.00
61233.50  0.50  3.56e-07  0.00e+00    0.00    0.00
61234.50  0.50  8.56e-07  0.00e+00    0.00    0.00
61235.50  0.50  4.70e-07  0.00e+00    0.00    0.00
61236.50  0.50  6.65e-07  0.00e+00    0.00    0.00
61237.50  0.50  6.82e-07  0.00e+00    0.00    0.00
61238.50  0.50  2.54e-07  0.00e+00    0.00    0.00
61239.50  0.50  5.64e-08  0.00e+00    0.00    0.00
61240.50  0.50  4.09e-07  0.00e+00    0.00    0.00
61241.50  0.50  4.49e-07  0.00e+00    0.00    0.00
61242.50  0.50  1.07e-07  0.00e+00    0.00    0.00
61243.50  0.50  1.52e-07  0.00e+00    0.00    0.00
61244.50  0.50  1.21e-07  0.00e+00    0.00    0.00
61245.50  0.50  1.57e-07  0.00e+00    0.00    0.00
61246.50  0.50  1.40e-07  0.00e+00    0.00    0.00
61247.50  0.50  9.11e-08  0.00e+00    0.00    0.00
61248.50  0.50  1.08e-07  0.00e+00    0.00    0.00
61249.50  0.50  8.44e-08  0.00e+00    0.00    0.00
61250.50  0.50  1.60e-07  0.00e+00    0.00    0.00
61251.50  0.50  5.38e-07  0.00e+00    0.00    0.00
61252.50  0.50  3.77e-08  0.00e+00    0.00    0.00
61253.50  0.50  7.49e-08  0.00e+00    0.00    0.00
61254.50  0.50  1.18e-07  0.00e+00    0.00    0.00
61255.50  0.50  9.60e-08  0.00e+00    0.00    0.00
61256.50  0.50  4.82e-07  0.00e+00    0.00    0.00
61257.50  0.50  7.54e-08  0.00e+00    0.00    0.00
61258.50  0.50  4.65e-08  0.00e+00    0.00    0.00
61259.50  0.50  9.72e-08  0.00e+00    0.00    0.00
61260.50  0.50  4.36e-07  0.00e+00    0.00    0.00
61261.50  0.50  1.31e-07  0.00e+00    0.00    0.00
61262.50  0.50  7.72e-08  0.00e+00    0.00    0.00
61263.50  0.50  4.72e-07  0.00e+00    0.00    0.00
61264.50  0.50  3.59e-07  0.00e+00    0.00    0.00
61265.50  0.50  4.91e-07  0.00e+00    0.00    0.00
61266.50  0.50  1.34e-07  0.00e+00    0.00    0.00
61267.50  0.50  5.97e-07  0.00e+00    0.00    0.00
61268.50  0.50  1.12e-07  0.00e+00    0.00    0.00
61269.50  0.50  1.88e-07  0.00e+00    0.00    0.00
61270.50  0.50  1.97e-07  0.00e+00    0.00    0.00
61271.50  0.50  1.14e-07  0.00e+00    0.00    0.00
61272.50  0.50  1.29e-07  0.00e+00    0.00    0.00
61273.50  0.50  1.73e-07  0.00e+00    0.00    0.00
61274.50  0.50  2.02e-07  0.00e+00    0.00    0.00
61275.50  0.50  1.02e-07  0.00e+00    0.00    0.00
61276.50  0.50  1.55e-07  0.00e+00    0.00    0.00
61277.50  0.50  5.80e-07  0.00e+00    0.00    0.00
61278.50  0.50  3.08e-07  0.00e+00    0.00    0.00
61279.50  0.50  1.67e-07  0.00e+00    0.00    0.00
61280.50  0.50  1.69e-07  0.00e+00    0.00    0.00
61281.50  0.50  7.46e-07  0.00e+00    0.00    0.00
61282.50  0.50  2.12e-07  0.00e+00    0.00    0.00
61283.50  0.50  7.23e-07  0.00e+00    0.00    0.00
61284.50  0.50  7.13e-07  0.00e+00    0.00    0.00
61285.50  0.50  1.39e-07  0.00e+00    0.00    0.00
61286.50  0.50  2.49e-07  0.00e+00    0.00    0.00
61287.50  0.50  4.33e-07  0.00e+00    0.00    0.00
61288.50  0.50  1.90e-07  0.00e+00    0.00    0.00
61289.50  0.50  5.31e-07  0.00e+00    0.00    0.00
61290.50  0.50  9.04e-08  0.00e+00    0.00    0.00
61291.50  0.50  2.65e-07  0.00e+00    0.00    0.00
61292.50  0.50  1.64e-07  0.00e+00    0.00    0.00
61293.50  0.50  7.02e-07  0.00e+00    0.00    0.00
61294.50  0.50  2.21e-07  0.00e+00    0.00    0.00
61295.50  0.50  3.74e-07  0.00e+00    0.00    0.00
61296.50  0.50  9.62e-08  0.00e+00    0.00    0.00
61297.50  0.50  2.81e-07  0.00e+00    0.00    0.00
61298.50  0.50  3.76e-07  0.00e+00    0.00    0.00
61299.50  0.50  7.10e-08  0.00e+00    0.00    0.00
61300.50  0.50  3.21e-07  0.00e+00    0.00    0.00
61301.50  0.50  5.27e-07  0.00e+00    0.00    0.00
61302.50  0.50  1.22e-07  0.00e+00    0.00    0.00
61303.50  0.50  4.56e-07  0.00e+00    0.00    0.00
61304.50  0.50  1.83e-07  0.00e+00    0.00    0.00
61305.50  0.50  8.99e-08  0.00e+00    0.00    0.00
61306.50  0.50  1.72e-07  0.00e+00    0.00    0.00
61307.50  0.50  8.44e-07  0.00e+00    0.00    0.00
61308.50  0.50  5.82e-07  0.00e+00    0.00    0.00
