61209.50  3.50  3.42e-09  0.00e+00    0.00    0.00
61216.50  3.50  3.41e-09  0.00e+00    0.00    0.00
61223.50  3.50  1.10e-08  0.00e+00    0.00    0.00
61230.50  3.50  3.81e-08  0.00e+00    0.00    0.00
61237.50  3.50  2.66e-08  0.00e+00    0.00    0.00
61244.50  3.50  1.29e-08  0.00e+00    0.00    0.00
61251.50  3.50  2.46e-09  0.00e+00    0.00    0.00
61258.50  3.50  6.59e-09  0.00e+00    0.00    0.00
61265.50  3.50  1.06e-08  0.00e+00    0.00    0.00
61272.50  3.50  4.62e-09  0.00e+00    0.00    0.00
61279.50  3.50  5.44e-08  0.00e+00    0.00    0.00
61286.50  3.50  1.90e-08  0.00e+00    0.00    0.00
61293.50  3.50  1.74e-08  0.00e+00    0.00    0.00
61300.50  3.50  1.33e-08  0.00e+00    0.00    0.00
