61202.50  0.50  5.82e-08  0.00e+00    0.00    0.00
61203.50  0.50  1.03e-07  0.00e+00    0.00    0.00
61204.50  0.50  2.38e-07  0.00e+00    0.00    0.00
61205.50  0.50  2.89e-07  0.00e+00    0.00    0.00
61206.50  0.50  4.61e-08  0.00e+00    0.00    0.00
61207.50  0.50  2.47e-07  0.00e+00    0.00    0.00
61208.50  0.50  7.08e-08  0.00e+00    0.00    0.00
61209.50  0.50  2.78e-08  0.00e+00    0.00    0.00
61210.50  0.50  2.07e-07  0.00e+00    0.00    0.00
61211.50  0.50  1.16e-07  0.00e+00    0.00    0.00
61212.50  0.50  2.57e-07  0.00e+00    0.00    0.00
61213.50  0.50  8.83e-08  0.00e+00    0.00    0.00
61214.50  0.50  3.64e-08  0.00e+00    0.00    0.00
61215.50  0.50  7.93e-08  0.00e+00    0.00    0.00
61216.50  0.50  7.75e-08  0.00e+00    0.00    0.00
61217.50  0.50  2.38e-07  0.00e+00    0.00    0.00
61218.50  0.50  2.96e-07  0.00e+00    0.00    0.00
61219.50  0.50  2.06e-07  0.00e+00    0.00    0.00
61220.50  0.50  2.65e-08  0.00e+00    0.00    0.00
61221.50  0.50  8.77e-08  0.00e+00    0.00    0.00
61222.50  0.50  1.61e-07  0.00e+00    0.00    0.00
61223.50  0.50  2.51e-07  0.00e+00    0.00    0.00
61224.50  0.50  5.45e-08  0.00e+00    0.00    0.00
61225.50  0.50  1.67e-07  0.00e+00    0.00    0.00
61226.50  0.50  2.47e-07  0.00e+00    0.00    0.00
61227.50  0.50  4.73e-08  0.00e+00    0.00    0.00
61228.50  0.50  1.14e-07  0.00e+00    0.00    0.00
61229.50  0.50  8.81e-08  0.00e+00    0.00    0.00
61230.50  0.50  9.91e-08  0.00e+00    0.00    0.00
61231.50  0.50  1.42e-07  0.00e+00    0.00    0.00
61232.50  0.50  1.13e-07  0.00e+00    0.00    0.00
61233.50  0.50  1.13e-07  0.00e+00    0.00    0.00
61234.50  0.50  1.97e-07  0.00e+00    0.00    0.00
61235.50  0.50  3.24e-07  0.00e+00    0.00    0.00
61236.50  0.50  9.67e-08  0.00e+00    0.00    0.00
61237.50  0.50  3.36e-07  0.00e+00    0.00    0.00
61238.50  0.50  5.50e-08  0.00e+00    0.00    0.00
61239.50  0.50  2.49e-07  0.00e+00    0.00    0.00
61240.50  0.50  6.06e-08  0.00e+00    0.00    0.00
61241.50  0.50  8.95e-08  0.00e+00    0.00    0.00
61242.50  0.50  8.19e-08  0.00e+00    0.00    0.00
61243.50  0.50  8.14e-08  0.00e+00    0.00    0.00
61244.50  0.50  1.10e-07  0.00e+00    0.00    0.00
61245.50  0.50  2.37e-07  0.00e+00    0.00    0.00
61246.50  0.50  4.38e-08  0.00e+00    0.00    0.00
61247.50  0.50  4.66e-08  0.00e+00    0.00    0.00
61248.50  0.50  6.36e-08  0.00e+00    0.00    0.00
61249.50  0.50  1.93e-07  0.00e+00    0.00    0.00
61250.50  0.50  1.48e-07  0.00e+00    0.00    0.00
61251.50  0.50  6.92e-08  0.00e+00    0.00    0.00
61252.50  0.50  4.98e-08  0.00e+00    0.00    0.00
61253.50  0.50  1.75e-08  0.00e+00    0.00    0.00
61254.50  0.50  2.46e-08  0.00e+00    0.00    0.00
61255.50  0.50  9.85e-08  0.00e+00    0.00    0.00
61256.50  0.50  4.67e-08  0.00e+00    0.00    0.00
61257.50  0.50  4.93e-08  0.00e+00    0.00    0.00
61258.50  0.50  6.46e-08  0.00e+00    0.00    0.00
61259.50  0.50  5.90e-08  0.00e+00    0.00    0.00
61260.50  0.50  1.11e-07  0.00e+00    0.00    0.00
61261.50  0.50  8.44e-08  0.00e+00    0.00    0.00
61262.50  0.50  1.02e-07  0.00e+00    0.00    0.00
61263.50  0.50  4.85e-08  0.00e+00    0.00    0.00
61264.50  0.50  3.53e-07  0.00e+00    0.00    0.00
61265.50  0.50  3.20e-07  0.00e+00    0.00    0.00
61266.50  0.50  1.45e-07  0.00e+00    0.00    0.00
61267.50  0.50  3.10e-07  0.00e+00    0.00    0.00
61268.50  0.50  4.03e-08  0.00e+00    0.00    0.00
61269.50  0.50  1.94e-07  0.00e+00    0.00    0.00
61270.50  0.50  2.17e-07  0.00e+00    0.00    0.00
61271.50  0.50  3.08e-07  0.00e+00    0.00    0.00
61272.50  0.50  2.69e-07  0.00e+00    0.00    0.00
61273.50  0.50  5.21e-07  0.00e+00    0.00    0.00
61274.50  0.50  8.83e-08  0.00e+00    0.00    0.00
61275.50  0.50  1.94e-07  0.00e+00    0.00    0.00
61276.50  0.50  1.71e-07  0.00e+00    0.00    0.00
61277.50  0.50  9.33e-08  0.00e+00    0.00    0.00
61278.50  0.50  3.64e-07  0.00e+00    0.00    0.00
61279.50  0.50  1.73e-07  0.00e+00    0.00    0.00
61280.50  0.50  3.85e-08  0.00e+00    0.00    0.00
61281.50  0.50  1.94e-07  0.00e+00    0.00    0.00
61282.50  0.50  1.16e-07  0.00e+00    0.00    0.00
61283.50  0.50  3.08e-07  0.00e+00    0.00    0.00
61284.50  0.50  1.06e-07  0.00e+00    0.00    0.00
61285.50  0.50  6.97e-08  0.00e+00    0.00    0.00
61286.50  0.50  7.09e-08  0.00e+00    0.00    0.00
61287.50  0.50  2.33e-07  0.00e+00    0.00    0.00
61288.50  0.50  1.65e-07  0.00e+00    0.00    0.00
61289.50  0.50  4.75e-07  0.00e+00    0.00    0.00
61290.50  0.50  1.34e-07  0.00e+00    0.00    0.00
61291.50  0.50  2.27e-07  0.00e+00    0.00    0.00
61292.50  0.50  2.13e-07  0.00e+00    0.00    0.00
61293.50  0.50  2.77e-07  0.00e+00    0.00    0.00
61294.50  0.50  7.03e-08  0.00e+00    0.00    0.00
61295.50  0.50  1.04e-07  0.00e+00    0.00    0.00
61296.50  0.50  1.16e-07  0.00e+00    0.00    0.00
61297.50  0.50  9.85e-08  0.00e+00    0.00    0.00
61298.50  0.50  1.01e-07  0.00e+00    0.00    0.00
61299.50  0.50  2.25e-08  0.00e+00    0.00    0.00
61300.50  0.50  6.33e-08  0.00e+00    0.00    0.00
61301.50  0.50  1.51e-07  0.00e+00    0.00    0.00
