61202.50  3.50  1.45e-08  0.00e+00    0.00    0.00
61209.50  3.50  8.21e-08  0.00e+00    0.00    0.00
61216.50  3.50  3.69e-08  0.00e+00    0.00    0.00
61223.50  3.50  2.67e-08  0.00e+00    0.00    0.00
61230.50  3.50  1.12e-08  0.00e+00    0.00    0.00
61237.50  3.50  2.27e-08  0.00e+00    0.00    0.00
61244.50  3.50  1.13e-08  0.00e+00    0.00    0.00
61251.50  3.50  1.84e-08  0.00e+00    0.00    0.00
61258.50  3.50  1.73e-08  0.00e+00    0.00    0.00
61265.50  3.50  3.04e-08  0.00e+00    0.00    0.00
61272.50  3.50  1.11e-07  0.00e+00    0.00    0.00
61279.50  3.50  2.87e-08  0.00e+00    0.00    0.00
61286.50  3.50  7.56e-08  0.00e+00    0.00    0.00
61293.50  3.50  8.15e-08  0.00e+00    0.00    0.00
