61223.50  3.50  2.07e-09  0.00e+00    0.00    0.00
61230.50  3.50  2.69e-09  0.00e+00    0.00    0.00
61237.50  3.50  2.50e-09  0.00e+00    0.00    0.00
61244.50  3.50  3.13e-09  0.00e+00    0.00    0.00
61251.50  3.50  3.07e-09  0.00e+00    0.00    0.00
61258.50  3.50  1.34e-09  0.00e+00    0.00    0.00
61265.50  3.50  1.72e-09  0.00e+00    0.00    0.00
61272.50  3.50  3.14e-09  0.00e+00    0.00    0.00
61279.50  3.50  3.04e-09  0.00e+00    0.00    0.00
61286.50  3.50  8.34e-09  0.00e+00    0.00    0.00
61293.50  3.50  6.86e-09  0.00e+00    0.00    0.00
61300.50  3.50  5.32e-09  0.00e+00    0.00    0.00
61307.50  3.50  6.96e-09  0.00e+00    0.00    0.00
61314.50  3.50  5.69e-09  0.00e+00    0.00    0.00
