61209.50  3.50  1.20e-08  0.00e+00    0.00    0.00
61216.50  3.50  2.04e-06  0.00e+00    0.00    0.00
61223.50  3.50  5.64e-09  0.00e+00    0.00    0.00
61230.50  3.50  2.75e-09  0.00e+00    0.00    0.00
61237.50  3.50  3.63e-09  0.00e+00    0.00    0.00
61244.50  3.50  1.62e-08  0.00e+00    0.00    0.00
61251.50  3.50  6.24e-09  0.00e+00    0.00    0.00
61258.50  3.50  3.56e-09  0.00e+00    0.00    0.00
61265.50  3.50  1.61e-08  0.00e+00    0.00    0.00
61272.50  3.50  1.15e-08  0.00e+00    0.00    0.00
61279.50  3.50  9.50e-09  0.00e+00    0.00    0.00
61286.50  3.50  7.04e-09  0.00e+00    0.00    0.00
61293.50  3.50  4.18e-09  0.00e+00    0.00    0.00
61300.50  3.50  4.66e-09  0.00e+00    0.00    0.00
