61202.50  3.50  1.07e-07  0.00e+00    0.00    0.00
61209.50  3.50  7.65e-08  0.00e+00    0.00    0.00
61216.50  3.50  7.20e-06  0.00e+00    0.00    0.00
61223.50  3.50  7.89e-08  0.00e+00    0.00    0.00
61230.50  3.50  1.17e-08  0.00e+00    0.00    0.00
61237.50  3.50  3.89e-08  0.00e+00    0.00    0.00
61244.50  3.50  3.25e-07  0.00e+00    0.00    0.00
61251.50  3.50  1.45e-07  0.00e+00    0.00    0.00
61258.50  3.50  3.89e-08  0.00e+00    0.00    0.00
61265.50  3.50  1.96e-07  0.00e+00    0.00    0.00
61272.50  3.50  4.25e-08  0.00e+00    0.00    0.00
61279.50  3.50  3.29e-08  0.00e+00    0.00    0.00
61286.50  3.50  5.26e-08  0.00e+00    0.00    0.00
61293.50  3.50  1.23e-07  0.00e+00    0.00    0.00
