61190.50  0.50  6.37e-07  0.00e+00    0.00    0.00
61191.50  0.50  6.49e-07  0.00e+00    0.00    0.00
61192.50  0.50  2.75e-07  0.00e+00    0.00    0.00
61193.50  0.50  3.79e-07  0.00e+00    0.00    0.00
61194.50  0.50  9.26e-08  0.00e+00    0.00    0.00
61195.50  0.50  1.47e-07  0.00e+00    0.00    0.00
61196.50  0.50  3.94e-07  0.00e+00    0.00    0.00
61197.50  0.50  7.02e-08  0.00e+00    0.00    0.00
61198.50  0.50  1.64e-07  0.00e+00    0.00    0.00
61199.50  0.50  6.78e-08  0.00e+00    0.00    0.00
61200.50  0.50  7.50e-08  0.00e+00    0.00    0.00
61201.50  0.50  6.89e-07  0.00e+00    0.00    0.00
61202.50  0.50  2.02e-07  0.00e+00    0.00    0.00
61203.50  0.50  1.13e-06  0.00e+00    0.00    0.00
61204.50  0.50  7.16e-07  0.00e+00    0.00    0.00
61205.50  0.50  6.91e-08  0.00e+00    0.00    0.00
61206.50  0.50  1.13e-06  0.00e+00    0.00    0.00
61207.50  0.50  1.74e-07  0.00e+00    0.00    0.00
61208.50  0.50  6.89e-07  0.00e+00    0.00    0.00
61209.50  0.50  2.05e-07  0.00e+00    0.00    0.00
61210.50  0.50  1.29e-07  0.00e+00    0.00    0.00
61211.50  0.50  2.60e-07  0.00e+00    0.00    0.00
61212.50  0.50  1.19e-06  0.00e+00    0.00    0.00
61213.50  0.50  7.31e-06  0.00e+00    0.00    0.00
61222.50  0.50  6.91e-07  0.00e+00    0.00    0.00
61223.50  0.50  1.33e-07  0.00e+00    0.00    0.00
61224.50  0.50  1.67e-07  0.00e+00    0.00    0.00
61225.50  0.50  1.11e-07  0.00e+00    0.00    0.00
61226.50  0.50  5.30e-08  0.00e+00    0.00    0.00
61227.50  0.50  1.66e-07  0.00e+00    0.00    0.00
61228.50  0.50  5.16e-07  0.00e+00    0.00    0.00
61229.50  0.50  2.12e-07  0.00e+00    0.00    0.00
61230.50  0.50  1.52e-07  0.00e+00    0.00    0.00
61231.50  0.50  8.42e-08  0.00e+00    0.00    0.00
61232.50  0.50  1.37e-07  0.00e+00    0.00    0.00
61233.50  0.50  2.31e-07  0.00e+00    0.00    0.00
61234.50  0.50  1.39e-07  0.00e+00    0.00    0.00
61235.50  0.50  6.84e-08  0.00e+00    0.00    0.00
61236.50  0.50  8.04e-08  0.00e+00    0.00    0.00
61237.50  0.50  8.97e-08  0.00e+00    0.00    0.00
61238.50  0.50  4.04e-07  0.00e+00    0.00    0.00
61239.50  0.50  1.14e-07  0.00e+00    0.00    0.00
61240.50  0.50  4.56e-07  0.00e+00    0.00    0.00
61241.50  0.50  4.94e-07  0.00e+00    0.00    0.00
61242.50  0.50  2.81e-07  0.00e+00    0.00    0.00
61243.50  0.50  1.46e-07  0.00e+00    0.00    0.00
61244.50  0.50  6.56e-07  0.00e+00    0.00    0.00
61245.50  0.50  4.33e-07  0.00e+00    0.00    0.00
61246.50  0.50  5.63e-07  0.00e+00    0.00    0.00
61247.50  0.50  7.46e-07  0.00e+00    0.00    0.00
61248.50  0.50  5.31e-07  0.00e+00    0.00    0.00
61249.50  0.50  2.41e-07  0.00e+00    0.00    0.00
61250.50  0.50  3.36e-07  0.00e+00    0.00    0.00
61251.50  0.50  5.68e-07  0.00e+00    0.00    0.00
61252.50  0.50  2.33e-07  0.00e+00    0.00    0.00
61253.50  0.50  5.83e-07  0.00e+00    0.00    0.00
61254.50  0.50  8.10e-08  0.00e+00    0.00    0.00
61255.50  0.50  7.66e-08  0.00e+00    0.00    0.00
61256.50  0.50  2.73e-07  0.00e+00    0.00    0.00
61257.50  0.50  1.18e-07  0.00e+00    0.00    0.00
61258.50  0.50  1.58e-07  0.00e+00    0.00    0.00
61259.50  0.50  1.19e-07  0.00e+00    0.00    0.00
61260.50  0.50  5.72e-08  0.00e+00    0.00    0.00
61261.50  0.50  2.60e-07  0.00e+00    0.00    0.00
61262.50  0.50  5.95e-08  0.00e+00    0.00    0.00
61263.50  0.50  1.11e-07  0.00e+00    0.00    0.00
61264.50  0.50  8.02e-07  0.00e+00    0.00    0.00
61265.50  0.50  8.23e-07  0.00e+00    0.00    0.00
61266.50  0.50  7.39e-07  0.00e+00    0.00    0.00
61267.50  0.50  9.81e-07  0.00e+00    0.00    0.00
61268.50  0.50  2.15e-07  0.00e+00    0.00    0.00
61269.50  0.50  8.73e-08  0.00e+00    0.00    0.00
61270.50  0.50  1.05e-07  0.00e+00    0.00    0.00
61271.50  0.50  2.04e-07  0.00e+00    0.00    0.00
61272.50  0.50  5.11e-07  0.00e+00    0.00    0.00
61273.50  0.50  2.60e-07  0.00e+00    0.00    0.00
61274.50  0.50  9.88e-08  0.00e+00    0.00    0.00
61275.50  0.50  6.79e-08  0.00e+00    0.00    0.00
61276.50  0.50  9.01e-08  0.00e+00    0.00    0.00
61277.50  0.50  1.66e-07  0.00e+00    0.00    0.00
61278.50  0.50  1.00e-07  0.00e+00    0.00    0.00
61279.50  0.50  3.92e-07  0.00e+00    0.00    0.00
61280.50  0.50  2.47e-07  0.00e+00    0.00    0.00
61281.50  0.50  2.72e-07  0.00e+00    0.00    0.00
61282.50  0.50  1.22e-07  0.00e+00    0.00    0.00
61283.50  0.50  1.14e-07  0.00e+00    0.00    0.00
61284.50  0.50  3.39e-07  0.00e+00    0.00    0.00
61285.50  0.50  2.72e-07  0.00e+00    0.00    0.00
61286.50  0.50  1.26e-07  0.00e+00    0.00    0.00
61287.50  0.50  2.04e-07  0.00e+00    0.00    0.00
61288.50  0.50  4.66e-07  0.00e+00    0.00    0.00
61289.50  0.50  3.17e-07  0.00e+00    0.00    0.00
61290.50  0.50  1.95e-07  0.00e+00    0.00    0.00
61291.50  0.50  1.48e-07  0.00e+00    0.00    0.00
61292.50  0.50  4.46e-07  0.00e+00    0.00    0.00
61293.50  0.50  3.91e-07  0.00e+00    0.00    0.00
61294.50  0.50  4.29e-08  0.00e+00    0.00    0.00
61295.50  0.50  3.96e-07  0.00e+00    0.00    0.00
61296.50  0.50  4.69e-07  0.00e+00    0.00    0.00
61297.50  0.50  3.80e-08  0.00e+00    0.00    0.00
