61194.50  0.50  1.42e-08  0.00e+00    0.00    0.00
61195.50  0.50  1.60e-08  0.00e+00    0.00    0.00
61196.50  0.50  3.28e-08  0.00e+00    0.00    0.00
61197.50  0.50  3.95e-08  0.00e+00    0.00    0.00
61198.50  0.50  5.53e-08  0.00e+00    0.00    0.00
61199.50  0.50  2.73e-08  0.00e+00    0.00    0.00
61200.50  0.50  1.83e-08  0.00e+00    0.00    0.00
61201.50  0.50  2.11e-08  0.00e+00    0.00    0.00
61202.50  0.50  3.23e-08  0.00e+00    0.00    0.00
61203.50  0.50  4.81e-08  0.00e+00    0.00    0.00
61204.50  0.50  3.58e-08  0.00e+00    0.00    0.00
61205.50  0.50  2.93e-08  0.00e+00    0.00    0.00
61206.50  0.50  3.82e-08  0.00e+00    0.00    0.00
61207.50  0.50  2.44e-08  0.00e+00    0.00    0.00
61208.50  0.50  7.19e-08  0.00e+00    0.00    0.00
61209.50  0.50  1.07e-07  0.00e+00    0.00    0.00
61210.50  0.50  4.86e-08  0.00e+00    0.00    0.00
61211.50  0.50  6.17e-08  0.00e+00    0.00    0.00
61212.50  0.50  1.47e-07  0.00e+00    0.00    0.00
61213.50  0.50  2.04e-06  0.00e+00    0.00    0.00
61222.50  0.50  2.21e-08  0.00e+00    0.00    0.00
61223.50  0.50  2.91e-08  0.00e+00    0.00    0.00
61224.50  0.50  1.98e-08  0.00e+00    0.00    0.00
61225.50  0.50  2.39e-08  0.00e+00    0.00    0.00
61226.50  0.50  1.89e-08  0.00e+00    0.00    0.00
61227.50  0.50  1.68e-08  0.00e+00    0.00    0.00
61228.50  0.50  2.00e-08  0.00e+00    0.00    0.00
61229.50  0.50  4.01e-08  0.00e+00    0.00    0.00
61230.50  0.50  2.94e-08  0.00e+00    0.00    0.00
61231.50  0.50  2.29e-08  0.00e+00    0.00    0.00
61232.50  0.50  1.92e-08  0.00e+00    0.00    0.00
61233.50  0.50  2.23e-08  0.00e+00    0.00    0.00
61234.50  0.50  5.84e-08  0.00e+00    0.00    0.00
61235.50  0.50  2.16e-08  0.00e+00    0.00    0.00
61236.50  0.50  1.37e-08  0.00e+00    0.00    0.00
61237.50  0.50  2.16e-08  0.00e+00    0.00    0.00
61238.50  0.50  4.00e-08  0.00e+00    0.00    0.00
61239.50  0.50  1.35e-08  0.00e+00    0.00    0.00
61240.50  0.50  3.10e-08  0.00e+00    0.00    0.00
61241.50  0.50  3.76e-08  0.00e+00    0.00    0.00
61242.50  0.50  2.93e-08  0.00e+00    0.00    0.00
61243.50  0.50  6.09e-08  0.00e+00    0.00    0.00
61244.50  0.50  1.61e-08  0.00e+00    0.00    0.00
61245.50  0.50  1.81e-08  0.00e+00    0.00    0.00
61246.50  0.50  3.86e-08  0.00e+00    0.00    0.00
61247.50  0.50  3.83e-08  0.00e+00    0.00    0.00
61248.50  0.50  1.58e-08  0.00e+00    0.00    0.00
61249.50  0.50  4.56e-08  0.00e+00    0.00    0.00
61250.50  0.50  1.89e-08  0.00e+00    0.00    0.00
61251.50  0.50  1.74e-08  0.00e+00    0.00    0.00
61252.50  0.50  2.77e-08  0.00e+00    0.00    0.00
61253.50  0.50  1.74e-08  0.00e+00    0.00    0.00
61254.50  0.50  1.50e-08  0.00e+00    0.00    0.00
61255.50  0.50  1.13e-08  0.00e+00    0.00    0.00
61256.50  0.50  1.77e-08  0.00e+00    0.00    0.00
61257.50  0.50  1.35e-08  0.00e+00    0.00    0.00
61258.50  0.50  1.16e-08  0.00e+00    0.00    0.00
61259.50  0.50  1.65e-08  0.00e+00    0.00    0.00
61260.50  0.50  1.24e-08  0.00e+00    0.00    0.00
61261.50  0.50  3.69e-08  0.00e+00    0.00    0.00
61262.50  0.50  2.63e-08  0.00e+00    0.00    0.00
61263.50  0.50  1.87e-08  0.00e+00    0.00    0.00
61264.50  0.50  2.51e-08  0.00e+00    0.00    0.00
61265.50  0.50  1.84e-07  0.00e+00    0.00    0.00
61266.50  0.50  6.60e-08  0.00e+00    0.00    0.00
61267.50  0.50  1.49e-07  0.00e+00    0.00    0.00
61268.50  0.50  1.47e-07  0.00e+00    0.00    0.00
61269.50  0.50  3.84e-08  0.00e+00    0.00    0.00
61270.50  0.50  3.05e-08  0.00e+00    0.00    0.00
61271.50  0.50  2.89e-08  0.00e+00    0.00    0.00
61272.50  0.50  7.44e-08  0.00e+00    0.00    0.00
61273.50  0.50  2.31e-08  0.00e+00    0.00    0.00
61274.50  0.50  1.88e-08  0.00e+00    0.00    0.00
61275.50  0.50  1.95e-08  0.00e+00    0.00    0.00
61276.50  0.50  5.77e-08  0.00e+00    0.00    0.00
61277.50  0.50  2.52e-08  0.00e+00    0.00    0.00
61278.50  0.50  2.78e-08  0.00e+00    0.00    0.00
61279.50  0.50  2.19e-08  0.00e+00    0.00    0.00
61280.50  0.50  3.31e-08  0.00e+00    0.00    0.00
61281.50  0.50  1.82e-08  0.00e+00    0.00    0.00
61282.50  0.50  4.45e-08  0.00e+00    0.00    0.00
61283.50  0.50  1.83e-08  0.00e+00    0.00    0.00
61284.50  0.50  1.75e-08  0.00e+00    0.00    0.00
61285.50  0.50  2.06e-08  0.00e+00    0.00    0.00
61286.50  0.50  1.77e-08  0.00e+00    0.00    0.00
61287.50  0.50  4.89e-08  0.00e+00    0.00    0.00
61288.50  0.50  2.33e-08  0.00e+00    0.00    0.00
61289.50  0.50  1.41e-08  0.00e+00    0.00    0.00
61290.50  0.50  2.27e-08  0.00e+00    0.00    0.00
61291.50  0.50  4.45e-08  0.00e+00    0.00    0.00
61292.50  0.50  1.99e-08  0.00e+00    0.00    0.00
61293.50  0.50  2.74e-08  0.00e+00    0.00    0.00
61294.50  0.50  1.40e-08  0.00e+00    0.00    0.00
61295.50  0.50  1.70e-08  0.00e+00    0.00    0.00
61296.50  0.50  1.53e-08  0.00e+00    0.00    0.00
61297.50  0.50  1.46e-08  0.00e+00    0.00    0.00
61298.50  0.50  1.17e-08  0.00e+00    0.00    0.00
61299.50  0.50  3.10e-08  0.00e+00    0.00    0.00
61300.50  0.50  1.51e-08  0.00e+00    0.00    0.00
61301.50  0.50  1.17e-08  0.00e+00    0.00    0.00
