61209.50  3.50  7.68e-08  0.00e+00    0.00    0.00
61216.50  3.50  1.30e-07  0.00e+00    0.00    0.00
61223.50  3.50  1.72e-07  0.00e+00    0.00    0.00
61230.50  3.50  2.09e-07  0.00e+00    0.00    0.00
61237.50  3.50  2.17e-07  0.00e+00    0.00    0.00
61244.50  3.50  6.73e-08  0.00e+00    0.00    0.00
61251.50  3.50  1.72e-07  0.00e+00    0.00    0.00
61258.50  3.50  5.31e-08  0.00e+00    0.00    0.00
61265.50  3.50  2.30e-07  0.00e+00    0.00    0.00
61272.50  3.50  1.80e-07  0.00e+00    0.00    0.00
61279.50  3.50  1.12e-07  0.00e+00    0.00    0.00
61286.50  3.50  1.87e-07  0.00e+00    0.00    0.00
61293.50  3.50  1.17e-07  0.00e+00    0.00    0.00
61300.50  3.50  3.02e-07  0.00e+00    0.00    0.00
