61209.50  3.50  2.00e-09  0.00e+00    0.00    0.00
61216.50  3.50  1.96e-09  0.00e+00    0.00    0.00
61223.50  3.50  2.55e-09  0.00e+00    0.00    0.00
61230.50  3.50  5.78e-09  0.00e+00    0.00    0.00
61237.50  3.50  2.46e-09  0.00e+00    0.00    0.00
61244.50  3.50  3.30e-09  0.00e+00    0.00    0.00
61251.50  3.50  4.31e-09  0.00e+00    0.00    0.00
61258.50  3.50  3.17e-09  0.00e+00    0.00    0.00
61265.50  3.50  8.45e-09  0.00e+00    0.00    0.00
61272.50  3.50  8.00e-09  0.00e+00    0.00    0.00
61279.50  3.50  5.84e-09  0.00e+00    0.00    0.00
61286.50  3.50  1.03e-08  0.00e+00    0.00    0.00
61293.50  3.50  7.25e-09  0.00e+00    0.00    0.00
61300.50  3.50  2.74e-09  0.00e+00    0.00    0.00
