61209.50  3.50  3.76e-09  0.00e+00    0.00    0.00
61216.50  3.50  2.61e-09  0.00e+00    0.00    0.00
61223.50  3.50  3.18e-09  0.00e+00    0.00    0.00
61230.50  3.50  4.56e-09  0.00e+00    0.00    0.00
61237.50  3.50  5.40e-09  0.00e+00    0.00    0.00
61244.50  3.50  4.32e-09  0.00e+00    0.00    0.00
61251.50  3.50  5.41e-09  0.00e+00    0.00    0.00
61258.50  3.50  1.36e-09  0.00e+00    0.00    0.00
61265.50  3.50  1.64e-09  0.00e+00    0.00    0.00
61272.50  3.50  2.80e-09  0.00e+00    0.00    0.00
61279.50  3.50  3.40e-09  0.00e+00    0.00    0.00
61286.50  3.50  2.45e-09  0.00e+00    0.00    0.00
61293.50  3.50  3.87e-09  0.00e+00    0.00    0.00
61300.50  3.50  2.41e-09  0.00e+00    0.00    0.00
