61202.50  3.50  1.08e-07  0.00e+00    0.00    0.00
61209.50  3.50  5.44e-08  0.00e+00    0.00    0.00
61216.50  3.50  6.77e-08  0.00e+00    0.00    0.00
61223.50  3.50  1.10e-07  0.00e+00    0.00    0.00
61230.50  3.50  1.82e-08  0.00e+00    0.00    0.00
61237.50  3.50  2.78e-08  0.00e+00    0.00    0.00
61244.50  3.50  6.32e-08  0.00e+00    0.00    0.00
61251.50  3.50  3.74e-08  0.00e+00    0.00    0.00
61258.50  3.50  5.73e-08  0.00e+00    0.00    0.00
61265.50  3.50  1.86e-08  0.00e+00    0.00    0.00
61272.50  3.50  2.77e-08  0.00e+00    0.00    0.00
61279.50  3.50  3.20e-08  0.00e+00    0.00    0.00
61286.50  3.50  1.86e-08  0.00e+00    0.00    0.00
61293.50  3.50  1.63e-07  0.00e+00    0.00    0.00
