61198.50  0.50  5.56e-08  0.00e+00    0.00    0.00
61199.50  0.50  1.62e-08  0.00e+00    0.00    0.00
61200.50  0.50  2.22e-08  0.00e+00    0.00    0.00
61201.50  0.50  2.71e-08  0.00e+00    0.00    0.00
61202.50  0.50  8.94e-09  0.00e+00    0.00    0.00
61203.50  0.50  9.62e-09  0.00e+00    0.00    0.00
61204.50  0.50  7.69e-09  0.00e+00    0.00    0.00
61205.50  0.50  2.00e-08  0.00e+00    0.00    0.00
61206.50  0.50  8.63e-09  0.00e+00    0.00    0.00
61207.50  0.50  1.32e-08  0.00e+00    0.00    0.00
61208.50  0.50  9.05e-09  0.00e+00    0.00    0.00
61209.50  0.50  1.38e-08  0.00e+00    0.00    0.00
61210.50  0.50  9.80e-09  0.00e+00    0.00    0.00
61211.50  0.50  1.06e-08  0.00e+00    0.00    0.00
61212.50  0.50  1.15e-08  0.00e+00    0.00    0.00
61213.50  0.50  1.06e-08  0.00e+00    0.00    0.00
61214.50  0.50  2.37e-08  0.00e+00    0.00    0.00
61215.50  0.50  1.04e-08  0.00e+00    0.00    0.00
61216.50  0.50  1.04e-08  0.00e+00    0.00    0.00
61217.50  0.50  1.76e-08  0.00e+00    0.00    0.00
61218.50  0.50  1.35e-08  0.00e+00    0.00    0.00
61219.50  0.50  1.79e-08  0.00e+00    0.00    0.00
61220.50  0.50  1.07e-08  0.00e+00    0.00    0.00
61221.50  0.50  9.61e-09  0.00e+00    0.00    0.00
61222.50  0.50  1.67e-08  0.00e+00    0.00    0.00
61223.50  0.50  1.77e-08  0.00e+00    0.00    0.00
61224.50  0.50  1.69e-08  0.00e+00    0.00    0.00
61225.50  0.50  1.69e-08  0.00e+00    0.00    0.00
61226.50  0.50  4.28e-08  0.00e+00    0.00    0.00
61227.50  0.50  2.07e-08  0.00e+00    0.00    0.00
61228.50  0.50  1.62e-08  0.00e+00    0.00    0.00
61229.50  0.50  2.28e-08  0.00e+00    0.00    0.00
61230.50  0.50  1.57e-08  0.00e+00    0.00    0.00
61231.50  0.50  3.53e-08  0.00e+00    0.00    0.00
61232.50  0.50  1.56e-08  0.00e+00    0.00    0.00
61233.50  0.50  2.55e-08  0.00e+00    0.00    0.00
61234.50  0.50  2.43e-08  0.00e+00    0.00    0.00
61235.50  0.50  1.57e-08  0.00e+00    0.00    0.00
61236.50  0.50  1.52e-08  0.00e+00    0.00    0.00
61237.50  0.50  1.67e-08  0.00e+00    0.00    0.00
61238.50  0.50  1.79e-08  0.00e+00    0.00    0.00
61239.50  0.50  1.64e-08  0.00e+00    0.00    0.00
61240.50  0.50  1.76e-08  0.00e+00    0.00    0.00
61241.50  0.50  3.96e-08  0.00e+00    0.00    0.00
61242.50  0.50  1.70e-08  0.00e+00    0.00    0.00
61243.50  0.50  1.61e-08  0.00e+00    0.00    0.00
61244.50  0.50  1.59e-08  0.00e+00    0.00    0.00
61245.50  0.50  1.64e-08  0.00e+00    0.00    0.00
61246.50  0.50  1.39e-08  0.00e+00    0.00    0.00
61247.50  0.50  3.91e-08  0.00e+00    0.00    0.00
61248.50  0.50  9.17e-09  0.00e+00    0.00    0.00
61249.50  0.50  8.31e-09  0.00e+00    0.00    0.00
61250.50  0.50  2.10e-08  0.00e+00    0.00    0.00
61251.50  0.50  9.93e-09  0.00e+00    0.00    0.00
61252.50  0.50  8.78e-09  0.00e+00    0.00    0.00
61253.50  0.50  9.59e-09  0.00e+00    0.00    0.00
61254.50  0.50  8.97e-09  0.00e+00    0.00    0.00
61255.50  0.50  2.03e-08  0.00e+00    0.00    0.00
61256.50  0.50  8.95e-09  0.00e+00    0.00    0.00
61257.50  0.50  9.36e-09  0.00e+00    0.00    0.00
61258.50  0.50  9.29e-09  0.00e+00    0.00    0.00
61259.50  0.50  1.00e-08  0.00e+00    0.00    0.00
61260.50  0.50  9.98e-09  0.00e+00    0.00    0.00
61261.50  0.50  3.81e-08  0.00e+00    0.00    0.00
61262.50  0.50  2.56e-08  0.00e+00    0.00    0.00
61263.50  0.50  1.08e-08  0.00e+00    0.00    0.00
61264.50  0.50  3.59e-08  0.00e+00    0.00    0.00
61265.50  0.50  2.29e-08  0.00e+00    0.00    0.00
61266.50  0.50  2.57e-08  0.00e+00    0.00    0.00
61267.50  0.50  1.78e-08  0.00e+00    0.00    0.00
61268.50  0.50  1.43e-08  0.00e+00    0.00    0.00
61269.50  0.50  1.52e-08  0.00e+00    0.00    0.00
61270.50  0.50  1.60e-08  0.00e+00    0.00    0.00
61271.50  0.50  1.75e-08  0.00e+00    0.00    0.00
61272.50  0.50  3.86e-08  0.00e+00    0.00    0.00
61273.50  0.50  1.53e-08  0.00e+00    0.00    0.00
61274.50  0.50  1.55e-08  0.00e+00    0.00    0.00
61275.50  0.50  2.46e-08  0.00e+00    0.00    0.00
61276.50  0.50  1.64e-08  0.00e+00    0.00    0.00
61277.50  0.50  1.54e-08  0.00e+00    0.00    0.00
61278.50  0.50  1.48e-08  0.00e+00    0.00    0.00
61279.50  0.50  1.71e-08  0.00e+00    0.00    0.00
61280.50  0.50  2.92e-08  0.00e+00    0.00    0.00
61281.50  0.50  1.67e-08  0.00e+00    0.00    0.00
61282.50  0.50  1.73e-08  0.00e+00    0.00    0.00
61283.50  0.50  1.43e-08  0.00e+00    0.00    0.00
61284.50  0.50  1.65e-08  0.00e+00    0.00    0.00
61285.50  0.50  1.62e-08  0.00e+00    0.00    0.00
61286.50  0.50  1.59e-08  0.00e+00    0.00    0.00
61287.50  0.50  1.58e-08  0.00e+00    0.00    0.00
61288.50  0.50  3.64e-08  0.00e+00    0.00    0.00
61289.50  0.50  1.44e-08  0.00e+00    0.00    0.00
61290.50  0.50  1.85e-08  0.00e+00    0.00    0.00
61291.50  0.50  1.59e-08  0.00e+00    0.00    0.00
61292.50  0.50  1.84e-08  0.00e+00    0.00    0.00
61293.50  0.50  1.73e-08  0.00e+00    0.00    0.00
61294.50  0.50  1.82e-08  0.00e+00    0.00    0.00
61295.50  0.50  1.61e-08  0.00e+00    0.00    0.00
61296.50  0.50  1.40e-08  0.00e+00    0.00    0.00
61297.50  0.50  1.64e-08  0.00e+00    0.00    0.00
