61202.50  3.50  5.43e-08  0.00e+00    0.00    0.00
61209.50  3.50  6.45e-08  0.00e+00    0.00    0.00
61216.50  3.50  5.20e-08  0.00e+00    0.00    0.00
61223.50  3.50  3.74e-08  0.00e+00    0.00    0.00
61230.50  3.50  1.05e-07  0.00e+00    0.00    0.00
61237.50  3.50  2.53e-08  0.00e+00    0.00    0.00
61244.50  3.50  1.83e-08  0.00e+00    0.00    0.00
61251.50  3.50  1.65e-08  0.00e+00    0.00    0.00
61258.50  3.50  2.53e-08  0.00e+00    0.00    0.00
61265.50  3.50  3.50e-08  0.00e+00    0.00    0.00
61272.50  3.50  2.01e-08  0.00e+00    0.00    0.00
61279.50  3.50  1.44e-08  0.00e+00    0.00    0.00
61286.50  3.50  1.46e-08  0.00e+00    0.00    0.00
61293.50  3.50  5.98e-08  0.00e+00    0.00    0.00
