61202.50  3.50  4.81e-09  0.00e+00    0.00    0.00
61209.50  3.50  1.46e-09  0.00e+00    0.00    0.00
61216.50  3.50  3.42e-09  0.00e+00    0.00    0.00
61223.50  3.50  2.58e-09  0.00e+00    0.00    0.00
61230.50  3.50  4.17e-09  0.00e+00    0.00    0.00
61237.50  3.50  2.36e-09  0.00e+00    0.00    0.00
61244.50  3.50  7.25e-09  0.00e+00    0.00    0.00
61251.50  3.50  1.50e-09  0.00e+00    0.00    0.00
61258.50  3.50  4.25e-09  0.00e+00    0.00    0.00
61265.50  3.50  3.41e-09  0.00e+00    0.00    0.00
61272.50  3.50  6.94e-09  0.00e+00    0.00    0.00
61279.50  3.50  2.59e-09  0.00e+00    0.00    0.00
61286.50  3.50  4.23e-09  0.00e+00    0.00    0.00
61293.50  3.50  2.35e-09  0.00e+00    0.00    0.00
