61209.50  0.50  1.25e-07  0.00e+00    0.00    0.00
61210.50  0.50  2.12e-07  0.00e+00    0.00    0.00
61211.50  0.50  3.37e-07  0.00e+00    0.00    0.00
61212.50  0.50  1.86e-07  0.00e+00    0.00    0.00
61213.50  0.50  3.59e-07  0.00e+00    0.00    0.00
61214.50  0.50  1.08e-07  0.00e+00    0.00    0.00
61215.50  0.50  9.83e-08  0.00e+00    0.00    0.00
61216.50  0.50  3.54e-08  0.00e+00    0.00    0.00
61217.50  0.50  2.89e-08  0.00e+00    0.00    0.00
61218.50  0.50  4.33e-08  0.00e+00    0.00    0.00
61219.50  0.50  4.19e-08  0.00e+00    0.00    0.00
61220.50  0.50  2.69e-07  0.00e+00    0.00    0.00
61221.50  0.50  4.90e-08  0.00e+00    0.00    0.00
61222.50  0.50  1.31e-07  0.00e+00    0.00    0.00
61223.50  0.50  5.04e-07  0.00e+00    0.00    0.00
61224.50  0.50  3.28e-07  0.00e+00    0.00    0.00
61225.50  0.50  1.33e-07  0.00e+00    0.00    0.00
61226.50  0.50  7.31e-08  0.00e+00    0.00    0.00
61227.50  0.50  3.63e-08  0.00e+00    0.00    0.00
61228.50  0.50  5.54e-08  0.00e+00    0.00    0.00
61229.50  0.50  2.20e-07  0.00e+00    0.00    0.00
61230.50  0.50  1.40e-07  0.00e+00    0.00    0.00
61231.50  0.50  4.32e-07  0.00e+00    0.00    0.00
61232.50  0.50  8.09e-08  0.00e+00    0.00    0.00
61233.50  0.50  2.78e-07  0.00e+00    0.00    0.00
61234.50  0.50  2.74e-07  0.00e+00    0.00    0.00
61235.50  0.50  8.05e-08  0.00e+00    0.00    0.00
61236.50  0.50  4.02e-08  0.00e+00    0.00    0.00
61237.50  0.50  3.45e-07  0.00e+00    0.00    0.00
61238.50  0.50  2.62e-07  0.00e+00    0.00    0.00
61239.50  0.50  1.73e-07  0.00e+00    0.00    0.00
61240.50  0.50  6.93e-08  0.00e+00    0.00    0.00
61241.50  0.50  1.07e-07  0.00e+00    0.00    0.00
61242.50  0.50  1.22e-07  0.00e+00    0.00    0.00
61243.50  0.50  5.30e-08  0.00e+00    0.00    0.00
61244.50  0.50  4.36e-08  0.00e+00    0.00    0.00
61245.50  0.50  7.63e-08  0.00e+00    0.00    0.00
61246.50  0.50  1.51e-07  0.00e+00    0.00    0.00
61247.50  0.50  5.56e-08  0.00e+00    0.00    0.00
61248.50  0.50  4.45e-08  0.00e+00    0.00    0.00
61249.50  0.50  5.37e-08  0.00e+00    0.00    0.00
61250.50  0.50  1.60e-07  0.00e+00    0.00    0.00
61251.50  0.50  1.96e-08  0.00e+00    0.00    0.00
61252.50  0.50  1.14e-07  0.00e+00    0.00    0.00
61253.50  0.50  1.53e-07  0.00e+00    0.00    0.00
61254.50  0.50  1.84e-08  0.00e+00    0.00    0.00
61255.50  0.50  4.18e-08  0.00e+00    0.00    0.00
61256.50  0.50  3.70e-08  0.00e+00    0.00    0.00
61257.50  0.50  6.88e-08  0.00e+00    0.00    0.00
61258.50  0.50  6.67e-08  0.00e+00    0.00    0.00
61259.50  0.50  9.63e-08  0.00e+00    0.00    0.00
61260.50  0.50  8.88e-08  0.00e+00    0.00    0.00
61261.50  0.50  1.76e-07  0.00e+00    0.00    0.00
61262.50  0.50  8.67e-08  0.00e+00    0.00    0.00
61263.50  0.50  7.74e-08  0.00e+00    0.00    0.00
61264.50  0.50  1.76e-07  0.00e+00    0.00    0.00
61265.50  0.50  1.59e-07  0.00e+00    0.00    0.00
61266.50  0.50  1.20e-07  0.00e+00    0.00    0.00
61267.50  0.50  4.98e-07  0.00e+00    0.00    0.00
61268.50  0.50  2.97e-07  0.00e+00    0.00    0.00
61269.50  0.50  1.44e-07  0.00e+00    0.00    0.00
61270.50  0.50  1.67e-07  0.00e+00    0.00    0.00
61271.50  0.50  8.38e-08  0.00e+00    0.00    0.00
61272.50  0.50  2.70e-07  0.00e+00    0.00    0.00
61273.50  0.50  2.66e-07  0.00e+00    0.00    0.00
61274.50  0.50  1.46e-07  0.00e+00    0.00    0.00
61275.50  0.50  6.30e-08  0.00e+00    0.00    0.00
61276.50  0.50  4.87e-08  0.00e+00    0.00    0.00
61277.50  0.50  3.92e-08  0.00e+00    0.00    0.00
61278.50  0.50  2.18e-07  0.00e+00    0.00    0.00
61279.50  0.50  4.24e-08  0.00e+00    0.00    0.00
61280.50  0.50  6.61e-08  0.00e+00    0.00    0.00
61281.50  0.50  1.16e-07  0.00e+00    0.00    0.00
61282.50  0.50  8.91e-08  0.00e+00    0.00    0.00
61283.50  0.50  2.77e-08  0.00e+00    0.00    0.00
61284.50  0.50  1.02e-07  0.00e+00    0.00    0.00
61285.50  0.50  5.67e-08  0.00e+00    0.00    0.00
61286.50  0.50  2.36e-08  0.00e+00    0.00    0.00
61287.50  0.50  2.80e-07  0.00e+00    0.00    0.00
61288.50  0.50  9.57e-08  0.00e+00    0.00    0.00
61289.50  0.50  9.71e-08  0.00e+00    0.00    0.00
61290.50  0.50  1.21e-07  0.00e+00    0.00    0.00
61291.50  0.50  1.29e-07  0.00e+00    0.00    0.00
61292.50  0.50  6.94e-08  0.00e+00    0.00    0.00
61293.50  0.50  2.15e-07  0.00e+00    0.00    0.00
61294.50  0.50  4.08e-07  0.00e+00    0.00    0.00
61295.50  0.50  9.58e-08  0.00e+00    0.00    0.00
61296.50  0.50  3.77e-08  0.00e+00    0.00    0.00
61297.50  0.50  7.15e-08  0.00e+00    0.00    0.00
61298.50  0.50  2.64e-07  0.00e+00    0.00    0.00
61299.50  0.50  3.00e-07  0.00e+00    0.00    0.00
61300.50  0.50  7.20e-08  0.00e+00    0.00    0.00
61301.50  0.50  3.16e-07  0.00e+00    0.00    0.00
61302.50  0.50  1.01e-07  0.00e+00    0.00    0.00
61303.50  0.50  5.48e-08  0.00e+00    0.00    0.00
61304.50  0.50  1.84e-07  0.00e+00    0.00    0.00
61305.50  0.50  9.14e-08  0.00e+00    0.00    0.00
61306.50  0.50  1.24e-07  0.00e+00    0.00    0.00
61307.50  0.50  7.97e-08  0.00e+00    0.00    0.00
61308.50  0.50  8.20e-08  0.00e+00    0.00    0.00
