61202.50  0.50  2.41e-08  0.00e+00    0.00    0.00
61203.50  0.50  1.27e-08  0.00e+00    0.00    0.00
61204.50  0.50  9.92e-09  0.00e+00    0.00    0.00
61205.50  0.50  1.17e-08  0.00e+00    0.00    0.00
61206.50  0.50  9.07e-09  0.00e+00    0.00    0.00
61207.50  0.50  1.02e-08  0.00e+00    0.00    0.00
61208.50  0.50  9.29e-09  0.00e+00    0.00    0.00
61209.50  0.50  5.97e-08  0.00e+00    0.00    0.00
61210.50  0.50  3.50e-08  0.00e+00    0.00    0.00
61211.50  0.50  1.10e-08  0.00e+00    0.00    0.00
61212.50  0.50  1.09e-08  0.00e+00    0.00    0.00
61213.50  0.50  2.63e-08  0.00e+00    0.00    0.00
61214.50  0.50  3.37e-08  0.00e+00    0.00    0.00
61215.50  0.50  3.37e-08  5.82e-09    1.63    0.05
61216.50  0.50  2.65e-08  0.00e+00    0.00    0.00
61217.50  0.50  3.85e-08  0.00e+00    0.00    0.00
61218.50  0.50  1.08e-08  0.00e+00    0.00    0.00
61219.50  0.50  1.02e-08  0.00e+00    0.00    0.00
61220.50  0.50  1.05e-08  0.00e+00    0.00    0.00
61221.50  0.50  6.30e-08  0.00e+00    0.00    0.00
61222.50  0.50  2.17e-08  0.00e+00    0.00    0.00
61223.50  0.50  2.61e-08  0.00e+00    0.00    0.00
61224.50  0.50  3.12e-08  0.00e+00    0.00    0.00
61225.50  0.50  5.75e-08  0.00e+00    0.00    0.00
61226.50  0.50  4.27e-08  0.00e+00    0.00    0.00
61227.50  0.50  2.20e-08  0.00e+00    0.00    0.00
61228.50  0.50  1.75e-08  0.00e+00    0.00    0.00
61229.50  0.50  2.05e-08  0.00e+00    0.00    0.00
61230.50  0.50  5.40e-08  0.00e+00    0.00    0.00
61231.50  0.50  1.55e-08  0.00e+00    0.00    0.00
61232.50  0.50  7.17e-08  0.00e+00    0.00    0.00
61233.50  0.50  5.48e-08  0.00e+00    0.00    0.00
61234.50  0.50  7.48e-08  0.00e+00    0.00    0.00
61235.50  0.50  3.96e-08  0.00e+00    0.00    0.00
61236.50  0.50  6.26e-08  0.00e+00    0.00    0.00
61237.50  0.50  4.07e-08  0.00e+00    0.00    0.00
61238.50  0.50  6.98e-08  0.00e+00    0.00    0.00
61239.50  0.50  2.61e-08  0.00e+00    0.00    0.00
61240.50  0.50  1.72e-08  0.00e+00    0.00    0.00
61241.50  0.50  4.41e-08  0.00e+00    0.00    0.00
61242.50  0.50  1.87e-08  0.00e+00    0.00    0.00
61243.50  0.50  5.02e-08  0.00e+00    0.00    0.00
61244.50  0.50  1.83e-08  0.00e+00    0.00    0.00
61245.50  0.50  8.11e-08  0.00e+00    0.00    0.00
61246.50  0.50  1.91e-08  0.00e+00    0.00    0.00
61247.50  0.50  1.49e-08  0.00e+00    0.00    0.00
61248.50  0.50  1.32e-08  0.00e+00    0.00    0.00
61249.50  0.50  1.39e-08  0.00e+00    0.00    0.00
61250.50  0.50  1.20e-08  0.00e+00    0.00    0.00
61251.50  0.50  6.97e-08  0.00e+00    0.00    0.00
61252.50  0.50  1.08e-08  0.00e+00    0.00    0.00
61253.50  0.50  1.14e-08  0.00e+00    0.00    0.00
61254.50  0.50  2.45e-08  0.00e+00    0.00    0.00
61255.50  0.50  1.11e-08  0.00e+00    0.00    0.00
61256.50  0.50  1.33e-08  0.00e+00    0.00    0.00
61257.50  0.50  1.06e-08  0.00e+00    0.00    0.00
61258.50  0.50  9.44e-09  0.00e+00    0.00    0.00
61259.50  0.50  2.64e-08  0.00e+00    0.00    0.00
61260.50  0.50  1.07e-08  0.00e+00    0.00    0.00
61261.50  0.50  1.05e-08  0.00e+00    0.00    0.00
61262.50  0.50  1.31e-08  0.00e+00    0.00    0.00
61263.50  0.50  1.06e-08  0.00e+00    0.00    0.00
61264.50  0.50  1.32e-08  0.00e+00    0.00    0.00
61265.50  0.50  4.59e-08  0.00e+00    0.00    0.00
61266.50  0.50  1.90e-08  0.00e+00    0.00    0.00
61267.50  0.50  2.42e-08  0.00e+00    0.00    0.00
61268.50  0.50  1.49e-08  0.00e+00    0.00    0.00
61269.50  0.50  1.53e-08  0.00e+00    0.00    0.00
61270.50  0.50  1.96e-08  0.00e+00    0.00    0.00
61271.50  0.50  3.01e-08  0.00e+00    0.00    0.00
61272.50  0.50  6.09e-08  0.00e+00    0.00    0.00
61273.50  0.50  1.74e-08  0.00e+00    0.00    0.00
61274.50  0.50  2.62e-08  0.00e+00    0.00    0.00
61275.50  0.50  5.50e-08  0.00e+00    0.00    0.00
61276.50  0.50  1.53e-08  0.00e+00    0.00    0.00
61277.50  0.50  1.52e-08  0.00e+00    0.00    0.00
61278.50  0.50  1.83e-08  0.00e+00    0.00    0.00
61279.50  0.50  2.21e-08  0.00e+00    0.00    0.00
61280.50  0.50  5.80e-08  0.00e+00    0.00    0.00
61281.50  0.50  5.56e-08  0.00e+00    0.00    0.00
61282.50  0.50  1.86e-08  0.00e+00    0.00    0.00
61283.50  0.50  3.76e-08  0.00e+00    0.00    0.00
61284.50  0.50  2.13e-08  0.00e+00    0.00    0.00
61285.50  0.50  1.74e-08  0.00e+00    0.00    0.00
61286.50  0.50  1.44e-08  0.00e+00    0.00    0.00
61287.50  0.50  4.10e-08  0.00e+00    0.00    0.00
61288.50  0.50  1.89e-08  0.00e+00    0.00    0.00
61289.50  0.50  1.39e-08  0.00e+00    0.00    0.00
61290.50  0.50  1.79e-08  0.00e+00    0.00    0.00
61291.50  0.50  6.28e-08  0.00e+00    0.00    0.00
61292.50  0.50  1.86e-08  0.00e+00    0.00    0.00
61293.50  0.50  1.86e-08  0.00e+00    0.00    0.00
61294.50  0.50  2.36e-08  0.00e+00    0.00    0.00
61295.50  0.50  8.53e-08  0.00e+00    0.00    0.00
61296.50  0.50  7.66e-08  0.00e+00    0.00    0.00
61297.50  0.50  2.88e-08  0.00e+00    0.00    0.00
61298.50  0.50  2.13e-08  0.00e+00    0.00    0.00
61299.50  0.50  6.87e-08  0.00e+00    0.00    0.00
61300.50  0.50  2.18e-08  0.00e+00    0.00    0.00
61301.50  0.50  5.52e-08  0.00e+00    0.00    0.00
