61204.50  0.50  1.96e-07  0.00e+00    0.00    0.00
61205.50  0.50  2.77e-07  0.00e+00    0.00    0.00
61206.50  0.50  2.27e-07  0.00e+00    0.00    0.00
61207.50  0.50  3.59e-08  0.00e+00    0.00    0.00
61208.50  0.50  3.07e-07  0.00e+00    0.00    0.00
61209.50  0.50  1.34e-07  5.06e-09    0.33    0.01
61210.50  0.50  2.05e-07  0.00e+00    0.00    0.00
61211.50  0.50  6.86e-08  0.00e+00    0.00    0.00
61212.50  0.50  2.28e-07  0.00e+00    0.00    0.00
61213.50  0.50  1.68e-07  0.00e+00    0.00    0.00
61214.50  0.50  4.11e-07  0.00e+00    0.00    0.00
61215.50  0.50  2.90e-07  7.52e-09    0.71    0.02
61216.50  0.50  9.81e-08  0.00e+00    0.00    0.00
61217.50  0.50  2.44e-07  0.00e+00    0.00    0.00
61218.50  0.50  1.25e-07  0.00e+00    0.00    0.00
61219.50  0.50  3.04e-07  0.00e+00    0.00    0.00
61220.50  0.50  4.14e-07  0.00e+00    0.00    0.00
61221.50  0.50  1.26e-07  6.15e-08    0.31    0.01
61222.50  0.50  3.71e-07  0.00e+00    0.00    0.00
61223.50  0.50  3.30e-07  0.00e+00    0.00    0.00
61224.50  0.50  5.06e-07  0.00e+00    0.00    0.00
61225.50  0.50  3.29e-07  1.04e-08    0.81    0.02
61226.50  0.50  2.11e-07  0.00e+00    0.00    0.00
61227.50  0.50  9.17e-08  0.00e+00    0.00    0.00
61228.50  0.50  3.99e-07  0.00e+00    0.00    0.00
61229.50  0.50  9.37e-08  0.00e+00    0.00    0.00
61230.50  0.50  3.13e-07  0.00e+00    0.00    0.00
61231.50  0.50  5.22e-07  0.00e+00    0.00    0.00
61232.50  0.50  1.98e-07  9.32e-08    0.49    0.01
61233.50  0.50  1.94e-07  4.23e-08    0.48    0.01
61234.50  0.50  2.40e-07  0.00e+00    0.00    0.00
61235.50  0.50  2.51e-07  0.00e+00    0.00    0.00
61236.50  0.50  2.70e-07  0.00e+00    0.00    0.00
61237.50  0.50  1.41e-07  0.00e+00    0.00    0.00
61238.50  0.50  1.33e-07  0.00e+00    0.00    0.00
61239.50  0.50  2.92e-07  0.00e+00    0.00    0.00
61240.50  0.50  1.36e-07  0.00e+00    0.00    0.00
61241.50  0.50  1.48e-07  0.00e+00    0.00    0.00
61242.50  0.50  2.25e-07  0.00e+00    0.00    0.00
61243.50  0.50  2.51e-07  0.00e+00    0.00    0.00
61244.50  0.50  3.98e-07  0.00e+00    0.00    0.00
61245.50  0.50  2.14e-07  0.00e+00    0.00    0.00
61246.50  0.50  5.84e-07  0.00e+00    0.00    0.00
61247.50  0.50  2.43e-07  0.00e+00    0.00    0.00
61248.50  0.50  1.72e-07  0.00e+00    0.00    0.00
61249.50  0.50  6.86e-08  0.00e+00    0.00    0.00
61250.50  0.50  1.96e-07  0.00e+00    0.00    0.00
61251.50  0.50  1.24e-07  0.00e+00    0.00    0.00
61252.50  0.50  2.28e-07  0.00e+00    0.00    0.00
61253.50  0.50  1.48e-07  0.00e+00    0.00    0.00
61254.50  0.50  8.30e-08  0.00e+00    0.00    0.00
61255.50  0.50  6.19e-08  0.00e+00    0.00    0.00
61256.50  0.50  2.04e-07  0.00e+00    0.00    0.00
61257.50  0.50  2.66e-07  0.00e+00    0.00    0.00
61258.50  0.50  1.90e-07  0.00e+00    0.00    0.00
61259.50  0.50  4.50e-07  0.00e+00    0.00    0.00
61260.50  0.50  4.44e-07  0.00e+00    0.00    0.00
61261.50  0.50  9.82e-08  0.00e+00    0.00    0.00
61262.50  0.50  1.53e-07  0.00e+00    0.00    0.00
61263.50  0.50  3.75e-07  0.00e+00    0.00    0.00
61264.50  0.50  4.14e-07  0.00e+00    0.00    0.00
61265.50  0.50  1.45e-07  0.00e+00    0.00    0.00
61266.50  0.50  3.74e-07  0.00e+00    0.00    0.00
61267.50  0.50  6.92e-07  0.00e+00    0.00    0.00
61268.50  0.50  4.38e-07  0.00e+00    0.00    0.00
61269.50  0.50  1.55e-07  0.00e+00    0.00    0.00
61270.50  0.50  3.85e-07  0.00e+00    0.00    0.00
61271.50  0.50  2.45e-07  0.00e+00    0.00    0.00
61272.50  0.50  2.10e-07  0.00e+00    0.00    0.00
61273.50  0.50  2.84e-07  0.00e+00    0.00    0.00
61274.50  0.50  3.89e-07  0.00e+00    0.00    0.00
61275.50  0.50  2.64e-07  0.00e+00    0.00    0.00
61276.50  0.50  4.05e-07  0.00e+00    0.00    0.00
61277.50  0.50  1.79e-07  0.00e+00    0.00    0.00
61278.50  0.50  2.61e-07  0.00e+00    0.00    0.00
61279.50  0.50  3.80e-07  0.00e+00    0.00    0.00
61280.50  0.50  2.86e-07  0.00e+00    0.00    0.00
61281.50  0.50  2.06e-07  0.00e+00    0.00    0.00
61282.50  0.50  2.00e-07  0.00e+00    0.00    0.00
61283.50  0.50  1.46e-07  0.00e+00    0.00    0.00
61284.50  0.50  2.45e-07  0.00e+00    0.00    0.00
61285.50  0.50  1.90e-07  0.00e+00    0.00    0.00
61286.50  0.50  3.36e-07  0.00e+00    0.00    0.00
61287.50  0.50  3.58e-07  0.00e+00    0.00    0.00
61288.50  0.50  2.44e-07  0.00e+00    0.00    0.00
61289.50  0.50  3.76e-07  0.00e+00    0.00    0.00
61290.50  0.50  3.16e-07  0.00e+00    0.00    0.00
61291.50  0.50  3.49e-07  0.00e+00    0.00    0.00
61292.50  0.50  1.80e-07  0.00e+00    0.00    0.00
61293.50  0.50  1.28e-07  0.00e+00    0.00    0.00
61294.50  0.50  4.18e-07  0.00e+00    0.00    0.00
61295.50  0.50  1.56e-07  0.00e+00    0.00    0.00
61296.50  0.50  1.39e-07  0.00e+00    0.00    0.00
61297.50  0.50  2.26e-07  0.00e+00    0.00    0.00
61298.50  0.50  2.72e-07  0.00e+00    0.00    0.00
61299.50  0.50  3.71e-07  0.00e+00    0.00    0.00
61300.50  0.50  1.25e-07  0.00e+00    0.00    0.00
61301.50  0.50  2.30e-07  0.00e+00    0.00    0.00
61302.50  0.50  3.16e-07  0.00e+00    0.00    0.00
61303.50  0.50  2.83e-07  0.00e+00    0.00    0.00
