61202.50  3.50  4.44e-09  0.00e+00    0.00    0.00
61209.50  3.50  9.43e-09  0.00e+00    0.00    0.00
61216.50  3.50  9.00e-09  3.11e-09    0.44    0.01
61223.50  3.50  1.23e-08  3.28e-09    0.59    0.02
61230.50  3.50  9.07e-09  9.93e-10    0.44    0.01
61237.50  3.50  1.20e-08  3.40e-09    0.58    0.02
61244.50  3.50  1.52e-08  0.00e+00    0.00    0.00
61251.50  3.50  9.40e-09  0.00e+00    0.00    0.00
61258.50  3.50  3.85e-09  0.00e+00    0.00    0.00
61265.50  3.50  5.01e-09  0.00e+00    0.00    0.00
61272.50  3.50  1.25e-08  0.00e+00    0.00    0.00
61279.50  3.50  1.09e-08  0.00e+00    0.00    0.00
61286.50  3.50  5.74e-09  0.00e+00    0.00    0.00
61293.50  3.50  1.88e-08  0.00e+00    0.00    0.00
