61209.50  3.50  8.51e-08  2.43e-09    0.21    0.01
61216.50  3.50  1.26e-07  1.42e-08    0.31    0.01
61223.50  3.50  1.49e-07  1.86e-08    0.37    0.01
61230.50  3.50  1.39e-07  3.42e-08    0.34    0.01
61237.50  3.50  8.81e-08  2.62e-09    0.22    0.01
61244.50  3.50  1.18e-07  2.96e-09    0.29    0.01
61251.50  3.50  4.77e-08  1.70e-09    0.12    0.00
61258.50  3.50  1.56e-07  0.00e+00    0.00    0.00
61265.50  3.50  1.16e-07  1.24e-08    0.29    0.01
61272.50  3.50  1.31e-07  0.00e+00    0.00    0.00
61279.50  3.50  1.19e-07  0.00e+00    0.00    0.00
61286.50  3.50  1.02e-07  3.10e-08    0.25    0.01
61293.50  3.50  7.42e-08  0.00e+00    0.00    0.00
61300.50  3.50  1.11e-07  0.00e+00    0.00    0.00
