61198.50  0.50  8.48e-07  0.00e+00    0.00    0.00
61199.50  0.50  7.84e-07  0.00e+00    0.00    0.00
61200.50  0.50  3.96e-07  1.66e-07    0.45    0.01
61201.50  0.50  6.32e-07  2.05e-07    0.71    0.02
61202.50  0.50  1.14e-06  2.81e-07    1.28    0.04
61203.50  0.50  8.18e-07  2.39e-07    0.92    0.03
61204.50  0.50  9.39e-07  2.31e-07    1.05    0.03
61205.50  0.50  9.60e-07  2.48e-07    1.08    0.03
61206.50  0.50  1.40e-06  2.30e-07    1.58    0.05
61207.50  0.50  2.07e-06  2.70e-07    2.33    0.07
61208.50  0.50  9.47e-07  1.92e-07    1.06    0.03
61209.50  0.50  7.81e-07  2.11e-07    0.88    0.03
61210.50  0.50  1.10e-06  2.12e-07    1.24    0.04
61211.50  0.50  1.08e-06  1.96e-07    1.21    0.04
61212.50  0.50  9.33e-07  2.06e-07    1.05    0.03
61213.50  0.50  9.03e-07  1.96e-07    1.01    0.03
61214.50  0.50  1.57e-06  2.13e-07    1.76    0.06
61215.50  0.50  1.25e-06  2.09e-07    1.41    0.04
61216.50  0.50  7.91e-07  2.04e-07    0.89    0.03
61217.50  0.50  8.75e-07  2.28e-07    0.98    0.03
61218.50  0.50  1.24e-06  0.00e+00    0.00    0.00
61219.50  0.50  5.92e-07  0.00e+00    0.00    0.00
61220.50  0.50  7.50e-06  0.00e+00    0.00    0.00
61221.50  0.50  8.05e-06  0.00e+00    0.00    0.00
61222.50  0.50  5.62e-07  0.00e+00    0.00    0.00
61223.50  0.50  4.34e-07  1.69e-07    0.49    0.02
61224.50  0.50  7.03e-07  1.96e-07    0.79    0.03
61225.50  0.50  5.59e-07  1.89e-07    0.63    0.02
61226.50  0.50  1.03e-06  2.46e-07    1.16    0.04
61227.50  0.50  9.41e-07  2.19e-07    1.06    0.03
61228.50  0.50  1.31e-06  2.46e-07    1.48    0.05
61229.50  0.50  1.10e-06  2.62e-07    1.23    0.04
61230.50  0.50  8.59e-07  0.00e+00    0.00    0.00
61231.50  0.50  1.31e-06  2.37e-07    1.47    0.05
61232.50  0.50  5.71e-07  1.92e-07    0.64    0.02
61233.50  0.50  1.15e-06  0.00e+00    0.00    0.00
61234.50  0.50  8.92e-07  2.08e-07    1.00    0.03
61235.50  0.50  1.22e-06  2.82e-07    1.38    0.04
61236.50  0.50  1.26e-06  2.39e-07    1.42    0.04
61237.50  0.50  7.15e-07  0.00e+00    0.00    0.00
61238.50  0.50  8.54e-07  2.22e-07    0.96    0.03
61239.50  0.50  1.21e-06  2.11e-07    1.36    0.04
61240.50  0.50  1.13e-06  2.30e-07    1.28    0.04
61241.50  0.50  1.35e-06  2.38e-07    1.51    0.05
61242.50  0.50  1.63e-06  2.54e-07    1.83    0.06
61243.50  0.50  1.37e-06  2.32e-07    1.54    0.05
61244.50  0.50  1.09e-06  2.41e-07    1.22    0.04
61245.50  0.50  7.28e-07  1.92e-07    0.82    0.03
61246.50  0.50  7.88e-07  2.05e-07    0.89    0.03
61247.50  0.50  7.24e-07  1.89e-07    0.81    0.03
61248.50  0.50  5.28e-07  1.62e-07    0.59    0.02
61249.50  0.50  8.80e-07  2.00e-07    0.99    0.03
61250.50  0.50  9.69e-07  1.85e-07    1.09    0.03
61251.50  0.50  9.85e-07  0.00e+00    0.00    0.00
61252.50  0.50  1.28e-06  2.36e-07    1.44    0.05
61253.50  0.50  1.01e-06  2.04e-07    1.14    0.04
61254.50  0.50  1.30e-06  1.90e-07    1.46    0.05
61255.50  0.50  8.61e-07  1.60e-07    0.97    0.03
61256.50  0.50  1.25e-06  1.85e-07    1.40    0.04
61257.50  0.50  1.11e-06  1.78e-07    1.25    0.04
61258.50  0.50  8.65e-07  1.54e-07    0.97    0.03
61259.50  0.50  8.36e-07  1.56e-07    0.94    0.03
61260.50  0.50  1.26e-06  1.78e-07    1.42    0.04
61261.50  0.50  1.23e-06  1.74e-07    1.38    0.04
61262.50  0.50  6.03e-07  1.47e-07    0.68    0.02
61263.50  0.50  7.05e-07  1.57e-07    0.79    0.03
61264.50  0.50  7.89e-07  0.00e+00    0.00    0.00
61265.50  0.50  1.06e-06  2.23e-07    1.20    0.04
61266.50  0.50  1.32e-06  2.56e-07    1.48    0.05
61267.50  0.50  8.99e-07  2.13e-07    1.01    0.03
61268.50  0.50  1.14e-06  2.61e-07    1.28    0.04
61269.50  0.50  7.33e-07  0.00e+00    0.00    0.00
61270.50  0.50  1.54e-06  3.47e-07    1.73    0.05
61271.50  0.50  1.19e-06  3.05e-07    1.34    0.04
61272.50  0.50  1.08e-06  0.00e+00    0.00    0.00
61273.50  0.50  3.92e-07  1.71e-07    0.44    0.01
61274.50  0.50  8.71e-07  2.30e-07    0.98    0.03
61275.50  0.50  1.12e-06  2.50e-07    1.26    0.04
61276.50  0.50  9.57e-07  2.20e-07    1.08    0.03
61277.50  0.50  9.17e-07  2.14e-07    1.03    0.03
61278.50  0.50  7.31e-07  1.98e-07    0.82    0.03
61279.50  0.50  9.88e-07  2.18e-07    1.11    0.04
61280.50  0.50  9.24e-07  2.28e-07    1.04    0.03
61281.50  0.50  1.22e-06  2.46e-07    1.37    0.04
61282.50  0.50  1.72e-06  2.68e-07    1.93    0.06
61283.50  0.50  1.13e-06  6.49e-08    1.28    0.04
61284.50  0.50  6.03e-07  2.03e-07    0.68    0.02
61285.50  0.50  1.05e-06  2.24e-07    1.19    0.04
61286.50  0.50  1.58e-06  2.38e-07    1.77    0.06
61287.50  0.50  1.14e-06  0.00e+00    0.00    0.00
61288.50  0.50  7.08e-07  1.96e-07    0.80    0.03
61289.50  0.50  1.14e-06  2.49e-07    1.28    0.04
61290.50  0.50  9.00e-07  2.08e-07    1.01    0.03
61291.50  0.50  1.28e-06  2.42e-07    1.44    0.05
61292.50  0.50  1.08e-06  2.49e-07    1.21    0.04
61293.50  0.50  1.20e-06  2.15e-07    1.34    0.04
61294.50  0.50  1.17e-06  2.54e-07    1.31    0.04
61295.50  0.50  8.47e-07  0.00e+00    0.00    0.00
61296.50  0.50  1.26e-06  2.51e-07    1.42    0.05
61297.50  0.50  1.55e-06  2.90e-07    1.74    0.06
