61202.50  3.50  4.30e-08  6.66e-09    0.80    0.03
61209.50  3.50  7.22e-08  9.71e-09    1.34    0.04
61216.50  3.50  3.65e-08  6.97e-09    0.68    0.02
61223.50  3.50  4.52e-08  1.02e-08    0.84    0.03
61230.50  3.50  3.78e-08  5.88e-09    0.70    0.02
61237.50  3.50  3.96e-08  7.81e-09    0.74    0.02
61244.50  3.50  6.23e-08  9.29e-09    1.16    0.04
61251.50  3.50  3.82e-08  6.28e-09    0.71    0.02
61258.50  3.50  4.50e-08  6.46e-09    0.83    0.03
61265.50  3.50  3.78e-08  6.98e-09    0.70    0.02
61272.50  3.50  4.04e-08  8.49e-09    0.75    0.02
61279.50  3.50  5.27e-08  9.16e-09    0.98    0.03
61286.50  3.50  4.12e-08  7.70e-09    0.76    0.02
61293.50  3.50  2.86e-08  6.74e-09    0.53    0.02
