61202.50  0.50  1.03e-07  0.00e+00    0.00    0.00
61203.50  0.50  1.01e-07  0.00e+00    0.00    0.00
61204.50  0.50  1.12e-07  0.00e+00    0.00    0.00
61205.50  0.50  8.15e-08  0.00e+00    0.00    0.00
61206.50  0.50  9.86e-08  3.11e-08    1.83    0.06
61207.50  0.50  1.02e-07  0.00e+00    0.00    0.00
61208.50  0.50  8.62e-08  2.72e-08    1.60    0.05
61209.50  0.50  1.26e-07  0.00e+00    0.00    0.00
61210.50  0.50  9.88e-08  3.02e-08    1.83    0.06
61211.50  0.50  8.68e-08  1.36e-08    1.61    0.05
61212.50  0.50  6.57e-08  0.00e+00    0.00    0.00
61213.50  0.50  6.46e-08  2.37e-08    1.20    0.04
61214.50  0.50  8.73e-08  0.00e+00    0.00    0.00
61215.50  0.50  7.16e-08  0.00e+00    0.00    0.00
61216.50  0.50  4.55e-08  0.00e+00    0.00    0.00
61217.50  0.50  7.09e-08  0.00e+00    0.00    0.00
61218.50  0.50  7.35e-08  0.00e+00    0.00    0.00
61219.50  0.50  2.61e-07  0.00e+00    0.00    0.00
61220.50  0.50  4.28e-07  0.00e+00    0.00    0.00
61221.50  0.50  2.30e-06  0.00e+00    0.00    0.00
61222.50  0.50  7.53e-08  0.00e+00    0.00    0.00
61223.50  0.50  7.71e-08  0.00e+00    0.00    0.00
61224.50  0.50  9.68e-08  0.00e+00    0.00    0.00
61225.50  0.50  1.12e-07  0.00e+00    0.00    0.00
61226.50  0.50  7.97e-08  0.00e+00    0.00    0.00
61227.50  0.50  1.02e-07  0.00e+00    0.00    0.00
61228.50  0.50  9.50e-08  0.00e+00    0.00    0.00
61229.50  0.50  6.98e-08  0.00e+00    0.00    0.00
61230.50  0.50  6.07e-08  0.00e+00    0.00    0.00
61231.50  0.50  1.07e-07  0.00e+00    0.00    0.00
61232.50  0.50  6.30e-08  9.33e-09    1.17    0.04
61233.50  0.50  5.16e-08  0.00e+00    0.00    0.00
61234.50  0.50  6.01e-08  0.00e+00    0.00    0.00
61235.50  0.50  5.37e-08  0.00e+00    0.00    0.00
61236.50  0.50  4.58e-08  0.00e+00    0.00    0.00
61237.50  0.50  9.42e-08  0.00e+00    0.00    0.00
61238.50  0.50  9.14e-08  0.00e+00    0.00    0.00
61239.50  0.50  8.78e-08  2.83e-08    1.63    0.05
61240.50  0.50  7.27e-08  2.78e-08    1.35    0.04
61241.50  0.50  9.50e-08  3.01e-08    1.76    0.06
61242.50  0.50  9.01e-08  0.00e+00    0.00    0.00
61243.50  0.50  9.68e-08  3.09e-08    1.80    0.06
61244.50  0.50  4.59e-08  0.00e+00    0.00    0.00
61245.50  0.50  6.52e-08  1.88e-08    1.21    0.04
61246.50  0.50  8.67e-08  0.00e+00    0.00    0.00
61247.50  0.50  8.21e-08  1.66e-09    1.52    0.05
61248.50  0.50  6.06e-08  2.17e-08    1.12    0.04
61249.50  0.50  5.04e-08  0.00e+00    0.00    0.00
61250.50  0.50  6.01e-08  2.25e-08    1.11    0.04
61251.50  0.50  1.54e-08  0.00e+00    0.00    0.00
61252.50  0.50  8.18e-08  0.00e+00    0.00    0.00
61253.50  0.50  5.29e-08  2.10e-08    0.98    0.03
61254.50  0.50  4.73e-08  1.74e-08    0.88    0.03
61255.50  0.50  5.58e-08  2.02e-08    1.04    0.03
61256.50  0.50  7.23e-08  1.18e-08    1.34    0.04
61257.50  0.50  5.06e-08  0.00e+00    0.00    0.00
61258.50  0.50  7.55e-08  0.00e+00    0.00    0.00
61259.50  0.50  6.07e-08  0.00e+00    0.00    0.00
61260.50  0.50  8.27e-08  0.00e+00    0.00    0.00
61261.50  0.50  7.80e-08  0.00e+00    0.00    0.00
61262.50  0.50  5.00e-08  0.00e+00    0.00    0.00
61263.50  0.50  4.95e-08  0.00e+00    0.00    0.00
61264.50  0.50  2.64e-08  0.00e+00    0.00    0.00
61265.50  0.50  1.16e-07  0.00e+00    0.00    0.00
61266.50  0.50  7.47e-08  3.04e-08    1.38    0.04
61267.50  0.50  1.20e-07  0.00e+00    0.00    0.00
61268.50  0.50  1.03e-07  0.00e+00    0.00    0.00
61269.50  0.50  9.52e-08  0.00e+00    0.00    0.00
61270.50  0.50  1.31e-07  4.53e-08    2.42    0.08
61271.50  0.50  5.40e-08  0.00e+00    0.00    0.00
61272.50  0.50  8.82e-08  0.00e+00    0.00    0.00
61273.50  0.50  9.27e-08  0.00e+00    0.00    0.00
61274.50  0.50  5.13e-08  2.35e-08    0.95    0.03
61275.50  0.50  6.88e-08  0.00e+00    0.00    0.00
61276.50  0.50  1.35e-07  0.00e+00    0.00    0.00
61277.50  0.50  6.04e-08  6.84e-10    1.12    0.04
61278.50  0.50  4.37e-08  0.00e+00    0.00    0.00
61279.50  0.50  1.01e-07  1.50e-08    1.87    0.06
61280.50  0.50  7.65e-08  0.00e+00    0.00    0.00
61281.50  0.50  8.74e-08  3.14e-08    1.62    0.05
61282.50  0.50  8.86e-08  0.00e+00    0.00    0.00
61283.50  0.50  7.85e-08  0.00e+00    0.00    0.00
61284.50  0.50  6.58e-08  2.77e-08    1.22    0.04
61285.50  0.50  7.06e-08  0.00e+00    0.00    0.00
61286.50  0.50  1.04e-07  0.00e+00    0.00    0.00
61287.50  0.50  4.96e-08  0.00e+00    0.00    0.00
61288.50  0.50  9.70e-08  0.00e+00    0.00    0.00
61289.50  0.50  8.37e-08  0.00e+00    0.00    0.00
61290.50  0.50  9.97e-08  0.00e+00    0.00    0.00
61291.50  0.50  5.14e-08  0.00e+00    0.00    0.00
61292.50  0.50  8.26e-08  0.00e+00    0.00    0.00
61293.50  0.50  1.04e-07  0.00e+00    0.00    0.00
61294.50  0.50  6.60e-08  0.00e+00    0.00    0.00
61295.50  0.50  4.27e-08  0.00e+00    0.00    0.00
61296.50  0.50  4.79e-08  0.00e+00    0.00    0.00
61297.50  0.50  9.26e-08  0.00e+00    0.00    0.00
61298.50  0.50  8.84e-08  0.00e+00    0.00    0.00
61299.50  0.50  7.72e-08  2.24e-08    1.43    0.05
61300.50  0.50  9.09e-08  0.00e+00    0.00    0.00
61301.50  0.50  6.56e-08  1.28e-08    1.22    0.04
