61202.50  3.50  6.19e-07  8.02e-08    0.70    0.02
61209.50  3.50  1.09e-06  8.04e-08    1.22    0.04
61216.50  3.50  1.03e-06  8.56e-08    1.15    0.04
61223.50  3.50  6.39e-07  8.89e-08    0.72    0.02
61230.50  3.50  9.76e-07  8.53e-08    1.10    0.03
61237.50  3.50  8.79e-07  8.33e-08    0.99    0.03
61244.50  3.50  1.08e-06  8.38e-08    1.22    0.04
61251.50  3.50  7.74e-07  7.19e-08    0.87    0.03
61258.50  3.50  1.05e-06  6.26e-08    1.18    0.04
61265.50  3.50  7.86e-07  6.61e-08    0.88    0.03
61272.50  3.50  8.76e-07  9.36e-08    0.98    0.03
61279.50  3.50  1.04e-06  8.32e-08    1.16    0.04
61286.50  3.50  8.69e-07  8.34e-08    0.98    0.03
61293.50  3.50  1.10e-06  8.77e-08    1.23    0.04
