/*
**
**  Swift/XRT light curve for LS I +61 303.
**
**  Data taken from the automatic processing at http://www.swift.psu.edu/monitoring/
**
**  When using these data and results in publications, please reference M.C. Stroh & A.D. Falcone 2013, ApJS, 207, 28; arXiv: 1305.4949.
**
**  Key:
**
**   BinCenter      - Center of time bin (MJD)
**   BinHW          - One-half of the full time bin size (days)
**   Rate           - The background subtracted, PSF corrected and pile-up corrected source count rate (cts/s).
**   RateError      - 1 sigma error in source count rate (cts/s)
**   FracExp        - Conversion factor between bin size and observing time
**   Mode           - 0 if in Windowed Timing (WT)
**                    1 if in Photon Counting (PC)
**
**
**  Upper limits have an error listed as -1.00000.
**
*/
      BinCenter          BinHW           Rate      RateError        FracExp  Mode
   53980.415430       0.075474        0.37980        0.01064        0.34597     1
   53983.938427       0.035863        0.31340        0.02365        0.11748     1
   53989.509718       0.470073        0.16294        0.00695        0.05629     1
   53991.672691       0.269651        0.25183        0.00958        0.07570     1
   53993.440433       0.109464        0.28420        0.00972        0.19538     1
   53995.330255       0.067020        0.16108        0.01686        0.06703     0
   53995.343104       0.070071        0.13094        0.00717        0.28647     1
   53997.517741       0.105862        0.17080        0.01100        0.11031     1
   54060.215138       0.134143        0.29744        0.01206        0.12799     1
   54061.248652       0.104089        0.28792        0.00962        0.21513     1
   54062.188174       0.104845        0.39678        0.01284        0.16403     1
   54063.261804       0.104148        0.39145        0.01319        0.15486     1
   54068.297387       0.038013        0.18746        0.01548        0.16471     1
   54069.300337       0.037810        0.30404        0.01452        0.28177     1
   54071.948263       0.000334        0.30092        0.08043        0.97766     1
   54074.356481       0.201831        0.16553        0.01279        0.03582     1
   54076.430479       0.272294        0.08907        0.00685        0.05087     1
   54078.612533       0.095766        0.27186        0.01366        0.12716     1
   54080.076402       0.040875        0.17120        0.01311        0.28840     1
   54082.211532       0.168941        0.25670        0.03404        0.01172     0
   54082.211609       0.168931        0.20183        0.01612        0.03741     1
   54083.517570       0.469120        0.27408        0.03786        0.00420     0
   54083.517633       0.469158        0.21669        0.02190        0.00825     1
   54085.325261       0.268460        0.34054        0.01929        0.03439     1
   54087.496254       0.235373        0.43071        0.04649        0.00625     0
   54087.497465       0.236547        0.36274        0.01460        0.05169     1
   54089.812255       0.007092        0.59822        0.06097        0.24357     0
   54089.812346       0.007059        0.40423        0.03092        0.49690     1
   54091.111455       0.102434        0.29908        0.02202        0.07498     1
   54093.537880       0.102361        0.33234        0.01223        0.15383     1
   54298.562323       0.407076        0.31711        0.00618        0.17316     1
   54354.662120       0.073223        0.17066        0.00880        0.25281     1
   54355.669084       0.070463        0.17610        0.00910        0.21880     1
   54356.669776       0.073237        0.24411        0.00972        0.25331     1
   54357.673252       0.073237        0.27106        0.01226        0.17667     1
   54359.144507       1.011001        0.28696        0.00675        0.04823     1
   54362.246019       0.236605        0.21293        0.01231        0.04928     1
   54363.120478       0.102419        0.18779        0.01005        0.13609     1
   54365.529468       0.039930        0.19020        0.01072        0.30292     1
   54382.744292       0.238319        0.34625        0.01107        0.10651     1
   54383.446709       0.072017        0.38739        0.01562        0.17754     1
   54384.386299       0.074080        0.28992        0.01498        0.19578     1
   54405.205450       0.069519        0.14556        0.01124        0.11988     1
   54408.302212       0.038754        0.21971        0.01225        0.27098     1
   54410.321253       0.040526        0.17527        0.01019        0.31534     1
   54718.806509       0.138558        0.35543        0.01166        0.16383     1
   54720.076705       0.529468        0.18817        0.00424        0.19762     1
   54721.858666       0.104511        0.08342        0.00601        0.18462     1
   54722.923391       0.036982        0.12750        0.01335        0.13823     1
   54723.666599       0.236838        0.13206        0.00780        0.07600     1
   54726.835117       0.003036        0.19652        0.02217        0.97260     1
   54728.075135       0.035936        0.09502        0.01013        0.18790     1
   54728.547036       0.106414        0.11062        0.00642        0.19031     1
   54730.893601       0.034861        0.15910        0.01456        0.16256     1
   54731.458131       0.472368        0.21946        0.00820        0.04901     1
   54734.955655       0.040150        0.16412        0.01109        0.30141     0
   54735.056008       0.006470        0.15342        0.01410        0.92487     0
   54735.993917       0.072708        0.17661        0.00917        0.22029     0
   54736.931070       0.005694        0.15611        0.01427        0.94868     0
   54737.035345       0.034792        0.15747        0.00982        0.34152     0
   54739.439064       0.372041        0.16239        0.00790        0.05779     1
   54744.700929       0.139996        0.16663        0.00644        0.20357     1
   54750.771965       0.105803        0.10516        0.00822        0.19989     1
   54754.088545       0.006551        0.09876        0.01065        0.95756     1
   54761.746529       0.037476        0.19545        0.01580        0.15341     1
   54768.008008       0.007277        0.21467        0.01487        0.96821     1
   54775.392193       0.038362        0.37162        0.01732        0.24259     1
   54781.108778       0.005796        0.09810        0.01142        0.96517     1
   54789.485407       0.006943        0.12951        0.01300        0.96903     1
   54803.016424       0.002135        0.13741        0.02163        0.97671     1
   54810.102844       0.002717        0.52133        0.05125        0.61058     0
   54810.109978       0.004401        0.15006        0.01602        0.93952     1
   54812.109009       0.004183        0.16293        0.01729        0.96215     1
   54817.859264       0.134433        0.17136        0.00713        0.17976     1
   54827.308205       0.068168        0.14087        0.01329        0.08782     1
   55119.230560       0.170108        0.22377        0.01166        0.09346     1
   55120.371378       0.043184        0.25998        0.01394        0.40433     1
   55121.209031       0.140243        0.26919        0.01070        0.12267     1
   55122.347870       0.008338        0.11500        0.01016        0.96626     1
   55123.253851       0.101664        0.13348        0.02123        0.02336     1
   55124.355243       0.008628        0.12985        0.01058        0.98087     1
   55130.311247       0.008076        0.19009        0.01758        0.95396     1
   55137.055722       0.006072        0.21536        0.01637        0.96709     1
   55144.011923       0.004721        0.33375        0.02444        0.89293     1
   55146.357325       0.008526        0.31636        0.01643        0.97507     1
   55147.369519       0.006841        0.14297        0.01322        0.96177     1
   55148.337507       0.033292        0.17357        0.01046        0.33845     1
   55149.338266       0.033931        0.12071        0.00866        0.34870     1
   55150.344806       0.034251        0.17364        0.01036        0.34821     1
   55151.344412       0.034033        0.13513        0.00882        0.36724     1
   55158.197360       0.006101        0.15647        0.01382        0.97239     1
   55164.126539       0.037330        0.12019        0.01190        0.16384     1
   55172.876401       0.006885        0.18549        0.01419        0.98073     1
   55179.541409       0.037025        0.12156        0.01076        0.20507     1
   55193.207622       0.008338        0.16686        0.01464        0.97221     1
   55200.831635       0.005839        0.11456        0.01225        0.95503     1
   55207.121131       0.005258        0.04366        0.00825        0.97526     1
   55472.670807       0.006231        0.07973        0.00990        0.96930     1
   55476.350254       0.006667        0.10757        0.01101        0.97336     1
   55481.369802       0.068531        0.22503        0.01498        0.16187     1
   55482.378811       0.071305        0.19781        0.01147        0.15764     1
   55483.489163       0.102448        0.27718        0.01253        0.12910     1
   55484.429638       0.039756        0.32804        0.01405        0.31184     1
   55485.371364       0.098744        0.29778        0.01344        0.12038     1
   55486.377151       0.036720        0.36345        0.01427        0.35227     1
   55491.761407       0.007335        0.37865        0.01959        0.95782     1
   55498.186235       0.005389        0.03683        0.00957        0.98079     1
   55505.528221       0.006507        0.10982        0.01602        0.97142     1
   55512.419371       0.007684        0.19606        0.01433        0.96218     1
   55518.706728       0.007829        0.36164        0.01855        0.97577     1
   55528.212093       0.008004        0.05721        0.00918        0.96496     1
   55540.203049       0.005258        0.36851        0.02686        0.94092     1
   55547.560638       0.007379        0.43113        0.02814        0.97431     1
   55554.046449       0.005621        0.02469        0.00638        0.98466     1
   55561.065904       0.007016        0.20164        0.01456        0.97159     1
   55568.898135       0.006725        0.36017        0.01979        0.97914     1
   55575.184282       0.007379        0.46006        0.02148        0.96875     1
   55582.344249       0.007117        0.06831        0.00849        0.96896     1
   55589.115834       0.004822        0.19561        0.01763        0.93868     1
   55835.859342       0.037185        0.33983        0.02008        0.16875     1
   55842.652402       0.005215        0.26393        0.01954        0.97496     1
   55856.581836       0.005650        0.10984        0.01224        0.96430     1
   55870.280309       0.073833        0.25853        0.01689        0.11736     1
   55877.825959       0.005984        0.21612        0.01872        0.97104     1
   55884.252675       0.006319        0.12460        0.01565        0.96509     1
   55891.262357       0.005665        0.46111        0.03272        0.95535     1
   55897.389725       0.036619        0.34152        0.02042        0.16533     1
   55907.399458       0.005389        0.30576        0.02064        0.96801     1
   55911.215572       0.005244        0.11670        0.01291        0.96964     1
   55912.150974       0.005229        0.12990        0.01465        0.96898     1
   55913.220428       0.005244        0.22470        0.01809        0.96400     1
   55914.189715       0.038725        0.15499        0.01052        0.26314     1
   55915.189170       0.039960        0.20059        0.01194        0.37842     1
   55917.188148       0.039611        0.25850        0.01196        0.34796     1
   55918.191282       0.042051        0.27993        0.01237        0.32081     1
   55919.133961       0.040308        0.32272        0.01360        0.34032     1
   55920.157982       0.002513        0.08510        0.01613        0.96424     1
   55921.176721       0.000334        0.32750       -1.00000        0.83975     1
   55922.200834       0.039422        0.14666        0.00870        0.35095     1
   55923.177317       0.066425        0.17450        0.01044        0.17487     1
   55924.048838       0.003893        1.38718       -1.00000        0.04132     1
   55925.218699       0.036837        0.16690        0.01794        0.10254     1
   55926.144470       0.046496        0.16762        0.01067        0.23860     1
   55937.277096       0.006217        0.17695        0.01461        0.96801     1
   55940.139012       0.006101        0.18316        0.01516        0.97505     1
   55941.115730       0.039800        0.17930        0.01170        0.24364     1
   55942.119311       0.037621        0.24781        0.01411        0.26458     1
   55944.122165       0.036837        0.26915        0.01368        0.28729     1
   55946.124373       0.037418        0.23701        0.01249        0.30508     1
   55947.158692       0.005868        0.19599        0.01623        0.97040     1
   55954.328449       0.071538        0.16521        0.01211        0.11147     1
   55962.596372       0.104017        0.28948        0.00837        0.40569     1
   56206.599321       0.005491        0.09583        0.01192        0.96804     1
   56215.900929       0.005316        0.22495        0.01766        0.96279     1
   56219.107160       0.002324        0.18488        0.02480        0.93424     1
   56227.667470       0.002644        0.17412        0.02267        0.95188     1
   56234.500776       0.026277        0.18203        0.01493        0.22711     1
   56248.155087       0.006696        0.21307        0.01770        0.96068     1
   56255.429383       0.005999        0.38506        0.02186        0.97291     1
   56262.111161       0.004067        0.12205        0.01538        0.96045     1
   56269.339738       0.063011        0.31996        0.02139        0.08161     1
   56270.210556       0.008149        0.26356        0.01566        0.96933     1
   56272.239566       0.037505        0.20264        0.01572        0.19897     1
   56273.180540       0.030562        0.14240        0.01161        0.26705     1
   56275.155440       0.008425        0.15454        0.01195        0.97043     1
   56276.216557       0.008410        0.18850        0.01302        0.98229     1
   56278.151481       0.008904        0.20593        0.01302        0.96468     1
   56279.161559       0.008555        0.17462        0.01227        0.97061     1
   56283.094314       0.006333        0.29529        0.01865        0.97215     1
   56290.366932       0.007335        0.18389        0.01350        0.98214     1
   56297.776073       0.005839        0.08379        0.01846        0.96162     1
   56304.165780       0.036299        0.36533        0.02009        0.17730     1
   56311.131730       0.006420        0.10046        0.01109        0.97228     1
   56320.266795       0.104031        0.32830        0.01799        0.06943     1
   56584.679725       0.005679        0.11216        0.01230        0.97198     1
   56598.890645       0.005868        0.26241        0.02076        0.95823     1
   56605.623988       0.003660        0.29745        0.02464        0.95986     1
   56612.490888       0.005636        0.03752        0.01087        0.96950     1
   56619.190995       0.033975        0.11812        0.01176        0.24482     1
   56620.226964       0.007016        0.08495        0.00962        0.96250     1
   56621.257721       0.038086        0.15005        0.01087        0.24015     1
   56622.260727       0.036459        0.21432        0.01458        0.20340     1
   56623.228792       0.006580        0.23320        0.01627        0.95311     1
   56624.232696       0.006856        0.29445        0.01794        0.96760     1
   56625.231654       0.007205        0.15464        0.01315        0.96912     1
   56626.234519       0.007147        0.21503        0.01491        0.96348     1
   56627.267780       0.036386        0.28000        0.01642        0.20432     1
   56633.426770       0.101678        0.16135        0.02246        0.03043     1
   56634.255358       0.006420        0.09796        0.01152        0.95685     1
   56640.902090       0.037461        0.16893        0.01735        0.18724     1
   56647.930120       0.005984        0.17246        0.01454        0.96847     1
   56654.728409       0.005592        0.36676        0.02581        0.96870     1
   56661.399622       0.005912        0.13143        0.01339        0.94434     1
   56668.739528       0.006304        0.16601        0.01407        0.96325     1
   56675.333532       0.006014        0.19571        0.01557        0.96851     1
   56934.375569       0.004256        0.13394        0.01575        0.95539     1
   56944.776330       0.005578        0.27374        0.02052        0.94239     1
   56948.042381       0.005767        0.36944        0.02219        0.96751     1
   56948.881293       0.037432        0.38905        0.02312        0.20796     1
   56950.307071       0.005752        0.10943        0.01221        0.97711     1
   56951.302382       0.004532        0.12396        0.01426        0.96379     1
   56952.365012       0.005113        0.15203        0.01494        0.95758     1
   56953.297095       0.006377        0.14773        0.01305        0.96142     1
   56954.294913       0.005767        0.15435        0.01678        0.96851     1
   56960.968261       0.004634        0.13832        0.01482        0.97870     1
   56969.274609       0.006609        0.32042        0.01938        0.96866     1
   56975.244924       0.035631        0.41198        0.02092        0.19723     1
   56976.276368       0.006246        0.31719        0.01984        0.97239     1
   56983.256901       0.006260        0.10332        0.01216        0.95304     1
   57000.065676       0.067994        0.32097        0.01516        0.15845     1
   57001.128167       0.070419        0.21620        0.01115        0.18178     1
   57002.152883       0.032508        0.31746        0.01484        0.32463     1
   57003.119132       0.009296        0.30018        0.01899        0.94646     1
   57004.113681       0.006420        0.37464        0.02065        0.97040     1
   57018.190880       0.636172        0.17655        0.00845        0.03016     1
   57032.938216       0.000639        0.14961        0.04185        0.96307     1
   57039.061252       0.006101        0.21531        0.01618        0.96694     1
   57312.301594       0.271307        0.15581        0.01506        0.01873     1
   57319.082459       0.005723        0.28686        0.01928        0.96788     1
   57333.545318       0.365054        0.18846        0.02075        0.00864     1
   57347.861522       0.004416        0.20382        0.02413        0.95692     1
   57351.779418       0.005258        0.30584        0.02112        0.97188     1
   57359.372735       0.005011        0.23128        0.01864        0.95863     1
   57361.231086       0.006348        0.09176        0.01436        0.96796     1
   57363.158137       0.005040        0.20765        0.02303        0.96604     1
   57365.218118       0.005491        0.23674        0.01811        0.97136     1
   57367.211261       0.005389        0.48252        0.02598        0.97357     1
   57369.270629       0.005055        0.20850        0.02470        0.94830     1
   57371.197564       0.005897        0.31583        0.03267        0.94584     1
   57382.894333       0.005621        0.15727        0.01460        0.96626     1
   57388.144069       0.005897        0.18221        0.01619        0.96253     1
   57390.206961       0.005505        0.16437        0.01593        0.97839     1
   57392.131175       0.006319        0.28224        0.01817        0.97255     1
   57394.268026       0.005578        0.22010        0.01930        0.97416     1
   57396.120519       0.007248        0.29101        0.01732        0.95215     1
   57398.186815       0.005549        0.38182        0.02391        0.95875     1
   57403.073610       0.036110        0.38351        0.02233        0.15818     1
   57416.840102       0.170994        0.22121        0.01418        0.04662     1
   57424.977020       0.004198        0.38548        0.02622        0.95502     1
   57566.322394       0.171778        0.30203        0.01554        0.06357     1
   57569.183523       0.101155        0.07493        0.00905        0.10634     1
   57572.364017       0.104729        0.10588        0.01109        0.09581     1
   57575.092098       0.034237        0.18427        0.02656        0.06018     1
   57578.213978       0.103349        0.15605        0.01013        0.10663     1
   57581.071465       0.040889        0.16983        0.01103        0.26212     1
   57584.062936       0.037723        0.35536        0.01553        0.29629     1
   57587.215994       0.068691        0.31598        0.01460        0.16002     1
   57590.039001       0.036677        0.23632        0.01247        0.29619     1
   57645.387333       0.373101        0.21740        0.01176        0.03203     1
   57648.383591       0.040686        0.13513        0.01310        0.28793     1
   57651.234952       0.040018        0.10495        0.00976        0.25049     1
   57654.751007       0.169817        0.19035        0.01644        0.03028     1
   57657.419283       0.105702        0.26076        0.01942        0.05170     1
   57660.436368       0.202499        0.13997        0.01173        0.05125     1
   57661.338862       0.035413        0.13234        0.01351        0.15131     1
   57667.495312       0.069257        0.28956        0.01466        0.14447     1
   57669.331735       0.035616        0.30623        0.02078        0.14864     1
   57670.015041       0.001060        0.34010        0.04793        0.99612     1
   57673.116580       0.102855        0.21608        0.01249        0.09849     1
   57686.328898       0.038449        0.24335        0.01381        0.24876     1
   57689.509625       0.038260        0.32931        0.01501        0.28120     1
   57692.893744       0.036096        0.39666        0.01591        0.32335     1
   57695.956320       0.043678        0.30726        0.01412        0.25634     1
   57720.289725       0.038725        0.34156        0.01512        0.28638     1
   57723.611399       0.309421        0.33379        0.01485        0.03609     1
   57726.203627       0.038710        0.37009        0.01738        0.28879     1
   57729.723003       0.036691        0.10081        0.01062        0.29511     1
   57732.568863       0.037374        0.11175        0.00868        0.29872     1
   57735.155864       0.035079        0.20368        0.01174        0.31747     1
   57738.757513       0.037592        0.12215        0.00917        0.29111     1
   57741.075811       0.044303        0.23908        0.01308        0.24811     1
   57742.964214       0.005926        0.24423        0.01759        0.96570     1
   57743.960489       0.006144        0.27202        0.01810        0.96874     1
   57744.320522       0.034309        0.24771        0.01752        0.17697     1
   57747.313926       0.038827        0.17256        0.01030        0.30402     1
   57750.106477       0.034483        0.15555        0.01053        0.31064     1
   57770.821143       0.133678        0.20088        0.01206        0.07665     1
   57774.836227       0.038042        0.26798        0.01322        0.29971     1
   57775.437878       0.432946        0.27431        0.01329        0.02619     1
   57778.754695       0.041107        0.30782        0.01493        0.25140     1
   57781.738095       0.036168        0.20252        0.01152        0.30180     1
   57784.206169       0.036139        0.15212        0.01009        0.29669     1
   57787.580869       0.169803        0.13073        0.01083        0.05046     1
   57790.835290       0.034818        0.21127        0.01561        0.29896     1
   57793.394167       0.005679        0.12211        0.01261        0.98210     1
   57796.220770       0.102826        0.22733        0.01570        0.10361     1
   57799.080789       0.034483        0.26380        0.01374        0.29604     1
   57802.498489       0.398709        0.32661        0.01374        0.03172     1
   57805.248798       0.039349        0.11954        0.00879        0.29952     1
   57808.900442       0.037040        0.10577        0.01035        0.22309     1
   57823.839705       0.138747        0.34695        0.01518        0.07849     1
   57826.894159       0.068342        0.31015        0.01363        0.17971     1
   57829.109322       0.101068        0.31073        0.01525        0.09882     1
   57832.304686       0.032784        0.17321        0.01075        0.33247     1
   57835.765702       0.232044        0.12650        0.00976        0.04239     1
   57838.279805       0.041717        0.20614        0.01191        0.25490     1
   57841.670164       0.103436        0.17752        0.01045        0.11652     1
   57844.291693       0.006202        0.37398        0.02154        0.95209     1
   57847.805319       0.007844        0.14159        0.01313        0.79245     1
   57850.104251       0.096435        0.08645        0.00736        0.12584     1
   57853.055038       0.335916        0.22292        0.01212        0.03296     1
   57856.940696       0.032203        0.29877        0.01434        0.32544     1
   57859.326595       0.037258        0.20521        0.01120        0.32446     1
   57862.021400       0.005679        0.19600        0.01640        0.97232     1
   57865.541507       0.134157        0.17228        0.01901        0.02639     1
   57918.689489       0.204257        0.13769        0.01359        0.02782     1
   57927.572291       0.239481        0.25874        0.01940        0.04772     1
   57930.657221       0.335771        0.18312        0.01263        0.02517     1
   57936.069659       0.041441        0.24121        0.01077        0.36215     1
   57938.894046       0.008018        0.15547        0.01222        0.96916     1
   57942.510659       0.034469        0.10125        0.00843        0.31030     1
   57945.467276       0.005607        0.25187        0.01871        0.96319     1
   57951.083953       0.038943        0.30159        0.01390        0.31073     1
   57954.236711       0.138239        0.15692        0.01304        0.08150     1
   57957.919818       0.032944        0.09137        0.00987        0.33353     1
   57960.042505       0.036633        0.21427        0.01215        0.29493     1
   57963.594384       0.009761        0.19445        0.01209        0.96248     1
   57977.161026       0.070216        0.41043        0.01638        0.16005     1
   57981.818869       0.002629        0.16996        0.02260        0.96144     1
   57983.545657       0.068604        0.12716        0.01413        0.11539     1
   57985.238334       0.236010        0.16649        0.01594        0.02617     1
   57989.481077       0.427223        0.23358        0.01244        0.02696     1
   57991.378523       0.130482        0.25055        0.01140        0.10613     1
   57999.838458       0.035820        0.31942        0.01540        0.30437     1
   58001.104004       0.042502        0.40298        0.02236        0.26778     1
   58003.952131       0.034629        0.43458        0.01723        0.32110     1
   58005.281588       0.034919        0.14209        0.00955        0.32077     1
   58007.184325       0.070536        0.15784        0.01032        0.15417     1
   58042.323149       0.006028        0.26760        0.01842        0.94429     1
   58043.314594       0.005520        0.28652        0.02087        0.90946     1
   58044.319462       0.005491        0.23081        0.01783        0.95736     1
   58045.315555       0.006638        0.21158        0.01832        0.92779     1
   58046.301414       0.006188        0.11974        0.01301        0.93170     1
   58047.297448       0.005999        0.09696        0.01149        0.91258     1
   58048.303006       0.007277        0.16040        0.01333        0.90910     1
   58049.300720       0.006202        0.19355        0.01567        0.91756     1
   58050.285993       0.006319        0.17978        0.01518        0.90237     1
   58402.304617       0.006493        0.33832        0.02134        0.96882     1
   58404.303904       0.005781        0.33472        0.02204        0.96714     1
   58406.346913       0.005854        0.72106        0.04351        0.96119     1
   58454.139726       0.036604        0.35809        0.01531        0.43071     1
   58456.190325       0.040206        0.38198        0.01341        0.38730     1
   58458.180051       0.037984        0.24807        0.01795        0.22979     1
   58565.893059       0.037011        0.55780        0.02548        0.46015     1
   59143.386991       0.006725        0.37843        0.02984        0.95847     1
   59145.378553       0.006856        0.24601        0.02389        0.94008     1
   59147.365727       0.005810        0.24104        0.02516        0.96276     1
   59168.218198       0.005403        0.26671        0.02008        0.97583     1
   59170.218162       0.006130        0.32656        0.01989        0.96701     1
   59172.266699       0.005476        0.20262        0.01670        0.96781     1
   59174.260537       0.006086        0.42301        0.02350        0.95704     1
   59196.233284       0.004212        0.27211        0.02181        0.97292     1
   59197.228377       0.004154        0.40101        0.02712        0.97445     1
   59198.223561       0.004881        0.28911        0.02132        0.96656     1
   59199.182607       0.034716        0.34042        0.03221        0.07376     1
   59200.146591       0.005476        0.37939        0.02956        0.95760     1
   59201.207610       0.003501        0.21704        0.02256        0.96698     1
   59202.201649       0.005941        0.38135        0.02209        0.95829     1
   59222.127054       0.004866        0.15037        0.01546        0.96721     1
   59223.131942       0.004837        0.31715        0.02719        0.96976     1
   59224.109580       0.001511        0.15734        0.02873        0.96670     1
   59225.104759       0.001467        0.30465        0.03955        0.96503     1
   59226.117126       0.004561        0.30601        0.03063        0.95512     1
   59227.109241       0.009471        0.36004        0.01676        0.98091     1
   59228.101736       0.005186        0.43183        0.02530        0.96182     1
   59512.580879       0.335771        0.21740        0.01730        0.02828     1
   59520.751772       0.069751        0.24544        0.01330        0.15321     1
   59522.614618       0.009659        0.32068        0.01614        0.96783     1
   59524.675128       0.004721        0.26828        0.02102        0.96152     1
   59526.628812       0.111439        0.18738        0.01134        0.09638     1
   59528.417736       0.176702        0.27006        0.01307        0.06368     1
   59530.431940       0.266644        0.12782        0.01068        0.03997     1
   59532.164316       0.009964        0.16152        0.01115        0.96574     1
   59534.158583       0.077479        0.11647        0.01264        0.14292     1
   59536.482800       0.009543        0.22591        0.01338        0.95981     1
   59538.006091       0.144586        0.25846        0.01337        0.07295     1
   59981.678281       0.072380        0.18180        0.01275        0.11476     1
   59983.465477       0.206697        0.19721        0.01131        0.05361     1
   59987.509672       0.205593        0.22350        0.01310        0.04766     1
   59989.265152       0.237622        0.33923        0.01516        0.04479     1
   59991.213512       0.008672        0.39920        0.01895        0.97080     1
   59993.620891       0.235327        0.30895        0.01688        0.05022     1
   59996.202269       0.369237        0.12375        0.01118        0.02525     1
   59997.831811       0.137614        0.09520        0.00726        0.09704     1
   59999.909583       0.366085        0.15364        0.00962        0.03342     1
   60001.205491       0.129189        0.14192        0.01185        0.07652     1
   60003.916079       0.008890        0.16362        0.01256        0.94727     1
   60005.468239       0.431711        0.16899        0.01008        0.03062     1
