61202.50  3.50  2.49e-07  0.00e+00    0.00    0.00
61209.50  3.50  4.31e-07  0.00e+00    0.00    0.00
61216.50  3.50  9.71e-08  0.00e+00    0.00    0.00
61223.50  3.50  2.22e-07  0.00e+00    0.00    0.00
61230.50  3.50  1.12e-07  0.00e+00    0.00    0.00
61237.50  3.50  1.28e-07  0.00e+00    0.00    0.00
61244.50  3.50  1.81e-07  0.00e+00    0.00    0.00
61251.50  3.50  2.11e-08  0.00e+00    0.00    0.00
61258.50  3.50  6.39e-08  0.00e+00    0.00    0.00
61265.50  3.50  8.72e-08  0.00e+00    0.00    0.00
61272.50  3.50  1.29e-07  0.00e+00    0.00    0.00
61279.50  3.50  6.49e-08  0.00e+00    0.00    0.00
61286.50  3.50  1.34e-07  0.00e+00    0.00    0.00
61293.50  3.50  4.17e-08  0.00e+00    0.00    0.00
