61209.50  0.50  3.25e-06  0.00e+00    0.00    0.00
61210.50  0.50  7.81e-06  0.00e+00    0.00    0.00
61211.50  0.50  1.04e-05  0.00e+00    0.00    0.00
61212.50  0.50  1.42e-05  0.00e+00    0.00    0.00
61213.50  0.50  5.89e-06  0.00e+00    0.00    0.00
61214.50  0.50  4.79e-06  0.00e+00    0.00    0.00
61215.50  0.50  3.36e-06  0.00e+00    0.00    0.00
61216.50  0.50  1.17e-06  0.00e+00    0.00    0.00
61217.50  0.50  5.33e-07  0.00e+00    0.00    0.00
61218.50  0.50  3.43e-07  0.00e+00    0.00    0.00
61219.50  0.50  1.35e-06  0.00e+00    0.00    0.00
61220.50  0.50  1.19e-06  0.00e+00    0.00    0.00
61221.50  0.50  3.36e-07  0.00e+00    0.00    0.00
61222.50  0.50  6.93e-07  0.00e+00    0.00    0.00
61223.50  0.50  6.46e-07  0.00e+00    0.00    0.00
61224.50  0.50  3.63e-07  0.00e+00    0.00    0.00
61225.50  0.50  3.30e-07  0.00e+00    0.00    0.00
61226.50  0.50  6.40e-07  0.00e+00    0.00    0.00
61227.50  0.50  1.83e-07  0.00e+00    0.00    0.00
61228.50  0.50  1.22e-07  0.00e+00    0.00    0.00
61229.50  0.50  7.02e-07  0.00e+00    0.00    0.00
61230.50  0.50  1.58e-07  0.00e+00    0.00    0.00
61231.50  0.50  4.98e-07  0.00e+00    0.00    0.00
61232.50  0.50  3.87e-07  0.00e+00    0.00    0.00
61233.50  0.50  5.42e-07  0.00e+00    0.00    0.00
61234.50  0.50  2.86e-07  0.00e+00    0.00    0.00
61235.50  0.50  1.32e-07  0.00e+00    0.00    0.00
61236.50  0.50  1.11e-07  0.00e+00    0.00    0.00
61237.50  0.50  9.66e-08  0.00e+00    0.00    0.00
61238.50  0.50  1.31e-07  0.00e+00    0.00    0.00
61239.50  0.50  9.43e-07  0.00e+00    0.00    0.00
61240.50  0.50  9.13e-08  0.00e+00    0.00    0.00
61241.50  0.50  1.05e-07  0.00e+00    0.00    0.00
61242.50  0.50  4.99e-07  0.00e+00    0.00    0.00
61243.50  0.50  5.64e-07  0.00e+00    0.00    0.00
61244.50  0.50  2.95e-07  0.00e+00    0.00    0.00
61245.50  0.50  3.67e-07  0.00e+00    0.00    0.00
61246.50  0.50  7.38e-07  0.00e+00    0.00    0.00
61247.50  0.50  2.78e-07  0.00e+00    0.00    0.00
61248.50  0.50  1.20e-07  0.00e+00    0.00    0.00
61249.50  0.50  1.08e-07  0.00e+00    0.00    0.00
61250.50  0.50  6.03e-07  0.00e+00    0.00    0.00
61251.50  0.50  3.15e-07  0.00e+00    0.00    0.00
61252.50  0.50  1.99e-07  0.00e+00    0.00    0.00
61253.50  0.50  1.71e-07  0.00e+00    0.00    0.00
61254.50  0.50  1.05e-07  0.00e+00    0.00    0.00
61255.50  0.50  2.77e-07  0.00e+00    0.00    0.00
61256.50  0.50  2.77e-07  0.00e+00    0.00    0.00
61257.50  0.50  5.43e-07  0.00e+00    0.00    0.00
61258.50  0.50  3.93e-07  0.00e+00    0.00    0.00
61259.50  0.50  1.07e-07  0.00e+00    0.00    0.00
61260.50  0.50  8.11e-08  0.00e+00    0.00    0.00
61261.50  0.50  1.15e-07  0.00e+00    0.00    0.00
61262.50  0.50  4.84e-07  0.00e+00    0.00    0.00
61263.50  0.50  1.20e-07  0.00e+00    0.00    0.00
61264.50  0.50  1.99e-07  0.00e+00    0.00    0.00
61265.50  0.50  2.37e-07  0.00e+00    0.00    0.00
61266.50  0.50  1.72e-07  0.00e+00    0.00    0.00
61267.50  0.50  5.32e-07  0.00e+00    0.00    0.00
61268.50  0.50  1.87e-07  0.00e+00    0.00    0.00
61269.50  0.50  3.21e-07  0.00e+00    0.00    0.00
61270.50  0.50  2.17e-07  0.00e+00    0.00    0.00
61271.50  0.50  2.43e-07  0.00e+00    0.00    0.00
61272.50  0.50  1.07e-07  0.00e+00    0.00    0.00
61273.50  0.50  4.48e-07  0.00e+00    0.00    0.00
61274.50  0.50  1.52e-07  0.00e+00    0.00    0.00
61275.50  0.50  1.29e-07  0.00e+00    0.00    0.00
61276.50  0.50  1.07e-07  0.00e+00    0.00    0.00
61277.50  0.50  3.64e-07  0.00e+00    0.00    0.00
61278.50  0.50  1.82e-07  0.00e+00    0.00    0.00
61279.50  0.50  2.25e-07  0.00e+00    0.00    0.00
61280.50  0.50  2.35e-07  0.00e+00    0.00    0.00
61281.50  0.50  1.29e-07  0.00e+00    0.00    0.00
61282.50  0.50  3.72e-07  0.00e+00    0.00    0.00
61283.50  0.50  3.63e-07  0.00e+00    0.00    0.00
61284.50  0.50  3.49e-07  0.00e+00    0.00    0.00
61285.50  0.50  2.88e-07  0.00e+00    0.00    0.00
61286.50  0.50  2.21e-07  0.00e+00    0.00    0.00
61287.50  0.50  3.99e-07  0.00e+00    0.00    0.00
61288.50  0.50  2.17e-07  0.00e+00    0.00    0.00
61289.50  0.50  5.58e-07  0.00e+00    0.00    0.00
61290.50  0.50  8.80e-08  0.00e+00    0.00    0.00
61291.50  0.50  7.73e-08  0.00e+00    0.00    0.00
61292.50  0.50  1.09e-07  0.00e+00    0.00    0.00
61293.50  0.50  6.16e-07  0.00e+00    0.00    0.00
61294.50  0.50  2.42e-07  0.00e+00    0.00    0.00
61295.50  0.50  1.34e-07  0.00e+00    0.00    0.00
61296.50  0.50  3.15e-07  0.00e+00    0.00    0.00
61297.50  0.50  6.64e-07  0.00e+00    0.00    0.00
61298.50  0.50  1.23e-07  0.00e+00    0.00    0.00
61299.50  0.50  3.20e-07  0.00e+00    0.00    0.00
61300.50  0.50  2.06e-07  0.00e+00    0.00    0.00
61301.50  0.50  4.06e-07  0.00e+00    0.00    0.00
61302.50  0.50  2.51e-07  0.00e+00    0.00    0.00
61303.50  0.50  3.24e-07  0.00e+00    0.00    0.00
61304.50  0.50  3.52e-07  0.00e+00    0.00    0.00
61305.50  0.50  1.56e-07  0.00e+00    0.00    0.00
61306.50  0.50  2.11e-07  0.00e+00    0.00    0.00
61307.50  0.50  1.02e-07  0.00e+00    0.00    0.00
61308.50  0.50  2.34e-07  0.00e+00    0.00    0.00
