61202.50  3.50  3.08e-08  0.00e+00    0.00    0.00
61209.50  3.50  2.82e-08  0.00e+00    0.00    0.00
61216.50  3.50  2.26e-08  0.00e+00    0.00    0.00
61223.50  3.50  5.59e-09  0.00e+00    0.00    0.00
61230.50  3.50  1.03e-08  0.00e+00    0.00    0.00
61237.50  3.50  4.68e-09  0.00e+00    0.00    0.00
61244.50  3.50  2.63e-09  0.00e+00    0.00    0.00
61251.50  3.50  6.30e-09  0.00e+00    0.00    0.00
61258.50  3.50  2.88e-09  0.00e+00    0.00    0.00
61265.50  3.50  1.47e-08  0.00e+00    0.00    0.00
61272.50  3.50  3.01e-09  0.00e+00    0.00    0.00
61279.50  3.50  8.94e-09  0.00e+00    0.00    0.00
61286.50  3.50  2.23e-09  0.00e+00    0.00    0.00
61293.50  3.50  7.48e-09  0.00e+00    0.00    0.00
