61209.50  3.50  2.62e-07  2.39e-09    0.93    0.06
61216.50  3.50  3.20e-07  1.34e-08    1.13    0.07
61223.50  3.50  3.02e-07  1.37e-08    1.06    0.07
61230.50  3.50  3.96e-07  3.30e-08    1.40    0.09
61237.50  3.50  2.41e-07  1.01e-08    0.85    0.05
61244.50  3.50  2.36e-07  1.47e-08    0.83    0.05
61251.50  3.50  1.96e-07  3.78e-08    0.69    0.04
61258.50  3.50  2.43e-07  4.68e-09    0.86    0.05
61265.50  3.50  1.46e-07  1.08e-08    0.51    0.03
61272.50  3.50  1.31e-07  2.55e-09    0.46    0.03
61279.50  3.50  9.70e-08  1.06e-08    0.34    0.02
61286.50  3.50  1.25e-07  9.89e-09    0.44    0.03
61293.50  3.50  1.92e-07  9.15e-09    0.68    0.04
61300.50  3.50  3.23e-07  2.14e-09    1.14    0.07
