61209.50  0.50  5.34e-08  0.00e+00    0.00    0.00
61210.50  0.50  3.56e-08  0.00e+00    0.00    0.00
61211.50  0.50  6.31e-08  0.00e+00    0.00    0.00
61212.50  0.50  2.17e-08  0.00e+00    0.00    0.00
61213.50  0.50  4.64e-08  0.00e+00    0.00    0.00
61214.50  0.50  4.71e-08  0.00e+00    0.00    0.00
61215.50  0.50  1.19e-08  0.00e+00    0.00    0.00
61216.50  0.50  4.97e-08  0.00e+00    0.00    0.00
61217.50  0.50  5.76e-08  0.00e+00    0.00    0.00
61218.50  0.50  2.16e-08  0.00e+00    0.00    0.00
61219.50  0.50  3.42e-08  1.86e-09    1.87    0.12
61220.50  0.50  4.66e-08  0.00e+00    0.00    0.00
61221.50  0.50  3.69e-08  6.20e-09    2.02    0.13
61222.50  0.50  9.58e-08  0.00e+00    0.00    0.00
61223.50  0.50  8.90e-08  0.00e+00    0.00    0.00
61224.50  0.50  1.85e-08  0.00e+00    0.00    0.00
61225.50  0.50  1.19e-07  0.00e+00    0.00    0.00
61226.50  0.50  9.21e-08  0.00e+00    0.00    0.00
61227.50  0.50  1.03e-07  0.00e+00    0.00    0.00
61228.50  0.50  6.23e-08  0.00e+00    0.00    0.00
61229.50  0.50  9.80e-08  0.00e+00    0.00    0.00
61230.50  0.50  6.62e-08  0.00e+00    0.00    0.00
61231.50  0.50  1.87e-08  0.00e+00    0.00    0.00
61232.50  0.50  1.77e-08  0.00e+00    0.00    0.00
61233.50  0.50  2.03e-08  0.00e+00    0.00    0.00
61234.50  0.50  2.28e-08  0.00e+00    0.00    0.00
61235.50  0.50  7.68e-08  0.00e+00    0.00    0.00
61236.50  0.50  4.85e-08  2.28e-08    2.66    0.17
61237.50  0.50  4.33e-08  0.00e+00    0.00    0.00
61238.50  0.50  3.78e-08  0.00e+00    0.00    0.00
61239.50  0.50  3.58e-08  0.00e+00    0.00    0.00
61240.50  0.50  4.31e-08  0.00e+00    0.00    0.00
61241.50  0.50  5.97e-08  0.00e+00    0.00    0.00
61242.50  0.50  1.87e-08  0.00e+00    0.00    0.00
61243.50  0.50  5.05e-08  0.00e+00    0.00    0.00
61244.50  0.50  4.06e-08  0.00e+00    0.00    0.00
61245.50  0.50  3.51e-08  0.00e+00    0.00    0.00
61246.50  0.50  6.75e-08  0.00e+00    0.00    0.00
61247.50  0.50  2.91e-08  0.00e+00    0.00    0.00
61248.50  0.50  3.95e-08  0.00e+00    0.00    0.00
61249.50  0.50  1.98e-08  0.00e+00    0.00    0.00
61250.50  0.50  4.37e-08  0.00e+00    0.00    0.00
61251.50  0.50  2.39e-08  0.00e+00    0.00    0.00
61252.50  0.50  4.98e-08  0.00e+00    0.00    0.00
61253.50  0.50  5.00e-08  6.21e-09    2.74    0.17
61254.50  0.50  9.88e-09  0.00e+00    0.00    0.00
61255.50  0.50  1.31e-08  0.00e+00    0.00    0.00
61256.50  0.50  4.42e-08  0.00e+00    0.00    0.00
61257.50  0.50  5.79e-08  1.86e-08    3.17    0.20
61258.50  0.50  2.05e-08  0.00e+00    0.00    0.00
61259.50  0.50  2.69e-08  0.00e+00    0.00    0.00
61260.50  0.50  4.61e-08  0.00e+00    0.00    0.00
61261.50  0.50  4.88e-08  0.00e+00    0.00    0.00
61262.50  0.50  4.22e-08  0.00e+00    0.00    0.00
61263.50  0.50  4.01e-08  0.00e+00    0.00    0.00
61264.50  0.50  4.29e-08  0.00e+00    0.00    0.00
61265.50  0.50  1.50e-08  0.00e+00    0.00    0.00
61266.50  0.50  1.63e-08  0.00e+00    0.00    0.00
61267.50  0.50  6.23e-08  0.00e+00    0.00    0.00
61268.50  0.50  3.72e-08  0.00e+00    0.00    0.00
61269.50  0.50  2.57e-08  0.00e+00    0.00    0.00
61270.50  0.50  1.68e-08  0.00e+00    0.00    0.00
61271.50  0.50  4.06e-08  0.00e+00    0.00    0.00
61272.50  0.50  4.19e-08  0.00e+00    0.00    0.00
61273.50  0.50  1.44e-08  0.00e+00    0.00    0.00
61274.50  0.50  4.00e-08  0.00e+00    0.00    0.00
61275.50  0.50  4.49e-08  0.00e+00    0.00    0.00
61276.50  0.50  4.36e-08  0.00e+00    0.00    0.00
61277.50  0.50  2.17e-08  0.00e+00    0.00    0.00
61278.50  0.50  4.72e-08  0.00e+00    0.00    0.00
61279.50  0.50  4.97e-08  0.00e+00    0.00    0.00
61280.50  0.50  5.53e-08  0.00e+00    0.00    0.00
61281.50  0.50  3.94e-08  0.00e+00    0.00    0.00
61282.50  0.50  2.36e-08  0.00e+00    0.00    0.00
61283.50  0.50  1.85e-08  0.00e+00    0.00    0.00
61284.50  0.50  2.56e-08  0.00e+00    0.00    0.00
61285.50  0.50  4.16e-08  0.00e+00    0.00    0.00
61286.50  0.50  1.79e-08  0.00e+00    0.00    0.00
61287.50  0.50  8.39e-08  0.00e+00    0.00    0.00
61288.50  0.50  5.63e-08  0.00e+00    0.00    0.00
61289.50  0.50  6.53e-08  0.00e+00    0.00    0.00
61290.50  0.50  5.08e-08  0.00e+00    0.00    0.00
61291.50  0.50  1.90e-08  0.00e+00    0.00    0.00
61292.50  0.50  5.55e-08  0.00e+00    0.00    0.00
61293.50  0.50  2.19e-08  0.00e+00    0.00    0.00
61294.50  0.50  3.34e-08  0.00e+00    0.00    0.00
61295.50  0.50  5.31e-08  0.00e+00    0.00    0.00
61296.50  0.50  5.64e-08  0.00e+00    0.00    0.00
61297.50  0.50  5.43e-08  0.00e+00    0.00    0.00
61298.50  0.50  3.87e-08  5.46e-09    2.12    0.13
61299.50  0.50  5.44e-08  0.00e+00    0.00    0.00
61300.50  0.50  4.39e-08  1.64e-08    2.40    0.15
61301.50  0.50  4.63e-08  0.00e+00    0.00    0.00
61302.50  0.50  4.65e-08  0.00e+00    0.00    0.00
61303.50  0.50  5.35e-08  0.00e+00    0.00    0.00
61304.50  0.50  3.47e-08  0.00e+00    0.00    0.00
61305.50  0.50  6.41e-08  0.00e+00    0.00    0.00
61306.50  0.50  7.02e-08  0.00e+00    0.00    0.00
61307.50  0.50  4.75e-08  0.00e+00    0.00    0.00
61308.50  0.50  6.58e-08  2.95e-08    3.60    0.22
