61202.50  0.50  2.94e-07  0.00e+00    0.00    0.00
61203.50  0.50  3.00e-07  2.86e-08    1.06    0.07
61204.50  0.50  6.66e-07  5.18e-08    2.35    0.15
61205.50  0.50  2.71e-07  0.00e+00    0.00    0.00
61206.50  0.50  1.89e-07  5.11e-09    0.67    0.04
61207.50  0.50  2.87e-07  0.00e+00    0.00    0.00
61208.50  0.50  2.34e-07  0.00e+00    0.00    0.00
61209.50  0.50  2.69e-07  1.00e-07    0.95    0.06
61210.50  0.50  5.81e-07  4.39e-08    2.05    0.13
61211.50  0.50  4.10e-07  1.25e-07    1.44    0.09
61212.50  0.50  3.85e-07  0.00e+00    0.00    0.00
61213.50  0.50  4.92e-07  1.16e-07    1.73    0.11
61214.50  0.50  4.14e-07  1.06e-07    1.46    0.09
61215.50  0.50  2.72e-07  0.00e+00    0.00    0.00
61216.50  0.50  3.19e-07  0.00e+00    0.00    0.00
61217.50  0.50  2.59e-07  3.59e-08    0.91    0.06
61218.50  0.50  3.66e-07  0.00e+00    0.00    0.00
61219.50  0.50  5.34e-07  3.24e-08    1.88    0.12
61220.50  0.50  3.35e-07  3.48e-08    1.18    0.07
61221.50  0.50  2.06e-07  7.11e-08    0.73    0.05
61222.50  0.50  4.25e-07  6.27e-09    1.50    0.09
61223.50  0.50  3.90e-07  0.00e+00    0.00    0.00
61224.50  0.50  4.24e-07  0.00e+00    0.00    0.00
61225.50  0.50  6.21e-07  6.61e-08    2.19    0.14
61226.50  0.50  4.87e-07  0.00e+00    0.00    0.00
61227.50  0.50  5.63e-07  0.00e+00    0.00    0.00
61228.50  0.50  8.52e-07  0.00e+00    0.00    0.00
61229.50  0.50  6.52e-07  2.43e-07    2.30    0.14
61230.50  0.50  5.49e-07  7.56e-08    1.93    0.12
61231.50  0.50  5.19e-07  0.00e+00    0.00    0.00
61232.50  0.50  5.35e-07  0.00e+00    0.00    0.00
61233.50  0.50  8.17e-07  0.00e+00    0.00    0.00
61234.50  0.50  3.00e-07  0.00e+00    0.00    0.00
61235.50  0.50  4.38e-07  0.00e+00    0.00    0.00
61236.50  0.50  1.64e-07  2.81e-08    0.58    0.04
61237.50  0.50  5.63e-07  0.00e+00    0.00    0.00
61238.50  0.50  2.92e-07  0.00e+00    0.00    0.00
61239.50  0.50  5.97e-07  1.52e-07    2.11    0.13
61240.50  0.50  3.49e-07  0.00e+00    0.00    0.00
61241.50  0.50  1.64e-07  5.07e-09    0.58    0.04
61242.50  0.50  3.94e-07  0.00e+00    0.00    0.00
61243.50  0.50  6.50e-07  0.00e+00    0.00    0.00
61244.50  0.50  7.12e-07  0.00e+00    0.00    0.00
61245.50  0.50  3.28e-07  0.00e+00    0.00    0.00
61246.50  0.50  2.67e-07  0.00e+00    0.00    0.00
61247.50  0.50  5.61e-07  0.00e+00    0.00    0.00
61248.50  0.50  3.89e-07  0.00e+00    0.00    0.00
61249.50  0.50  1.97e-07  0.00e+00    0.00    0.00
61250.50  0.50  2.93e-07  0.00e+00    0.00    0.00
61251.50  0.50  4.61e-07  0.00e+00    0.00    0.00
61252.50  0.50  5.41e-07  0.00e+00    0.00    0.00
61253.50  0.50  1.74e-07  1.21e-08    0.61    0.04
61254.50  0.50  3.19e-07  0.00e+00    0.00    0.00
61255.50  0.50  5.30e-07  0.00e+00    0.00    0.00
61256.50  0.50  3.01e-07  0.00e+00    0.00    0.00
61257.50  0.50  6.54e-07  2.46e-08    2.31    0.14
61258.50  0.50  2.80e-07  0.00e+00    0.00    0.00
61259.50  0.50  2.01e-07  0.00e+00    0.00    0.00
61260.50  0.50  3.14e-07  1.17e-07    1.11    0.07
61261.50  0.50  2.28e-07  2.22e-08    0.80    0.05
61262.50  0.50  2.36e-07  0.00e+00    0.00    0.00
61263.50  0.50  4.22e-07  0.00e+00    0.00    0.00
61264.50  0.50  3.00e-07  0.00e+00    0.00    0.00
61265.50  0.50  2.58e-07  0.00e+00    0.00    0.00
61266.50  0.50  4.01e-07  0.00e+00    0.00    0.00
61267.50  0.50  1.69e-07  0.00e+00    0.00    0.00
61268.50  0.50  2.66e-07  0.00e+00    0.00    0.00
61269.50  0.50  3.24e-07  0.00e+00    0.00    0.00
61270.50  0.50  1.41e-07  0.00e+00    0.00    0.00
61271.50  0.50  2.83e-07  0.00e+00    0.00    0.00
61272.50  0.50  1.20e-07  0.00e+00    0.00    0.00
61273.50  0.50  6.02e-07  0.00e+00    0.00    0.00
61274.50  0.50  5.45e-07  0.00e+00    0.00    0.00
61275.50  0.50  2.75e-07  0.00e+00    0.00    0.00
61276.50  0.50  4.97e-07  0.00e+00    0.00    0.00
61277.50  0.50  3.37e-07  0.00e+00    0.00    0.00
61278.50  0.50  1.34e-07  0.00e+00    0.00    0.00
61279.50  0.50  3.76e-07  0.00e+00    0.00    0.00
61280.50  0.50  1.65e-07  0.00e+00    0.00    0.00
61281.50  0.50  2.67e-07  0.00e+00    0.00    0.00
61282.50  0.50  3.80e-07  0.00e+00    0.00    0.00
61283.50  0.50  7.13e-07  0.00e+00    0.00    0.00
61284.50  0.50  3.93e-07  0.00e+00    0.00    0.00
61285.50  0.50  5.15e-07  0.00e+00    0.00    0.00
61286.50  0.50  2.77e-07  0.00e+00    0.00    0.00
61287.50  0.50  1.43e-07  6.52e-08    0.50    0.03
61288.50  0.50  1.12e-07  0.00e+00    0.00    0.00
61289.50  0.50  2.61e-07  0.00e+00    0.00    0.00
61290.50  0.50  3.40e-07  0.00e+00    0.00    0.00
61291.50  0.50  4.52e-07  0.00e+00    0.00    0.00
61292.50  0.50  4.13e-07  0.00e+00    0.00    0.00
61293.50  0.50  5.38e-07  0.00e+00    0.00    0.00
61294.50  0.50  4.58e-07  0.00e+00    0.00    0.00
61295.50  0.50  3.66e-07  0.00e+00    0.00    0.00
61296.50  0.50  2.80e-07  0.00e+00    0.00    0.00
61297.50  0.50  2.38e-07  0.00e+00    0.00    0.00
61298.50  0.50  4.08e-07  6.20e-08    1.44    0.09
61299.50  0.50  2.86e-07  4.52e-08    1.01    0.06
61300.50  0.50  2.29e-07  2.73e-08    0.81    0.05
61301.50  0.50  3.89e-07  4.46e-08    1.37    0.09
