61209.50  3.50  1.85e-08  8.97e-10    1.01    0.06
61216.50  3.50  1.78e-08  3.19e-09    0.97    0.06
61223.50  3.50  2.92e-08  6.19e-09    1.60    0.10
61230.50  3.50  2.44e-08  0.00e+00    0.00    0.00
61237.50  3.50  1.77e-08  1.78e-09    0.97    0.06
61244.50  3.50  1.26e-08  4.32e-09    0.69    0.04
61251.50  3.50  1.28e-08  1.49e-09    0.70    0.04
61258.50  3.50  1.96e-08  4.28e-09    1.08    0.07
61265.50  3.50  1.66e-08  0.00e+00    0.00    0.00
61272.50  3.50  1.64e-08  0.00e+00    0.00    0.00
61279.50  3.50  6.79e-09  2.33e-09    0.37    0.02
61286.50  3.50  1.47e-08  2.52e-09    0.80    0.05
61293.50  3.50  1.99e-08  0.00e+00    0.00    0.00
61300.50  3.50  2.76e-08  5.41e-09    1.51    0.09
