/*
**
**  Swift/XRT light curve for BL Lacertae.
**
**  Data taken from the automatic processing at http://www.swift.psu.edu/monitoring/
**
**  When using these data and results in publications, please reference M.C. Stroh & A.D. Falcone 2013, ApJS, 207, 28; arXiv: 1305.4949.
**
**  Key:
**
**   BinCenter      - Center of time bin (MJD)
**   BinHW          - One-half of the full time bin size (days)
**   Rate           - The background subtracted, PSF corrected and pile-up corrected source count rate (cts/s).
**   RateError      - 1 sigma error in source count rate (cts/s)
**   FracExp        - Conversion factor between bin size and observing time
**   Mode           - 0 if in Windowed Timing (WT)
**                    1 if in Photon Counting (PC)
**
**
**  Upper limits have an error listed as -1.00000.
**
*/
      BinCenter          BinHW           Rate      RateError        FracExp  Mode
   53577.494321       0.468759        0.81835        0.16236        0.00050     0
   53577.494381       0.468795        0.47524        0.03368        0.00688     1
   53671.241368       0.200715        0.57040        0.10549        0.00208     0
   53671.244630       0.203952        0.48882        0.01551        0.09539     1
   53672.372559       0.033669        0.61123        0.04048        0.08858     0
   53673.575213       0.036557        0.54597        0.03108        0.13222     0
   53673.610298       0.001380        0.40508        0.07300        0.45211     1
   53674.502858       0.029051        0.44572        0.02161        0.30448     1
   53675.330879       0.069083        0.50037        0.02460        0.09185     1
   53676.364370       0.034144        0.38872        0.09382        0.01447     0
   53676.366864       0.036575        0.46489        0.02960        0.15463     1
   53677.481905       0.072221        0.42379        0.01417        0.20904     1
   53682.401705       0.047527        0.39897        0.01044        0.55803     1
   53883.410180       0.097850        0.54480        0.08118        0.00680     0
   53883.416934       0.103145        0.35613        0.01041        0.24488     1
   53883.423877       0.096565        0.45196        0.07715        0.00554     0
   53883.431032       0.103683        0.39428        0.01122        0.21281     1
   54350.692602       0.069897        0.40436        0.02276        0.07944     1
   54354.571409       0.002876        0.40850        0.03261        0.96623     1
   54355.579399       0.004619        0.32584        0.02383        0.97583     1
   54359.729738       0.003573        0.36471        0.02904        0.96378     1
   54370.745952       0.036648        0.37492        0.01844        0.29288     1
   54698.779943       0.139459        0.21379        0.00805        0.20355     1
   54699.670254       0.173463        0.26945        0.00914        0.16674     1
   54700.213017       0.179244        0.25662        0.00942        0.16585     1
   54701.181775       0.143860        0.23841        0.00885        0.18770     1
   54702.654817       0.077072        0.28877        0.01066        0.37142     1
   54703.458355       0.076999        0.26715        0.00829        0.36854     1
   54704.465400       0.076215        0.29635        0.00901        0.35147     1
   54705.174759       0.168234        0.29683        0.01082        0.14015     1
   54706.408379       0.397852        0.24995        0.01146        0.04178     1
   54707.644627       0.108810        0.30976        0.00822        0.30110     1
   54708.478293       0.139009        0.32983        0.00934        0.20477     1
   54709.447522       0.105208        0.30749        0.00871        0.27155     1
   54710.455293       0.108549        0.29568        0.00822        0.28496     1
   54711.422819       0.204199        0.25905        0.00939        0.11204     1
   54712.797978       0.174175        0.28906        0.00880        0.15409     1
   54713.433117       0.134782        0.29556        0.01120        0.20833     1
   54714.481418       0.102564        0.31635        0.01114        0.24569     1
   54715.421650       0.169962        0.23370        0.00852        0.15297     1
   54716.283311       0.102085        0.25864        0.01896        0.06376     1
   54717.717076       0.140490        0.21038        0.00780        0.19254     1
   54718.218707       0.106936        0.22012        0.00842        0.23561     1
   54727.819434       0.071509        0.23056        0.01655        0.08409     1
   54734.987186       0.012797        0.27727        0.02023        0.39561     1
   54741.008422       0.005403        0.29384        0.02065        0.90153     1
   54921.602758       0.006609        0.60582        0.11478        0.05795     0
   54921.610777       0.001394        0.36912        0.04552        0.96844     1
   55005.601870       0.007829        0.42597        0.02017        0.96999     1
   55012.095059       0.005592        0.50059        0.02585        0.97399     1
   55019.091883       0.038638        0.41071        0.01908        0.21267     1
   55027.790182       0.173652        0.39537        0.01157        0.20959     1
   55028.486871       0.468819        0.50358        0.11040        0.00130     0
   55028.493757       0.475651        0.41342        0.00720        0.19206     1
   55033.184424       0.006507        0.38990        0.02121        0.96417     1
   55047.363112       0.009776        0.48513        0.02059        0.97759     1
   55132.057440       0.037635        0.47515        0.03049        0.15068     1
   55139.616627       0.034878        0.86342        0.22473        0.00387     0
   55139.617731       0.035718        0.47966        0.03468        0.08115     1
   55146.681239       0.005520        0.48671        0.02532        0.97619     1
   55153.815783       0.039044        0.51825        0.01867        0.27806     1
   55160.468325       0.467066        0.46136        0.02157        0.01547     1
   55167.789876       0.037897        0.36068        0.01871        0.23339     1
   55174.631798       0.039001        0.38432        0.02227        0.14152     1
   55181.318837       0.035282        0.45663        0.02607        0.15558     1
   55188.381678       0.009950        0.37135        0.01638        0.98185     1
   55195.008790       0.006449        0.45785        0.02654        0.89841     1
   55202.227960       0.006057        0.47468        0.02412        0.96887     1
   55209.129893       0.006188        0.48672        0.02402        0.96666     1
   55216.080737       0.006057        0.43351        0.02341        0.96407     1
   55362.089257       0.034338        0.51955        0.02720        0.14722     1
   55458.303999       0.036924        0.36201        0.01994        0.17894     1
   55464.638033       0.000828        0.35632        0.05722        0.96814     1
   55472.387984       0.000334        0.37592        0.09440        0.99892     1
   55478.413854       0.009732        0.27974        0.01712        0.94259     1
   55492.602494       0.006522        0.42449        0.02173        0.98430     1
   55503.375398       0.071785        0.38355        0.01430        0.19040     1
   55506.453447       0.006086        0.42595        0.02268        0.97267     1
   55512.009485       0.007161        0.40897        0.02113        0.91297     1
   55520.571243       0.007916        0.45132        0.02044        0.97112     1
   55526.391066       0.008207        0.42913        0.02707        0.97149     1
   55534.021495       0.009035        0.38821        0.01775        0.97843     1
   55541.051894       0.007088        0.42956        0.02132        0.96895     1
   55547.417866       0.007088        0.39509        0.02021        0.96681     1
   55558.784155       0.006115        0.33772        0.02291        0.96221     1
   55704.706502       0.005999        0.44091        0.02322        0.98250     1
   55707.327772       0.006217        0.52914        0.02534        0.96453     1
   55710.337677       0.006057        0.63477        0.02776        0.97599     1
   55713.176898       0.044491        0.45060        0.01330        0.41497     1
   55714.219848       0.070405        0.47578        0.01309        0.29374     1
   55716.893277       0.006028        0.46042        0.02437        0.96153     1
   55726.394498       0.270740        0.46053        0.02832        0.02193     1
   55730.101940       0.103581        0.41701        0.01524        0.12798     1
   55737.858527       0.039379        0.35185        0.01927        0.17108     1
   55742.392079       0.038739        0.33293        0.01543        0.36089     1
   55743.458194       0.034483        0.33166        0.01567        0.32246     1
   55744.439079       0.009514        0.31518        0.01673        0.97046     1
   55745.413116       0.038943        0.37756        0.01477        0.31746     1
   55746.406781       0.036938        0.41087        0.01989        0.28256     1
   55747.409561       0.036938        0.35574        0.01780        0.29832     1
   55753.584495       0.038405        0.42050        0.01739        0.27901     1
   55760.609788       0.041586        0.42620        0.01703        0.26423     1
   55768.970986       0.028964        0.36470        0.02249        0.23656     1
   55806.322636       0.005810        0.42258        0.02351        0.94896     1
   55813.954212       0.006086        0.43510        0.02322        0.97028     1
   55836.899262       0.004881        0.42036        0.02533        0.97042     1
   55841.362146       0.005883        0.53877        0.02820        0.97764     1
   55848.116541       0.005636        0.70920        0.04019        0.94023     1
   55855.348394       0.005738        0.85831        0.04420        0.96918     1
   55862.614367       0.232814        0.92340        0.05748        0.01443     1
   55876.345216       0.006159        0.81213        0.04168        0.95545     1
   55883.433628       0.005926        0.53712        0.02557        0.98197     1
   55890.800809       0.006115        0.61759        0.02961        0.97459     1
   55897.009136       0.006812        0.55645        0.03064        0.90148     1
   55903.351086       0.269723        0.45006        0.02484        0.02764     1
   55904.790387       0.037098        0.51691        0.02896        0.16598     1
   55908.814040       0.092004        0.64423        0.02237        0.11963     1
   55918.286633       0.005679        0.62219        0.02829        0.97676     1
   55925.221554       0.000828        0.64142        0.09843        0.96755     1
   56027.843108       0.055458        0.65439        0.01783        0.30330     1
   56029.209715       0.043053        0.57674        0.01642        0.38843     1
   56095.413875       0.005534        0.51677        0.02668        0.96832     1
   56102.390923       0.038246        0.46649        0.02054        0.21275     1
   56108.466064       0.032523        0.49102        0.02182        0.22855     1
   56175.936545       0.005752        0.60021        0.02788        0.97784     1
   56176.940437       0.005723        0.61907        0.02859        0.96927     1
   56177.663703       0.003617        0.74375        0.05131        0.96098     1
   56178.677453       0.005723        0.62000        0.02900        0.97862     1
   56179.604038       0.002193        0.46825        0.04001        0.98091     1
   56180.211239       0.001235        0.48153        0.05398        0.97816     1
   56182.151219       0.005694        0.60412        0.02834        0.98143     1
   56183.545571       0.005592        0.62507        0.02917        0.97815     1
   56184.543577       0.005679        0.65305        0.02918        0.97673     1
   56191.760245       0.002949        0.81992        0.05411        0.96591     1
   56199.837588       0.005433        0.48228        0.02587        0.97815     1
   56205.299775       0.037723        0.35557        0.02904        0.17783     1
   56212.529588       0.005825        0.51190        0.03881        0.93802     1
   56220.616692       0.006202        0.67806        0.03732        0.97141     1
   56226.776869       0.005752        0.93642        0.04533        0.96239     1
   56227.169801       0.005868        1.04446        0.04733        0.97665     1
   56228.639280       0.005825        1.14756        0.04943        0.97468     1
   56229.641353       0.005854        0.97138        0.04562        0.97114     1
   56230.643480       0.005781        1.13920        0.05025        0.96978     1
   56231.643394       0.003791        1.19759        0.06265        0.95760     1
   56232.725362       0.005854        1.02520        0.04740        0.96755     1
   56233.649997       0.005549        0.86416        0.04569        0.96091     1
   56234.651386       0.005549        0.77779        0.04212        0.96373     1
   56235.653436       0.006260        0.77271        0.03922        0.96978     1
   56236.655234       0.005868        0.84174        0.04260        0.97790     1
   56237.592027       0.005868        1.10846        0.04946        0.96923     1
   56238.658262       0.005607        1.14358        0.05413        0.96408     1
   56239.591433       0.005767        1.04867        0.05005        0.96987     1
   56240.124650       0.005897        1.10095        0.03931        0.94946     0
   56241.128646       0.006768        1.16251        0.03784        0.93245     0
   56242.862618       0.005405        1.31553        0.07676        0.91006     0
   56243.800639       0.008359        1.09429        0.03712        0.91485     0
   56244.867992       0.005576        0.91687        0.03760        0.93513     0
   56245.667607       0.003267        0.88207        0.04775        0.93446     0
   56246.869726       0.005955        1.10354        0.03932        0.93780     0
   56247.807144       0.006042        1.02667        0.03773        0.93630     0
   56248.806474       0.005981        1.03159        0.03831        0.92840     0
   56249.807863       0.005984        1.11472        0.03941        0.93037     0
   56250.814744       0.005828        0.98658        0.03750        0.94191     0
   56251.813876       0.007633        1.20707        0.03684        0.92418     0
   56252.951608       0.006016        1.06159        0.03892        0.92208     0
   56253.623614       0.006218        1.19406        0.03975        0.95626     0
   56255.819146       0.005836        1.02919        0.03969        0.90977     0
   56256.820054       0.006299        0.90725        0.03480        0.92283     0
   56257.822440       0.006010        0.75119        0.03956        0.92441     0
   56258.895706       0.005666        0.98939        0.05769        0.91931     0
   56259.896513       0.006247        1.16322        0.03975        0.93516     0
   56260.234025       0.006933        1.20519        0.03825        0.94449     0
   56261.898662       0.006878        1.37078        0.04524        0.93353     0
   56262.829822       0.004714        1.29235        0.06554        0.91896     0
   56263.098306       0.005836        1.24095        0.04212        0.94051     0
   56264.233724       0.005842        1.11278        0.03967        0.93462     0
   56265.246305       0.006476        1.14322        0.03800        0.94415     0
   56266.304287       0.006817        1.14422        0.05093        0.93336     0
   56267.105091       0.005987        1.58707        0.07104        0.92025     0
   56268.655384       0.005726        1.81941        0.04769        0.96513     0
   56269.376510       0.006126        1.60972        0.09480        0.91875     0
   56270.248689       0.006128        1.33080        0.04026        0.95279     0
   56271.684378       0.024239        1.47119        0.04564        0.20627     0
   56272.617493       0.372778        0.89726        0.01534        0.11515     0
   56273.487323       0.439728        0.74846        0.01349        0.11356     0
   56274.323659       0.005495        0.73606        0.03376        0.93628     0
   56275.530482       0.005634        0.74789        0.03811        0.93426     0
   56276.533916       0.005666        0.74052        0.03341        0.91573     0
   56277.464626       0.006881        0.87116        0.03348        0.92641     0
   56278.068101       0.006881        0.77346        0.03061        0.93019     0
   56279.267662       0.005258        0.61194        0.04137        0.91855     0
   56280.482199       0.006652        0.68744        0.02923        0.93171     0
   56281.473602       0.005553        0.62560        0.03110        0.92027     0
   56282.348413       0.006418        0.61921        0.02847        0.93959     0
   56283.149800       0.006444        0.78239        0.03220        0.93803     0
   56284.550400       0.005830        0.58612        0.03201        0.92457     0
   56285.881787       0.005694        0.79175        0.03786        0.89787     0
   56286.960041       0.007312        0.82742        0.03291        0.91888     0
   56287.353554       0.006126        0.82594        0.03353        0.93718     0
   56288.762953       0.005784        0.77974        0.03383        0.93897     0
   56289.488833       0.005579        0.78857        0.03449        0.92998     0
   56290.491177       0.004656        0.87911        0.04015        0.93221     0
   56291.698411       0.005723        0.86219        0.03547        0.95147     0
   56292.224843       0.006389        0.87208        0.04238        0.92437     0
   56293.632647       0.005547        0.80524        0.03497        0.94210     0
   56294.961736       0.006276        0.95510        0.03938        0.93592     0
   56296.768379       0.005900        1.18731        0.04125        0.93526     0
   56297.700478       0.005061        0.91390        0.03931        0.92853     0
   56298.501996       0.005663        1.34347        0.04169        0.95554     0
   56299.511563       0.006450        1.46468        0.05411        0.93091     0
   56300.509839       0.006102        1.07377        0.03634        0.95306     0
   56301.240250       0.005553        1.06569        0.04005        0.94581     0
   56302.974845       0.005694        1.32734        0.04102        0.95630     0
   56303.723348       0.471785        1.28403        0.01689        0.12676     0
   56305.179079       0.005639        1.54022        0.04503        0.96049     0
   56306.981216       0.005547        1.29200        0.04095        0.95357     0
   56307.782901       0.005292        1.13324        0.04275        0.91908     0
   56308.859905       0.006065        0.82456        0.03436        0.92366     0
   56309.334466       0.005813        0.71679        0.03228        0.94126     0
   56310.268874       0.006126        0.82569        0.03338        0.94851     0
   56311.069884       0.005813        0.85844        0.03551        0.93878     0
   56312.138321       0.006123        1.00377        0.03667        0.94660     0
   56313.206580       0.005677        0.74696        0.03331        0.95056     0
   56314.927342       0.005286        0.62710        0.03148        0.93706     0
   56315.332632       0.000694        0.53415        0.07603        0.92966     0
   56316.462898       0.005628        0.71664        0.03249        0.95064     0
   56317.829714       0.035527        0.72119        0.03956        0.12126     0
   56318.399926       0.004910        0.66358        0.03401        0.93695     0
   56319.202098       0.005350        0.62402        0.03145        0.93672     0
   56320.202783       0.005547        0.66897        0.03207        0.95253     0
   56321.205561       0.006241        0.60160        0.02827        0.94344     0
   56322.002759       0.000436        0.49110        0.08998        0.99892     1
   56322.008780       0.005069        0.56748        0.03035        0.94977     0
   56323.012592       0.006152        0.52507        0.02665        0.94026     0
   56326.960467       0.006155        0.58386        0.02840        0.92572     0
   56333.100024       0.006218        0.70654        0.03140        0.92601     0
   56340.590223       0.005605        0.70565        0.06387        0.92204     0
   56347.936637       0.005694        0.90659        0.03724        0.91717     0
   56354.598877       0.005981        0.84327        0.03243        0.94146     0
   56361.477450       0.005651        0.73670        0.03298        0.93651     0
   56368.359580       0.005668        0.63723        0.03108        0.92956     0
   56375.032530       0.006354        0.79024        0.03012        0.95902     0
   56382.754144       0.106241        0.66290        0.02587        0.07241     0
   56389.662553       0.005460        0.68879        0.03274        0.93641     0
   56400.020377       0.006016        0.57840        0.02890        0.92689     0
   56407.697188       0.005547        0.73399        0.03379        0.91601     0
   56414.841023       0.006852        0.85426        0.03203        0.95186     0
   56416.177589       0.005781        0.63010        0.03026        0.93694     0
   56417.179444       0.005781        0.67482        0.03287        0.93594     0
   56418.569184       0.005781        0.71353        0.03191        0.94444     0
   56419.847221       0.006939        0.62519        0.02745        0.94871     0
   56420.514070       0.201345        0.64235        0.02855        0.03086     0
   56421.981730       0.005749        0.58780        0.02920        0.92904     0
   56428.950508       0.038362        0.82659        0.03955        0.23717     0
   56435.732201       0.005260        0.67571        0.03370        0.92409     0
   56442.145668       0.005726        0.78084        0.03361        0.93886     0
   56449.363134       0.005611        0.61465        0.03244        0.92367     0
   56456.839184       0.005929        0.71777        0.03171        0.93753     0
   56463.432970       0.206612        0.68730        0.02618        0.03805     0
   56470.575241       0.006010        0.64093        0.03234        0.92345     0
   56477.386405       0.005255        0.53539        0.03180        0.93062     0
   56480.457354       0.005836        0.67667        0.03154        0.93257     0
   56484.865311       0.005489        0.64413        0.04383        0.90933     0
   56491.153131       0.005897        0.62455        0.03107        0.94112     0
   56498.496234       0.005810        0.62774        0.03048        0.92032     0
   56505.228993       0.132928        0.66399        0.05460        0.03934     0
   56512.039235       0.005203        0.62037        0.03170        0.94494     0
   56519.780446       0.004971        0.51219        0.02752        0.93714     0
   56526.783955       0.005608        0.72682        0.03334        0.92673     0
   56535.259549       0.005026        0.57073        0.02867        0.95279     0
   56537.403863       0.005842        0.51739        0.02737        0.92719     0
   56541.445330       0.167170        0.51052        0.02895        0.04414     0
   56544.347076       0.005472        0.49435        0.02631        0.94077     0
   56548.148440       0.005697        0.52719        0.02817        0.91772     0
   56551.757948       0.005929        0.49234        0.02524        0.94485     0
   56555.024039       0.005781        0.52885        0.02783        0.94645     0
   56558.153489       0.006212        0.56136        0.03753        0.92035     0
   56561.622842       0.005781        0.48403        0.02485        0.94244     0
   56562.225498       0.005752        0.38400        0.02387        0.92757     0
   56563.170059       0.007028        0.45783        0.02360        0.91313     0
   56564.159365       0.006589        0.46799        0.02311        0.93588     0
   56565.159698       0.006273        0.46745        0.02806        0.91559     0
   56566.165639       0.005868        0.41281        0.02460        0.92357     0
   56567.191906       0.034117        0.44031        0.04342        0.05231     0
   56568.164041       0.006068        0.47989        0.02580        0.93038     0
   56569.231403       0.003993        0.41799        0.03004        0.92402     0
   56572.166669       0.006215        0.40029        0.03448        0.92505     0
   56576.237868       0.005868        0.43434        0.03560        0.95811     1
   56579.176309       0.005621        0.36967        0.02197        0.96727     1
   56586.517834       0.071015        0.37470        0.01884        0.11040     1
   56589.199327       0.001874        0.40343        0.04602        0.97567     1
   56592.127931       0.006086        0.39587        0.02488        0.95943     1
   56598.209594       0.007059        0.50189        0.02370        0.97749     1
   56601.136338       0.005984        0.39363        0.02858        0.97319     1
   56604.612190       0.005839        0.35222        0.02101        0.97406     1
   56607.744392       0.005578        0.36143        0.02178        0.97028     1
   56611.883288       0.005578        0.32152        0.02042        0.98450     1
   56618.090656       0.007916        0.40393        0.01963        0.97795     1
   56621.816365       0.005127        0.43542        0.02477        0.98538     1
   56623.252274       0.040076        0.37853        0.02229        0.13559     1
   56624.850506       0.036967        0.37580        0.01939        0.19169     1
   56626.566742       0.006130        0.43150        0.02326        0.97813     1
   56627.429942       0.006144        0.41043        0.02226        0.97136     1
   56629.890053       0.005767        0.40010        0.02257        0.97505     1
   56630.890120       0.005709        0.42261        0.02508        0.95461     1
   56631.890458       0.006057        0.38120        0.02162        0.96433     1
   56632.694530       0.661010        0.40030        0.02920        0.00654     1
   56635.302870       0.006144        0.35202        0.02052        0.96242     1
   56641.234923       0.136597        0.29816        0.01896        0.04446     1
   56644.988869       0.004169        0.29232        0.02422        0.95511     1
   56645.510636       0.006667        0.35505        0.03050        0.96732     1
   56646.650488       0.005752        0.31973        0.02035        0.96727     1
   56647.309929       0.006043        0.27518        0.01854        0.93283     1
   56648.048418       0.006420        0.31361        0.01888        0.96478     1
   56649.511809       0.004852        0.26277        0.02058        0.96513     1
   56653.648855       0.001932        0.30130        0.03635        0.97212     1
   56656.850129       0.006072        0.28348        0.01841        0.97109     1
   56660.597352       0.006115        0.24593        0.01888        0.94574     1
   56663.851123       0.007887        0.30115        0.01774        0.96540     1
   56670.467469       0.006144        0.20604        0.01577        0.95345     1
   56672.787136       0.005215        0.21420        0.01721        0.97816     1
   56674.186898       0.005462        0.24066        0.01911        0.96826     1
   56677.520850       0.005534        0.27872        0.01928        0.96908     1
   56681.522649       0.005796        0.25539        0.01805        0.96988     1
   56684.936650       0.006377        0.25846        0.01728        0.97615     1
   56688.408188       0.005679        0.24302        0.01793        0.97197     1
   56690.400006       0.003457        0.22814        0.02271        0.93797     1
   56695.207694       0.006144        0.19875        0.01592        0.95499     1
   56698.620484       0.005854        0.32390        0.02002        0.97743     1
   56702.687873       0.005825        0.17580        0.01496        0.95959     1
   56705.351238       0.006362        0.27124        0.01790        0.96795     1
   56710.048589       0.710411        0.24084        0.01056        0.02391     1
   56713.486670       0.004982        0.25128        0.01973        0.95376     1
   56716.147022       0.005011        0.22049        0.01841        0.95941     1
   56719.481125       0.005665        0.24961        0.01819        0.94913     1
   56723.010906       0.005709        0.18846        0.01567        0.95420     1
   56726.743482       0.005796        0.20572        0.01631        0.97238     1
   56730.482618       0.005563        0.21793        0.01705        0.95845     1
   56733.281901       0.005578        0.24658        0.02305        0.95393     1
   56737.212684       0.005360        0.30189        0.02052        0.95944     1
   56740.147695       0.005767        0.25620        0.01809        0.97734     1
   56744.092857       0.005723        0.37203        0.03180        0.93073     1
   56747.824179       0.005636        0.34345        0.03299        0.94024     1
   56751.890040       0.005781        0.30966        0.02008        0.96336     1
   56754.887027       0.006028        0.29587        0.01902        0.96412     1
   56758.095684       0.005679        0.27335        0.02082        0.97165     1
   56761.358989       0.005578        0.27020        0.01889        0.98179     1
   56765.953084       0.005941        0.26821        0.01834        0.97592     1
   56768.617197       0.072366        0.26761        0.01695        0.11300     1
   56772.930907       0.035733        0.33122        0.01860        0.19507     1
   56774.893614       0.005636        0.28324        0.01987        0.97423     1
   56779.352494       0.002193        0.34447        0.03460        0.94317     1
   56782.824121       0.005723        0.32658        0.02060        0.96198     1
   56786.617380       0.001758        0.30429        0.04894        0.96060     1
   56791.025969       0.003893        0.20011        0.01944        0.97025     1
   56793.156880       0.071552        0.19604        0.01464        0.09068     1
   56796.948103       0.006014        0.23085        0.01700        0.95158     1
   56800.693423       0.005767        0.23934        0.01764        0.96366     1
   56804.092944       0.005607        0.26425        0.01890        0.96006     1
   56808.746653       0.005403        0.23257        0.01795        0.96946     1
   56820.747097       0.005665        0.17988        0.01944        0.96708     1
   56824.870631       0.005738        0.20281        0.01626        0.95194     1
   56828.885256       0.004997        0.21374        0.01815        0.95377     1
   56836.665203       0.006275        0.18093        0.01661        0.96286     1
   56840.938303       0.462157        0.23342        0.02710        0.00582     1
   56848.079115       0.005592        0.18394        0.01932        0.70370     1
   56852.676240       0.008439        0.19939        0.01672        0.96679     1
   56856.213264       0.004764        0.20890        0.01824        0.94747     1
   56860.330549       0.005505        0.18002        0.01584        0.96306     1
   56864.063976       0.001685        0.16806        0.02742        0.95985     1
   56868.338273       0.005462        0.16422        0.01509        0.95521     1
   56872.455080       0.005984        0.12116        0.01234        0.96807     1
   56876.490162       0.106326        0.15026        0.01127        0.08001     1
   56883.053570       0.004764        0.15977        0.01599        0.96040     1
   56890.447789       0.005636        0.17664        0.01539        0.96874     1
   56897.714409       0.005694        0.17148        0.01517        0.94860     1
   56904.581231       0.002789        0.20576        0.02638        0.99228     1
   56911.520932       0.006130        0.19678        0.01696        0.93442     1
   56912.809597       0.173085        0.31815        0.02256        0.03600     1
   56918.565259       0.002789        0.39872        0.03246        0.97561     1
   56920.183535       0.005345        0.38056        0.02383        0.96254     1
   56925.239715       0.005389        0.25363        0.02075        0.95642     1
   56930.293703       0.007684        0.24499        0.01536        0.96611     1
   56939.484872       0.006101        0.29554        0.01909        0.97472     1
   56942.085336       0.005621        0.22045        0.01713        0.96232     1
   56946.311832       0.036096        0.30167        0.02048        0.15109     1
   56951.179872       0.037447        0.22898        0.01763        0.14739     1
   56956.344198       0.002629        0.29320        0.02898        0.96174     1
   56968.144538       0.000566        0.34642        0.06693        0.99002     1
   56976.135546       0.006086        0.27329        0.01821        0.96144     1
   56981.125429       0.006493        0.17533        0.01419        0.94813     1
   56985.113957       0.007553        0.20470        0.01417        0.96002     1
   56998.032742       0.005403        0.16913        0.01510        0.96756     1
   57004.103207       0.003036        0.24659        0.02477        0.95871     1
   57008.093813       0.006188        0.16975        0.01435        0.96312     1
   57012.157477       0.006377        0.19637        0.01671        0.96551     1
   57031.797167       0.005607        0.17341        0.01532        0.93553     1
   57045.181623       0.005825        0.24217        0.01748        0.96758     1
   57052.959196       0.005374        0.20347        0.01683        0.95158     1
   57059.022845       0.005592        0.16637        0.01578        0.95542     1
   57066.686552       0.005781        0.28640        0.01934        0.96375     1
   57073.701841       0.699517        0.32816        0.01901        0.01173     1
   57080.981742       0.006420        0.22413        0.01605        0.96774     1
   57087.633987       0.004881        0.28518        0.02951        0.93250     1
   57094.694339       0.004939        0.22092        0.01816        0.97540     1
   57101.952606       0.005694        0.44078        0.02366        0.97909     1
   57109.077616       0.864715        0.23260        0.02542        0.00333     1
   57115.131835       0.005636        0.34156        0.02186        0.97327     1
   57122.983929       0.005607        0.26537        0.02472        0.95564     1
   57129.042539       0.005331        0.24510        0.01881        0.94510     1
   57136.690078       0.005679        0.34236        0.03397        0.52977     1
   57144.395347       0.005331        0.36962        0.02333        0.96239     1
   57150.515527       0.005955        0.36920        0.02160        0.95561     1
   57156.108423       0.005418        0.28674        0.01961        0.97552     1
   57157.567908       0.005665        0.32760        0.02115        0.94606     1
   57157.636311       0.004706        0.30526        0.02879        0.97497     1
   57158.568123       0.006841        0.25143        0.01656        0.96358     1
   57159.765246       0.005563        0.25323        0.01893        0.94797     1
   57160.041818       0.005403        0.26193        0.02601        0.95475     1
   57161.906022       0.005738        0.22128        0.01972        0.94636     1
   57162.960392       0.005578        0.26259        0.01864        0.96980     1
   57164.093561       0.005738        0.23082        0.01746        0.96220     1
   57171.545680       0.005694        0.25694        0.01868        0.97007     1
   57183.351567       0.093544        0.26071        0.01764        0.06768     1
   57188.739523       0.033946        0.25630        0.01586        0.22150     1
   57189.309675       0.272236        0.30605        0.01860        0.04008     1
   57191.673120       0.237956        0.57052        0.01984        0.04375     1
   57192.634606       0.006348        0.43781        0.02425        0.97305     1
   57196.486676       0.002891        0.79999        0.06081        0.95639     1
   57197.754675       0.005738        0.35842        0.02199        0.95497     1
   57198.823055       0.003326        0.49471        0.04309        0.95664     1
   57199.470998       0.006072        0.33987        0.02037        0.97155     1
   57200.017464       0.005418        0.34386        0.02861        0.81235     1
   57201.730475       0.000625        0.35149        0.06693        0.92520     1
   57202.710351       0.104206        0.37366        0.02008        0.07954     1
   57203.741978       0.005854        0.38108        0.02614        0.96170     1
   57204.871826       0.006609        0.35167        0.01971        0.97562     1
   57205.071879       0.005897        0.37475        0.02162        0.97049     1
   57211.162799       0.037897        0.23160        0.01756        0.16041     1
   57218.912044       0.003225        0.20885        0.02247        0.95653     1
   57225.198929       0.103116        0.22776        0.01731        0.05309     1
   57232.209118       0.005433        0.29424        0.02058        0.95129     1
   57239.263164       0.005549        0.21534        0.01737        0.95790     1
   57250.085506       0.006115        0.25936        0.01811        0.94729     1
   57266.560881       0.097422        0.25412        0.01965        0.07794     1
   57282.959477       0.005752        0.20217        0.01831        0.96698     1
   57287.208932       0.005592        0.21192        0.01707        0.96623     1
   57294.912204       0.005810        0.27090        0.01860        0.97248     1
   57301.798325       0.099587        0.23513        0.01791        0.06084     1
   57305.763770       0.005650        0.25913        0.01875        0.95862     1
   57306.217420       0.006188        0.30210        0.02018        0.96275     1
   57307.214362       0.005738        0.25430        0.01799        0.98224     1
   57308.212816       0.005912        0.31643        0.02033        0.96649     1
   57308.278726       0.005955        0.31395        0.01994        0.96829     1
   57309.211404       0.005912        0.23869        0.01765        0.96753     1
   57310.218281       0.003239        0.42651        0.04425        0.95554     1
   57311.214896       0.003849        0.30814        0.02494        0.92908     1
   57315.131632       0.005868        0.23706        0.01768        0.96289     1
   57319.039001       0.036677        0.21887        0.01840        0.14172     1
   57322.926064       0.005868        0.28479        0.01926        0.96574     1
   57326.106010       0.005767        0.23121        0.01899        0.97229     1
   57333.146906       0.001031        0.26727        0.04494        0.95089     1
   57337.241441       0.035616        0.34902        0.02653        0.13784     1
   57342.524689       0.270421        0.34266        0.01988        0.02284     1
   57346.579687       0.004329        0.30819        0.02288        0.96328     1
   57353.692001       0.006609        0.16346        0.02064        0.94146     1
   57360.142866       0.005026        0.26195        0.02010        0.97136     1
   57365.137038       0.005984        0.20207        0.01587        0.97273     1
   57366.603328       0.005665        0.18458        0.01585        0.95631     1
   57367.395995       0.006043        0.29385        0.01931        0.96108     1
   57368.667204       0.005665        0.20962        0.01658        0.98203     1
   57369.064952       0.005157        0.23692        0.01843        0.96536     1
   57370.660960       0.005679        0.21440        0.01698        0.94884     1
   57371.652966       0.001177        0.18929        0.03412        0.98037     1
   57373.910548       0.002644        0.20762        0.02501        0.92065     1
   57381.693848       0.006115        0.29817        0.01913        0.95212     1
   57388.672678       0.006449        0.27741        0.02450        0.95043     1
   57395.975599       0.005636        0.17584        0.01530        0.95141     1
   57402.961290       0.140781        0.27973        0.01500        0.06404     1
   57416.533780       0.004387        0.14638        0.01644        0.97662     1
   57423.115429       0.006101        0.19039        0.01531        0.95239     1
   57667.270566       0.011548        0.58231        0.01951        0.96523     1
   57668.245092       0.038231        1.49033        0.05169        0.28453     1
   57669.239807       0.036532        0.41850        0.01601        0.32477     1
   57688.138140       0.006260        0.26454        0.01885        0.96491     1
   57694.182614       0.005549        0.20296        0.01646        0.98100     1
   57714.124025       0.005810        0.36026        0.02157        0.95894     1
   57718.099937       0.005592        0.20522        0.01635        0.97644     1
   57868.685753       0.034367        0.11774        0.00861        0.33817     1
   57869.213449       0.162903        0.22831        0.01326        0.06861     1
   57870.578332       0.337601        0.16482        0.01036        0.03314     1
   57871.212724       0.032377        0.18461        0.01071        0.35068     1
   57872.607601       0.042356        0.13375        0.01290        0.26154     1
   57873.404091       0.367422        0.23950        0.01513        0.03094     1
   57874.828187       0.005113        0.19431        0.01673        0.97953     1
   57877.553044       0.066352        0.14676        0.01755        0.08557     1
   57903.463988       0.005433        0.19117        0.01651        0.97342     1
   57907.448239       0.005926        0.41865        0.02420        0.97902     1
   57914.101939       0.005679        0.28850        0.01944        0.97779     1
   57918.282343       0.000276        0.23832        0.07944        0.96104     1
   57920.043852       0.041528        0.19683        0.02077        0.13708     1
   57923.462783       0.005941        0.17583        0.01495        0.96070     1
   57925.759279       0.037229        0.20868        0.01324        0.29094     1
   57926.856754       0.068183        0.21594        0.01221        0.16003     1
   57927.615822       0.045261        0.16078        0.01663        0.24216     1
   57928.805416       0.037606        0.23160        0.01509        0.26848     1
   57929.745371       0.038623        0.29859        0.01476        0.25971     1
   57930.806554       0.042734        0.28269        0.01833        0.25203     1
   57931.873031       0.107517        0.20498        0.01299        0.09654     1
   57936.416606       0.004895        0.21078        0.01828        0.96723     1
   58012.158923       0.004953        0.14544        0.01494        0.95641     1
   58015.233858       0.041122        0.25636        0.01322        0.26085     1
   58016.692181       0.038347        0.18046        0.01088        0.29334     1
   58017.268075       0.074937        0.18748        0.01358        0.14372     1
   58018.634078       0.104104        0.13489        0.00963        0.11433     1
   58019.658973       0.075707        0.12481        0.01289        0.08859     1
   58020.577423       0.005897        0.22043        0.01658        0.97854     1
   58021.746218       0.030852        0.20911        0.01211        0.33403     1
   58022.306313       0.005447        0.25686        0.01995        0.96483     1
   58045.240790       0.005723        0.25315        0.01824        0.96483     1
   58051.272257       0.005505        0.39464        0.02311        0.97930     1
   58400.237971       0.003573        0.20585       -1.00000        0.15024     1
   58406.269495       0.005491        0.16933        0.01529        0.96855     1
   58428.192976       0.006319        0.23559        0.01672        0.96179     1
   58458.083537       0.005970        0.18746        0.01542        0.96350     1
   58461.124312       0.005534        0.20528        0.02636        0.95580     1
   58608.746938       0.006871        0.30324        0.01813        0.95775     1
   58609.152116       0.006900        0.34849        0.02356        0.97427     1
   58610.220191       0.008730        0.44522        0.03344        0.83011     1
   58686.004071       0.024780        0.60813        0.03962        0.21917     1
   58686.906007       0.005738        0.62161        0.02820        0.98104     1
   58688.024139       0.005738        0.18385        0.01566        0.94456     1
   58689.018991       0.005738        0.19766        0.01590        0.96410     1
   58690.056022       0.024911        0.37022        0.02205        0.21814     1
   58691.064875       0.030779        0.18646        0.01110        0.35900     1
   58740.360596       0.003936        0.36945        0.02689        0.96673     1
   58740.429327       0.006740        0.39355        0.02148        0.96715     1
   58740.562035       0.007335        0.42976        0.02068        0.98902     1
   58740.694914       0.007132        0.46353        0.02206        0.97542     1
   58740.829361       0.005331        0.51199        0.02680        0.97774     1
   58740.960333       0.007016        0.50985        0.02355        0.95252     1
   58741.083129       0.007117        0.38463        0.02557        0.95902     1
   58741.219924       0.007132        0.67597        0.02867        0.98362     1
   58741.289698       0.006827        0.61257        0.02582        0.97878     1
   58741.419267       0.007786        0.39510        0.02533        0.95464     1
   58741.551593       0.008091        0.32277        0.02278        0.94249     1
   58741.687489       0.006929        0.25778        0.01699        0.97681     1
   58741.823726       0.006841        0.23969        0.01637        0.97243     1
   58741.956431       0.006725        0.21491        0.01569        0.96101     1
   58742.078548       0.006856        0.17814        0.01390        0.95987     1
   58742.215600       0.006609        0.17794        0.01425        0.96752     1
   58742.353631       0.006043        0.14682        0.01350        0.97094     1
   58742.421188       0.006551        0.12490        0.01535        0.95336     1
   58742.553329       0.006929        0.16300        0.01313        0.97586     1
   58742.685789       0.007234        0.15306        0.01248        0.97345     1
   58742.819308       0.007088        0.16542        0.01335        0.95314     1
   58742.951875       0.007147        0.14657        0.01258        0.96789     1
   58743.073358       0.006478        0.17007        0.01441        0.97865     1
   58743.210283       0.007045        0.17412        0.01393        0.96885     1
   58743.279592       0.007873        0.13277        0.01222        0.97204     1
   58743.482402       0.007147        0.16284        0.01306        0.97116     1
   58743.545875       0.006871        0.15288        0.01300        0.95506     1
   58743.681689       0.007176        0.15867        0.01277        0.97772     1
   58743.814447       0.007088        0.18115        0.01577        0.96937     1
   58743.877518       0.007161        0.17085        0.01363        0.96494     1
   58744.068975       0.006014        0.27752        0.01937        0.97112     1
   58744.206445       0.006725        0.18528        0.01571        0.95651     1
   58744.276550       0.006740        0.25418        0.01703        0.96492     1
   58744.466471       0.005738        0.25846        0.02393        0.95974     1
   58744.537606       0.006130        0.23057        0.01843        0.97421     1
   58744.666891       0.006014        0.28218        0.01896        0.97126     1
   58744.810520       0.006798        0.32940        0.01912        0.96519     1
   58744.930361       0.004329        0.38739        0.03623        0.96228     1
   58745.065100       0.005709        0.39451        0.02780        0.96667     1
   58745.202249       0.006740        0.42055        0.02164        0.98918     1
   58810.083911       0.003225        0.17444        0.03196        0.39145     1
   58814.140808       0.005026        0.23019        0.01848        0.96247     1
   59072.013301       0.006900        0.56261        0.03259        0.95996     1
   59072.979057       0.037781        0.34379        0.01703        0.36338     1
   59074.007524       0.006362        0.32703        0.01986        0.96130     1
   59080.300875       0.005738        0.74140        0.04058        0.96727     1
   59081.600112       0.024374        0.46086        0.02474        0.22836     1
   59082.265103       0.024243        0.58717        0.02771        0.22996     1
   59083.054394       0.033481        0.70325        0.03549        0.16528     1
   59084.013219       0.001360        1.53984        0.12103        0.66522     0
   59084.018402       0.003806        0.52950        0.03273        0.96614     1
   59085.319328       0.168132        0.53209        0.02379        0.04000     1
   59086.086696       0.004968        0.52958        0.02838        0.96820     1
   59088.073026       0.004053        0.43929        0.02859        0.96143     1
   59098.704090       0.003544        0.58243        0.03548        0.98414     1
   59104.806412       0.005345        0.42049        0.02437        0.96979     1
   59113.191735       0.037301        0.77845        0.02565        0.29769     1
   59114.367874       0.005026        0.52812        0.03048        0.94574     1
   59116.151464       0.004735        0.71264        0.04296        0.98767     1
   59117.420004       0.008439        0.39213        0.01964        0.97043     1
   59124.730783       0.005709        2.24950        0.09783        0.97155     1
   59125.655695       0.005738        0.41408        0.02335        0.95150     1
   59126.597595       0.000770        0.40169        0.06487        0.98004     1
   59127.638321       0.005752        3.29204        0.11774        0.96992     1
   59128.182674       0.005518       13.46127        0.13037        0.99948     0
   59128.942192       0.033220        3.29600        0.09751        0.24520     1
   59129.906850       0.008614        1.49062        0.06433        0.96392     1
   59130.907624       0.001380        0.70511        0.08075        0.96401     1
   59131.900956       0.072656        0.78027        0.03204        0.12242     1
   59132.891488       0.008497        1.10044        0.04310        0.97575     1
   59133.850977       0.039277        0.24730        0.01035        0.42162     1
   59134.891522       0.003806        0.37364        0.02702        0.96656     1
   59135.833129       0.031334        1.66851        0.11857        0.03281     0
   59135.835244       0.033365        0.36757        0.01434        0.39063     1
   59137.660548       0.006115        0.19759        0.01702        0.96681     1
   59138.269685       0.009456        0.21884        0.01360        0.97160     1
   59221.715273       0.268721        0.57566        0.02082        0.03527     1
   59223.104167       0.008570        0.54402        0.02229        0.91163     1
   59224.168133       0.008250        0.92871        0.03857        0.96655     1
   59225.502170       0.008628        0.71441        0.02622        0.97754     1
   59232.836609       0.027090        1.20894        0.04383        0.28617     1
   59233.327247       0.008599        1.14994        0.04072        0.98433     1
   59233.858690       0.008555        1.34281        0.04450        0.98025     1
   59234.262099       0.009412        0.53338        0.02063        0.96498     1
   59239.634678       0.005752        5.08339        0.15690        0.98752     1
   59243.029915       0.005476        1.32909        0.05570        0.97771     1
   59247.728266       0.008643        2.78967        0.09258        0.95816     1
   59248.129246       0.008207        2.94254        0.09444        0.97661     1
   59249.258997       0.008338        1.96790        0.07665        0.96680     1
   59262.170892       0.032552        0.47608        0.02152        0.22967     1
   59285.739816       0.235755        1.97997        0.46985        0.00031     0
   59285.743014       0.238886        1.60004        0.05341        0.04357     1
   59287.163796       0.004227        0.59767        0.03237        0.98207     1
   59289.685618       0.009529        0.48297        0.01976        0.97578     1
   59296.755778       0.031912        1.98034        0.06246        0.37388     1
   59302.827218       0.006115        0.38174        0.02167        0.97937     1
   59318.731017       0.041586        1.72858        0.04642        0.27794     1
   59333.303296       0.075111        1.11705        0.03088        0.19575     1
   59335.129884       0.038856        1.14200        0.03783        0.26822     1
   59336.520022       0.504963        0.75695        0.02443        0.02326     1
   59403.466174       0.002556        0.54942        0.04034        0.94038     1
   59406.483952       0.038246        2.52102        0.09349        0.19587     1
   59407.635943       0.008672        1.98905        0.07932        0.94618     1
   59409.634137       0.203313        0.58767        0.02648        0.03008     1
   59412.025569       0.004939        0.33249        0.02448        0.95851     1
   59415.401037       0.009354        0.78125        0.03248        0.96512     1
   59416.520341       0.003457        0.64692        0.03718        0.96755     1
   59417.186702       0.003457        0.64960        0.03757        0.97920     1
   59424.740598       0.235051        0.70352        0.02272        0.05342     1
   59426.956176       0.003007        1.18245        0.07220        0.91680     1
   59427.957520       0.003413        1.73034        0.08683        0.97489     1
   59428.951970       0.003428        3.50311        0.16870        0.98018     1
   59429.951401       0.003457        3.15418        0.15998        0.95020     1
   59430.943792       0.002716        1.40690        0.08079        0.99088     1
   59432.541264       0.005229        2.28250        0.10338        0.96062     1
   59434.126471       0.000596        1.82921        0.29918        0.87697     1
   59436.789368       0.137687        1.06848        0.03845        0.06927     1
   59436.979230       0.003399        1.03903        0.06274        0.98291     1
   59438.911325       0.006725        0.48294        0.02420        0.95072     1
   59438.974166       0.003588        0.47746        0.04331        0.94777     1
   59440.704371       0.265032        0.58029        0.02038        0.03906     1
   59442.749442       0.008861        0.46947        0.01984        0.96227     1
   59443.144777       0.000087        0.43923       -1.00000        0.99892     1
   59444.742890       0.077929        0.37341        0.04534        0.03700     1
   59446.857444       0.002382        0.43087        0.03749        0.96234     1
   59448.403575       0.401251        0.96429        0.04648        0.01448     1
   59452.248003       0.004750        0.77514        0.04571        0.93908     1
   59456.264339       0.370341        0.38479        0.01479        0.03500     1
   59514.166945       0.005244        0.38736        0.03072        0.96643     1
   59539.447088       0.070942        0.38571        0.02082        0.12398     1
   59540.306631       0.001554        0.35586        0.04132        0.97908     1
   59542.135279       0.036227        0.36078        0.02074        0.16965     1
   59544.424143       0.007771        0.36426        0.01862        0.97511     1
   59649.708602       0.034135        0.84195        0.03406        0.22935     1
   59650.829417       0.033321        0.83092        0.03195        0.28884     1
   59697.298301       0.005839        0.44102        0.02483        0.96493     1
   59701.403111       0.005157        0.45922        0.02605        0.97465     1
   59703.326264       0.004939        0.51396        0.02739        0.98196     1
   59705.390418       0.008861        0.54430        0.02272        0.97859     1
   59713.008189       0.005171        0.32974        0.02210        0.92770     1
   59741.600050       0.000029        1.31769       -1.00000        0.99892     1
   59742.787649       0.005709        0.47571        0.02881        0.96172     1
   59743.649515       0.005665        0.44386        0.03222        0.94508     1
   59744.062996       0.005040        0.56697        0.03167        0.97150     1
   59745.252316       0.005302        0.61335        0.02887        0.98443     1
   59746.583014       0.004459        0.53444        0.02963        0.99338     1
   59747.179127       0.004852        1.07700        0.06428        0.94295     1
   59838.625605       0.034207        0.64787        0.02069        0.32465     1
   59840.568524       0.100908        0.32223        0.01568        0.11107     1
   59842.310577       0.003312        0.42425        0.03392        0.93483     1
   59845.505010       0.003980        0.40886        0.02818        0.97048     1
   59869.814172       0.008309        0.70057        0.02947        0.71465     1
   59869.881181       0.008352        0.89996        0.03755        0.87174     1
   59874.429595       0.039451        0.99419        0.03373        0.27890     1
   59876.314323       0.475244        0.79863        0.03133        0.02145     1
   59877.470103       0.431261        0.79251        0.04286        0.01299     1
   59881.354904       0.273544        1.11067        0.03921        0.03391     1
   59884.067403       0.005491        1.20308        0.05228        0.97152     1
   59887.417552       0.167145        1.58331        0.06886        0.04065     1
   59890.205810       0.094702        1.41972        0.18292        0.00377     0
   59890.209092       0.097132        1.06577        0.05030        0.05503     1
   59896.267141       0.000043        2.60311        0.65599        0.97496     0
   59896.274552       0.007350        1.07754        0.04345        0.96188     1
   59904.818774       0.009703        1.33153        0.04160        0.97916     1
   59906.307980       0.293371        1.99858        0.07227        0.02752     1
   59908.686055       0.034629        0.92666        0.03184        0.32696     1
   59916.676134       0.009383        1.23480        0.04012        0.97455     1
   59918.196997       0.138399        1.25065        0.03986        0.08201     1
   59920.510435       0.399944        0.98494        0.03461        0.02980     1
   59926.601542       0.332459        0.91326        0.03232        0.03436     1
   59928.556371       0.362674        1.48047        0.36425        0.00024     0
   59928.562493       0.368729        1.23876        0.04309        0.02323     1
   59930.488536       0.500330        0.90142        0.03205        0.02419     1
   59939.534918       0.208135        0.99284        0.03272        0.05486     1
   59949.546430       0.004924        0.59640        0.03209        0.97297     1
   59951.916127       0.004692        1.11453        0.05523        0.96322     1
   59953.441304       0.005186        0.53408        0.02766        0.98598     1
   59955.887597       0.004241        0.50970        0.02983        0.98016     1
   59957.820201       0.070042        0.46727        0.01859        0.14487     1
