61202.50  3.50  2.26e-07  0.00e+00    0.00    0.00
61209.50  3.50  1.43e-07  3.82e-08    0.92    0.39
61216.50  3.50  1.51e-07  0.00e+00    0.00    0.00
61223.50  3.50  9.11e-08  0.00e+00    0.00    0.00
61230.50  3.50  1.70e-07  0.00e+00    0.00    0.00
61237.50  3.50  1.73e-07  4.31e-08    1.12    0.47
61244.50  3.50  8.44e-08  0.00e+00    0.00    0.00
61251.50  3.50  1.37e-07  1.24e-08    0.89    0.37
61258.50  3.50  1.56e-07  3.38e-08    1.01    0.42
61265.50  3.50  6.72e-08  3.37e-08    0.44    0.18
61272.50  3.50  1.42e-07  5.02e-08    0.92    0.39
61279.50  3.50  1.12e-07  1.85e-08    0.72    0.30
61286.50  3.50  1.17e-07  3.59e-08    0.76    0.32
61293.50  3.50  1.42e-07  0.00e+00    0.00    0.00
