61209.50  3.50  1.25e-08  0.00e+00    0.00    0.00
61216.50  3.50  1.04e-08  0.00e+00    0.00    0.00
61223.50  3.50  1.14e-08  0.00e+00    0.00    0.00
61230.50  3.50  5.83e-09  0.00e+00    0.00    0.00
61237.50  3.50  1.01e-08  4.00e-09    0.50    0.21
61244.50  3.50  1.18e-08  0.00e+00    0.00    0.00
61251.50  3.50  5.62e-09  2.48e-09    0.28    0.12
61258.50  3.50  9.90e-09  3.17e-09    0.49    0.21
61265.50  3.50  9.90e-09  1.70e-09    0.49    0.21
61272.50  3.50  2.11e-08  0.00e+00    0.00    0.00
61279.50  3.50  8.71e-09  0.00e+00    0.00    0.00
61286.50  3.50  1.08e-08  3.96e-09    0.53    0.22
61293.50  3.50  9.11e-09  0.00e+00    0.00    0.00
61300.50  3.50  1.07e-08  3.49e-09    0.53    0.22
