61202.50  0.50  7.33e-07  0.00e+00    0.00    0.00
61203.50  0.50  3.39e-07  0.00e+00    0.00    0.00
61204.50  0.50  4.25e-07  0.00e+00    0.00    0.00
61205.50  0.50  3.98e-07  0.00e+00    0.00    0.00
61206.50  0.50  3.61e-07  0.00e+00    0.00    0.00
61207.50  0.50  2.26e-07  0.00e+00    0.00    0.00
61208.50  0.50  6.09e-07  0.00e+00    0.00    0.00
61209.50  0.50  3.64e-07  0.00e+00    0.00    0.00
61210.50  0.50  9.73e-08  0.00e+00    0.00    0.00
61211.50  0.50  3.72e-07  0.00e+00    0.00    0.00
61212.50  0.50  2.71e-07  0.00e+00    0.00    0.00
61213.50  0.50  3.18e-07  0.00e+00    0.00    0.00
61214.50  0.50  4.45e-07  0.00e+00    0.00    0.00
61215.50  0.50  3.27e-07  0.00e+00    0.00    0.00
61216.50  0.50  3.42e-07  0.00e+00    0.00    0.00
61217.50  0.50  5.86e-07  0.00e+00    0.00    0.00
61218.50  0.50  5.26e-07  0.00e+00    0.00    0.00
61219.50  0.50  3.14e-07  0.00e+00    0.00    0.00
61220.50  0.50  7.80e-07  0.00e+00    0.00    0.00
61221.50  0.50  1.00e-06  0.00e+00    0.00    0.00
61222.50  0.50  1.36e-07  0.00e+00    0.00    0.00
61223.50  0.50  4.38e-07  0.00e+00    0.00    0.00
61224.50  0.50  1.78e-07  0.00e+00    0.00    0.00
61225.50  0.50  1.02e-07  0.00e+00    0.00    0.00
61226.50  0.50  3.29e-07  0.00e+00    0.00    0.00
61227.50  0.50  7.03e-07  0.00e+00    0.00    0.00
61228.50  0.50  3.93e-07  0.00e+00    0.00    0.00
61229.50  0.50  4.10e-07  0.00e+00    0.00    0.00
61230.50  0.50  9.95e-08  0.00e+00    0.00    0.00
61231.50  0.50  4.62e-07  0.00e+00    0.00    0.00
61232.50  0.50  4.14e-07  0.00e+00    0.00    0.00
61233.50  0.50  2.16e-07  0.00e+00    0.00    0.00
61234.50  0.50  5.85e-07  0.00e+00    0.00    0.00
61235.50  0.50  4.82e-07  4.99e-08    3.12    1.31
61236.50  0.50  3.67e-07  0.00e+00    0.00    0.00
61237.50  0.50  4.83e-07  0.00e+00    0.00    0.00
61238.50  0.50  3.41e-07  0.00e+00    0.00    0.00
61239.50  0.50  3.27e-07  0.00e+00    0.00    0.00
61240.50  0.50  3.56e-07  0.00e+00    0.00    0.00
61241.50  0.50  4.62e-07  0.00e+00    0.00    0.00
61242.50  0.50  3.14e-07  0.00e+00    0.00    0.00
61243.50  0.50  2.58e-07  0.00e+00    0.00    0.00
61244.50  0.50  4.78e-07  0.00e+00    0.00    0.00
61245.50  0.50  4.93e-07  0.00e+00    0.00    0.00
61246.50  0.50  7.88e-07  0.00e+00    0.00    0.00
61247.50  0.50  1.05e-07  0.00e+00    0.00    0.00
61248.50  0.50  3.49e-07  0.00e+00    0.00    0.00
61249.50  0.50  5.15e-07  0.00e+00    0.00    0.00
61250.50  0.50  4.24e-07  0.00e+00    0.00    0.00
61251.50  0.50  6.02e-07  0.00e+00    0.00    0.00
61252.50  0.50  1.93e-07  5.01e-08    1.25    0.53
61253.50  0.50  8.20e-07  0.00e+00    0.00    0.00
61254.50  0.50  2.36e-07  4.35e-08    1.53    0.64
61255.50  0.50  2.05e-07  0.00e+00    0.00    0.00
61256.50  0.50  4.89e-07  0.00e+00    0.00    0.00
61257.50  0.50  9.22e-08  0.00e+00    0.00    0.00
61258.50  0.50  4.01e-07  0.00e+00    0.00    0.00
61259.50  0.50  4.51e-07  1.17e-07    2.92    1.23
61260.50  0.50  3.20e-07  0.00e+00    0.00    0.00
61261.50  0.50  2.14e-07  0.00e+00    0.00    0.00
61262.50  0.50  3.89e-07  0.00e+00    0.00    0.00
61263.50  0.50  2.86e-07  0.00e+00    0.00    0.00
61264.50  0.50  4.60e-07  0.00e+00    0.00    0.00
61265.50  0.50  2.71e-07  0.00e+00    0.00    0.00
61266.50  0.50  5.61e-07  0.00e+00    0.00    0.00
61267.50  0.50  2.17e-07  0.00e+00    0.00    0.00
61268.50  0.50  3.52e-07  0.00e+00    0.00    0.00
61269.50  0.50  1.30e-07  0.00e+00    0.00    0.00
61270.50  0.50  8.27e-07  0.00e+00    0.00    0.00
61271.50  0.50  6.47e-07  0.00e+00    0.00    0.00
61272.50  0.50  1.18e-07  0.00e+00    0.00    0.00
61273.50  0.50  4.43e-07  0.00e+00    0.00    0.00
61274.50  0.50  4.57e-07  0.00e+00    0.00    0.00
61275.50  0.50  4.86e-07  0.00e+00    0.00    0.00
61276.50  0.50  1.90e-07  0.00e+00    0.00    0.00
61277.50  0.50  3.41e-07  0.00e+00    0.00    0.00
61278.50  0.50  5.90e-07  0.00e+00    0.00    0.00
61279.50  0.50  4.54e-07  0.00e+00    0.00    0.00
61280.50  0.50  3.25e-07  0.00e+00    0.00    0.00
61281.50  0.50  5.71e-07  0.00e+00    0.00    0.00
61282.50  0.50  2.54e-07  0.00e+00    0.00    0.00
61283.50  0.50  3.43e-07  0.00e+00    0.00    0.00
61284.50  0.50  3.66e-07  0.00e+00    0.00    0.00
61285.50  0.50  1.25e-07  0.00e+00    0.00    0.00
61286.50  0.50  3.60e-07  0.00e+00    0.00    0.00
61287.50  0.50  3.47e-07  0.00e+00    0.00    0.00
61288.50  0.50  4.31e-07  0.00e+00    0.00    0.00
61289.50  0.50  4.74e-07  1.48e-07    3.08    1.29
61290.50  0.50  1.04e-07  0.00e+00    0.00    0.00
61291.50  0.50  5.00e-07  0.00e+00    0.00    0.00
61292.50  0.50  9.55e-07  0.00e+00    0.00    0.00
61293.50  0.50  8.29e-08  0.00e+00    0.00    0.00
61294.50  0.50  3.94e-07  0.00e+00    0.00    0.00
61295.50  0.50  3.79e-07  0.00e+00    0.00    0.00
61296.50  0.50  4.92e-07  0.00e+00    0.00    0.00
61297.50  0.50  5.58e-07  0.00e+00    0.00    0.00
61298.50  0.50  4.69e-07  0.00e+00    0.00    0.00
61299.50  0.50  9.56e-08  2.10e-08    0.62    0.26
61300.50  0.50  3.75e-07  0.00e+00    0.00    0.00
61301.50  0.50  1.88e-07  0.00e+00    0.00    0.00
