/*
**
**  Swift/XRT light curve for 3C 66A.
**
**  Data taken from the automatic processing at http://www.swift.psu.edu/monitoring/
**
**  When using these data and results in publications, please reference M.C. Stroh & A.D. Falcone 2013, ApJS, 207, 28; arXiv: 1305.4949.
**
**  Key:
**
**   BinCenter      - Center of time bin (MJD)
**   BinHW          - One-half of the full time bin size (days)
**   Rate           - The background subtracted, PSF corrected and pile-up corrected source count rate (cts/s).
**   RateError      - 1 sigma error in source count rate (cts/s)
**   FracExp        - Conversion factor between bin size and observing time
**   Mode           - 0 if in Windowed Timing (WT)
**                    1 if in Photon Counting (PC)
**
**
**  Upper limits have an error listed as -1.00000.
**
*/
      BinCenter          BinHW           Rate      RateError        FracExp  Mode
   53550.589330       0.132812        0.19264        0.02424        0.02074     0
   53550.591798       0.135232        0.17339        0.00679        0.20334     1
   53702.500478       1.446823        0.44743        0.04527        0.00125     0
   53702.505986       1.452299        0.18825        0.00224        0.19119     1
   54741.376561       0.033707        1.50333        0.39921        0.00207     0
   54741.378660       0.035689        0.69112        0.02223        0.30987     1
   54742.896427       0.607687        0.56373        0.01290        0.04168     1
   54744.296411       0.138965        0.37587        0.01548        0.10569     1
   54745.334073       0.104075        0.36502        0.01305        0.17724     1
   55181.341353       0.241282        0.24996        0.01438        0.05619     1
   55501.717843       0.071698        0.12546        0.00703        0.26008     1
   55508.688491       0.004416        0.11849        0.01444        0.96274     1
   55510.946797       0.007350        0.14481        0.01237        0.94214     1
   55783.951339       0.041703        0.08930        0.00639        0.38216     1
   55960.816768       0.070695        0.07709        0.00993        0.08733     1
   56182.218585       0.005709        0.09838        0.01160        0.95523     1
   56210.406341       0.005418        0.15900        0.01541        0.94062     1
   56217.362280       0.006449        0.12762        0.01245        0.94216     1
   56223.386788       0.005534        0.07872        0.01095        0.93173     1
   56265.185988       0.007030        0.08697        0.00973        0.96064     1
   56272.165400       0.035980        0.08160        0.01097        0.18607     1
   56278.223762       0.007452        0.17058        0.01318        0.94325     1
   56574.318707       0.005563        0.24554        0.01813        0.95525     1
   56577.327470       0.000276        0.40035       -1.00000        0.92311     1
   56601.283238       0.001467        0.10761        0.02469        0.90304     1
   56604.282630       0.005549        0.12234        0.01326        0.96476     1
   56919.310386       0.005578        0.16841        0.01527        0.94089     1
   56924.306146       0.005650        0.25020        0.01811        0.96741     1
   56929.302195       0.006115        0.11501        0.01380        0.94751     1
   56934.434508       0.005767        0.11386        0.01251        0.97014     1
   56950.294557       0.006115        0.21470        0.01637        0.93828     1
   56955.290662       0.005868        0.19296        0.01617        0.93885     1
   56960.360940       0.006406        0.19555        0.01546        0.93449     1
   56974.211737       0.005621        0.15489        0.01480        0.96251     1
   56977.344975       0.005679        0.10467        0.01220        0.93588     1
   56983.325348       0.006595        0.13951        0.01283        0.93632     1
   56988.254537       0.006566        0.22892        0.01623        0.95162     1
   57006.171630       0.006101        0.20418        0.01624        0.93539     1
   57010.107021       0.006101        0.16859        0.01495        0.93095     1
   57032.131656       0.005796        0.31443        0.02688        0.92956     1
   57036.127200       0.006086        0.23477        0.01689        0.96419     1
   57304.375640       0.077813        0.17590        0.01152        0.13936     1
   57305.712527       0.006173        0.14435        0.01343        0.93166     1
   57306.710247       0.005709        0.13314        0.01358        0.94151     1
   57307.709105       0.005433        0.16287        0.01522        0.97008     1
   57308.398019       0.040860        0.16516        0.01149        0.22721     1
   57309.702536       0.006478        0.13954        0.01288        0.93967     1
   57310.361053       0.005563        0.13302        0.02431        0.94771     1
   57311.960569       0.006101        0.15300        0.01435        0.95343     1
   57312.330637       0.038115        0.15438        0.01164        0.23424     1
   57316.375258       0.037234        0.24534        0.03173        0.05315     0
   57316.375320       0.037098        0.10241        0.01302        0.13496     1
   57331.274631       0.031462        0.09849        0.00830        0.33852     1
   57335.253138       0.039190        0.10459        0.01263        0.24271     1
   57339.241377       0.035689        0.08329        0.00819        0.26750     1
   57343.603848       0.345430        0.07377        0.00705        0.03804     1
   57358.198515       0.040352        0.12078        0.00925        0.27885     1
   57362.194011       0.112209        0.10258        0.00860        0.10657     1
   57365.283812       0.005723        0.08911        0.01094        0.95659     1
   57366.274686       0.004445        0.07562        0.01219        0.94077     1
   57367.074257       0.005578        0.12084        0.01309        0.95033     1
   57368.141378       0.005796        0.12344        0.01267        0.95462     1
   57369.012254       0.005069        0.10638        0.01340        0.89932     1
   57370.165042       0.034934        0.11117        0.00894        0.30052     1
   57371.600611       0.005636        0.12414        0.01353        0.93591     1
   57386.126036       0.034353        0.11067        0.00887        0.30471     1
   57390.139605       0.061051        0.10445        0.00835        0.18118     1
   57394.198405       0.063375        0.11072        0.00856        0.17561     1
   57398.146159       0.034382        0.14209        0.01003        0.30518     1
   57684.310747       0.005229        0.10902        0.01273        0.94491     1
   57690.274706       0.004445        0.12324        0.01516        0.94484     1
   57695.321800       0.005955        0.12001        0.01298        0.95210     1
   57700.314734       0.006086        0.15102        0.01399        0.93562     1
   57717.256464       0.004619        0.27461        0.02409        0.96120     1
   57722.237710       0.006014        0.16704        0.01470        0.95541     1
   57727.290303       0.005505        0.19922        0.01715        0.92317     1
   57992.167383       0.000349        0.31363       -1.00000        0.93288     1
   57996.623376       0.002978        0.08526        0.01646        0.93659     1
   58014.410384       0.005549        0.08865        0.01631        0.95807     1
   58015.469844       0.069708        0.07748        0.00894        0.17219     1
   58016.502868       0.038100        0.09627        0.00825        0.27289     1
   58017.763540       0.169774        0.09980        0.01031        0.04013     1
   58018.363142       0.037519        0.10582        0.00909        0.30029     1
   58019.633169       0.039727        0.09198        0.00762        0.29993     1
   58020.759256       0.033772        0.09879        0.00835        0.30675     1
   58021.694303       0.042458        0.09163        0.00881        0.25431     1
   58022.384288       0.005941        0.08862        0.01778        0.95333     1
   58027.437522       0.005520        0.08515        0.01096        0.94238     1
   58044.307476       0.005694        0.09428        0.01146        0.94026     1
   58049.289090       0.004590        0.08935        0.01229        0.94829     1
   58054.334810       0.006144        0.09673        0.01096        0.95794     1
   58163.766593       0.039625        0.09569        0.00822        0.28793     1
   58164.195258       0.138733        0.08627        0.00750        0.08382     1
   58165.093613       0.034149        0.08953        0.00770        0.33703     1
   58166.949064       0.036328        0.10636        0.00901        0.28458     1
   58167.948625       0.036778        0.13736        0.01318        0.29356     1
   58168.614023       0.031578        0.15956        0.01374        0.26561     1
   58169.813893       0.171488        0.11340        0.00913        0.06459     1
   58400.304861       0.004822        0.09275        0.01242        0.93961     1
   58403.427748       0.005534        0.07631        0.01040        0.93387     1
   58408.350197       0.005345        0.05664        0.01019        0.95676     1
   58427.267372       0.006173        0.07822        0.00981        0.96235     1
   58431.180966       0.005839        0.08308        0.01071        0.96028     1
   58458.224720       0.005825        0.05532        0.00899        0.95813     1
   58462.210747       0.005897        0.06297        0.00961        0.94093     1
   58511.143304       0.005302        0.11739        0.01302        0.95940     1
   58515.130521       0.006246        0.12994        0.01282        0.94875     1
   58810.169188       0.005084        0.10121        0.01829        0.97937     1
   58814.285463       0.004779        0.11600        0.01383        0.94786     1
   58817.205537       0.005563        0.08074        0.01094        0.92802     1
   58838.248208       0.005868        0.12143        0.01275        0.95792     1
   58840.168456       0.005810        0.11582        0.01236        0.96244     1
   58842.222278       0.006188        0.08149        0.00999        0.95784     1
   58844.080660       0.006144        0.10396        0.01153        0.93869     1
   58850.089622       0.039073        0.12664        0.00960        0.25192     1
   59143.283422       0.044332        0.09654        0.00818        0.24135     1
   59220.075368       0.004474        0.08570        0.01593        0.95944     1
   59524.261608       0.005011        0.07624        0.01109        0.94763     1
   59547.194680       0.032784        0.13633        0.01719        0.10268     1
