61223.50  3.50  7.30e-09  0.00e+00    0.00    0.00
61230.50  3.50  3.39e-09  0.00e+00    0.00    0.00
61237.50  3.50  8.39e-09  0.00e+00    0.00    0.00
61244.50  3.50  2.29e-09  0.00e+00    0.00    0.00
61251.50  3.50  2.37e-09  0.00e+00    0.00    0.00
61258.50  3.50  8.62e-09  0.00e+00    0.00    0.00
61265.50  3.50  1.14e-08  0.00e+00    0.00    0.00
61272.50  3.50  3.56e-09  0.00e+00    0.00    0.00
61279.50  3.50  8.34e-09  0.00e+00    0.00    0.00
61286.50  3.50  6.32e-09  0.00e+00    0.00    0.00
61293.50  3.50  3.73e-09  0.00e+00    0.00    0.00
61300.50  3.50  4.16e-09  0.00e+00    0.00    0.00
61307.50  3.50  2.25e-09  0.00e+00    0.00    0.00
61314.50  3.50  4.68e-09  0.00e+00    0.00    0.00
