61272.50  3.50  2.08e-08  0.00e+00    0.00    0.00
61272.50  3.50  3.52e-08  0.00e+00    0.00    0.00
61279.50  3.50  2.49e-08  0.00e+00    0.00    0.00
61279.50  3.50  2.96e-08  0.00e+00    0.00    0.00
61286.50  3.50  3.38e-08  0.00e+00    0.00    0.00
61286.50  3.50  3.37e-08  0.00e+00    0.00    0.00
61293.50  3.50  1.83e-08  0.00e+00    0.00    0.00
61293.50  3.50  2.03e-08  0.00e+00    0.00    0.00
61300.50  3.50  1.45e-08  0.00e+00    0.00    0.00
61300.50  3.50  7.03e-08  0.00e+00    0.00    0.00
61307.50  3.50  2.43e-08  0.00e+00    0.00    0.00
61307.50  3.50  4.61e-08  0.00e+00    0.00    0.00
61314.50  3.50  2.54e-08  0.00e+00    0.00    0.00
61314.50  3.50  2.02e-08  0.00e+00    0.00    0.00
