61272.50  3.50  3.67e-09  0.00e+00    0.00    0.00
61272.50  3.50  7.98e-09  0.00e+00    0.00    0.00
61279.50  3.50  4.27e-09  0.00e+00    0.00    0.00
61279.50  3.50  3.39e-09  0.00e+00    0.00    0.00
61286.50  3.50  1.04e-08  0.00e+00    0.00    0.00
61286.50  3.50  8.38e-09  0.00e+00    0.00    0.00
61293.50  3.50  5.08e-09  0.00e+00    0.00    0.00
61293.50  3.50  4.01e-09  0.00e+00    0.00    0.00
61300.50  3.50  2.08e-09  0.00e+00    0.00    0.00
61300.50  3.50  6.04e-09  0.00e+00    0.00    0.00
61307.50  3.50  4.26e-09  0.00e+00    0.00    0.00
61307.50  3.50  1.18e-08  0.00e+00    0.00    0.00
61314.50  3.50  3.07e-09  0.00e+00    0.00    0.00
61314.50  3.50  2.75e-09  0.00e+00    0.00    0.00
