61273.50  0.50  1.83e-08  0.00e+00    0.00    0.00
61273.50  0.50  1.82e-08  0.00e+00    0.00    0.00
61274.50  0.50  2.46e-08  0.00e+00    0.00    0.00
61274.50  0.50  2.25e-08  0.00e+00    0.00    0.00
61275.50  0.50  2.69e-08  0.00e+00    0.00    0.00
61275.50  0.50  5.76e-08  0.00e+00    0.00    0.00
61276.50  0.50  3.92e-08  0.00e+00    0.00    0.00
61276.50  0.50  1.84e-08  0.00e+00    0.00    0.00
61277.50  0.50  1.66e-08  0.00e+00    0.00    0.00
61277.50  0.50  1.73e-08  0.00e+00    0.00    0.00
61278.50  0.50  1.64e-08  0.00e+00    0.00    0.00
61278.50  0.50  1.70e-08  0.00e+00    0.00    0.00
61279.50  0.50  1.89e-08  0.00e+00    0.00    0.00
61279.50  0.50  2.07e-08  0.00e+00    0.00    0.00
61280.50  0.50  1.90e-08  0.00e+00    0.00    0.00
61280.50  0.50  2.77e-08  0.00e+00    0.00    0.00
61281.50  0.50  1.85e-08  0.00e+00    0.00    0.00
61281.50  0.50  2.47e-08  0.00e+00    0.00    0.00
61282.50  0.50  1.69e-08  0.00e+00    0.00    0.00
61282.50  0.50  1.75e-08  0.00e+00    0.00    0.00
61283.50  0.50  1.61e-08  0.00e+00    0.00    0.00
61283.50  0.50  1.89e-08  0.00e+00    0.00    0.00
61284.50  0.50  6.52e-08  0.00e+00    0.00    0.00
61284.50  0.50  3.62e-08  0.00e+00    0.00    0.00
61285.50  0.50  1.49e-08  0.00e+00    0.00    0.00
61285.50  0.50  1.54e-08  0.00e+00    0.00    0.00
61286.50  0.50  3.27e-08  0.00e+00    0.00    0.00
61286.50  0.50  2.16e-08  0.00e+00    0.00    0.00
61287.50  0.50  1.93e-08  0.00e+00    0.00    0.00
61287.50  0.50  1.80e-08  0.00e+00    0.00    0.00
61288.50  0.50  1.25e-08  0.00e+00    0.00    0.00
61288.50  0.50  1.28e-08  0.00e+00    0.00    0.00
61289.50  0.50  1.64e-08  0.00e+00    0.00    0.00
61289.50  0.50  6.10e-08  0.00e+00    0.00    0.00
61290.50  0.50  1.24e-08  0.00e+00    0.00    0.00
61290.50  0.50  1.35e-08  0.00e+00    0.00    0.00
61291.50  0.50  3.77e-08  0.00e+00    0.00    0.00
61291.50  0.50  1.88e-08  0.00e+00    0.00    0.00
61292.50  0.50  1.63e-08  0.00e+00    0.00    0.00
61292.50  0.50  1.99e-08  0.00e+00    0.00    0.00
61293.50  0.50  1.23e-08  0.00e+00    0.00    0.00
61293.50  0.50  1.21e-08  0.00e+00    0.00    0.00
61294.50  0.50  1.39e-08  0.00e+00    0.00    0.00
61294.50  0.50  1.48e-08  0.00e+00    0.00    0.00
61295.50  0.50  1.76e-08  0.00e+00    0.00    0.00
61295.50  0.50  3.92e-08  0.00e+00    0.00    0.00
61296.50  0.50  1.53e-08  0.00e+00    0.00    0.00
61296.50  0.50  1.49e-08  0.00e+00    0.00    0.00
61297.50  0.50  1.77e-08  0.00e+00    0.00    0.00
61297.50  0.50  2.48e-08  0.00e+00    0.00    0.00
61298.50  0.50  1.29e-08  0.00e+00    0.00    0.00
61298.50  0.50  1.30e-08  0.00e+00    0.00    0.00
61299.50  0.50  1.38e-08  0.00e+00    0.00    0.00
61299.50  0.50  1.40e-08  0.00e+00    0.00    0.00
61300.50  0.50  1.35e-08  0.00e+00    0.00    0.00
61300.50  0.50  1.46e-08  0.00e+00    0.00    0.00
61301.50  0.50  1.72e-08  0.00e+00    0.00    0.00
61301.50  0.50  4.09e-08  0.00e+00    0.00    0.00
61302.50  0.50  1.46e-08  0.00e+00    0.00    0.00
61302.50  0.50  2.06e-08  0.00e+00    0.00    0.00
61303.50  0.50  2.45e-08  0.00e+00    0.00    0.00
61303.50  0.50  3.64e-08  0.00e+00    0.00    0.00
61304.50  0.50  4.47e-08  0.00e+00    0.00    0.00
61304.50  0.50  3.89e-08  0.00e+00    0.00    0.00
61305.50  0.50  1.52e-08  0.00e+00    0.00    0.00
61305.50  0.50  4.18e-08  0.00e+00    0.00    0.00
61306.50  0.50  2.94e-08  0.00e+00    0.00    0.00
61306.50  0.50  2.68e-08  0.00e+00    0.00    0.00
61307.50  0.50  2.96e-08  0.00e+00    0.00    0.00
61307.50  0.50  2.90e-08  0.00e+00    0.00    0.00
61308.50  0.50  1.73e-08  0.00e+00    0.00    0.00
61308.50  0.50  1.75e-08  0.00e+00    0.00    0.00
61309.50  0.50  2.02e-08  0.00e+00    0.00    0.00
61309.50  0.50  2.77e-08  0.00e+00    0.00    0.00
61310.50  0.50  1.67e-08  0.00e+00    0.00    0.00
61310.50  0.50  1.68e-08  0.00e+00    0.00    0.00
61311.50  0.50  1.74e-08  0.00e+00    0.00    0.00
61311.50  0.50  1.74e-08  0.00e+00    0.00    0.00
61312.50  0.50  3.20e-08  0.00e+00    0.00    0.00
61312.50  0.50  1.85e-08  0.00e+00    0.00    0.00
61313.50  0.50  2.13e-08  0.00e+00    0.00    0.00
61313.50  0.50  2.07e-08  0.00e+00    0.00    0.00
61314.50  0.50  1.85e-08  0.00e+00    0.00    0.00
61314.50  0.50  1.90e-08  0.00e+00    0.00    0.00
61315.50  0.50  1.69e-08  0.00e+00    0.00    0.00
61315.50  0.50  1.75e-08  0.00e+00    0.00    0.00
61316.50  0.50  2.18e-08  0.00e+00    0.00    0.00
61316.50  0.50  2.07e-08  0.00e+00    0.00    0.00
61317.50  0.50  2.30e-08  0.00e+00    0.00    0.00
61317.50  0.50  2.50e-08  0.00e+00    0.00    0.00
61318.50  0.50  2.07e-08  0.00e+00    0.00    0.00
61318.50  0.50  2.09e-08  0.00e+00    0.00    0.00
61319.50  0.50  1.86e-08  0.00e+00    0.00    0.00
61319.50  0.50  1.85e-08  0.00e+00    0.00    0.00
61320.50  0.50  3.19e-08  0.00e+00    0.00    0.00
61320.50  0.50  3.14e-08  0.00e+00    0.00    0.00
61321.50  0.50  2.41e-08  0.00e+00    0.00    0.00
61321.50  0.50  3.53e-08  0.00e+00    0.00    0.00
61322.50  0.50  2.16e-08  0.00e+00    0.00    0.00
61322.50  0.50  2.11e-08  0.00e+00    0.00    0.00
