61252.50  0.50  1.34e-07  0.00e+00    0.00    0.00
61252.50  0.50  3.56e-07  0.00e+00    0.00    0.00
61253.50  0.50  2.82e-07  0.00e+00    0.00    0.00
61253.50  0.50  1.13e-07  0.00e+00    0.00    0.00
61254.50  0.50  7.32e-08  0.00e+00    0.00    0.00
61254.50  0.50  3.61e-07  0.00e+00    0.00    0.00
61255.50  0.50  1.12e-07  0.00e+00    0.00    0.00
61255.50  0.50  6.27e-08  0.00e+00    0.00    0.00
61256.50  0.50  1.59e-07  0.00e+00    0.00    0.00
61256.50  0.50  1.91e-07  0.00e+00    0.00    0.00
61257.50  0.50  8.04e-08  0.00e+00    0.00    0.00
61257.50  0.50  1.02e-07  0.00e+00    0.00    0.00
61258.50  0.50  4.03e-07  0.00e+00    0.00    0.00
61258.50  0.50  9.03e-08  0.00e+00    0.00    0.00
61259.50  0.50  4.27e-08  0.00e+00    0.00    0.00
61259.50  0.50  5.24e-08  0.00e+00    0.00    0.00
61260.50  0.50  2.51e-07  0.00e+00    0.00    0.00
61260.50  0.50  1.85e-07  0.00e+00    0.00    0.00
61261.50  0.50  5.25e-07  0.00e+00    0.00    0.00
61261.50  0.50  8.18e-08  0.00e+00    0.00    0.00
61262.50  0.50  9.08e-08  0.00e+00    0.00    0.00
61262.50  0.50  1.59e-07  0.00e+00    0.00    0.00
61263.50  0.50  7.79e-08  0.00e+00    0.00    0.00
61263.50  0.50  4.24e-07  0.00e+00    0.00    0.00
61264.50  0.50  8.84e-08  0.00e+00    0.00    0.00
61264.50  0.50  1.59e-07  0.00e+00    0.00    0.00
61265.50  0.50  1.36e-07  0.00e+00    0.00    0.00
61265.50  0.50  1.63e-07  0.00e+00    0.00    0.00
61266.50  0.50  3.20e-07  0.00e+00    0.00    0.00
61266.50  0.50  1.64e-07  0.00e+00    0.00    0.00
61267.50  0.50  1.12e-07  0.00e+00    0.00    0.00
61267.50  0.50  4.98e-07  0.00e+00    0.00    0.00
61268.50  0.50  1.10e-07  0.00e+00    0.00    0.00
61268.50  0.50  2.37e-07  0.00e+00    0.00    0.00
61269.50  0.50  8.63e-08  0.00e+00    0.00    0.00
61269.50  0.50  6.84e-07  0.00e+00    0.00    0.00
61270.50  0.50  4.04e-08  0.00e+00    0.00    0.00
61270.50  0.50  8.16e-08  0.00e+00    0.00    0.00
61271.50  0.50  5.51e-08  0.00e+00    0.00    0.00
61271.50  0.50  5.05e-08  0.00e+00    0.00    0.00
61272.50  0.50  1.24e-07  0.00e+00    0.00    0.00
61272.50  0.50  1.35e-07  0.00e+00    0.00    0.00
61273.50  0.50  3.11e-07  0.00e+00    0.00    0.00
61273.50  0.50  9.89e-08  0.00e+00    0.00    0.00
61274.50  0.50  5.81e-08  0.00e+00    0.00    0.00
61274.50  0.50  5.42e-08  0.00e+00    0.00    0.00
61275.50  0.50  8.75e-08  0.00e+00    0.00    0.00
61275.50  0.50  1.80e-07  0.00e+00    0.00    0.00
61276.50  0.50  8.65e-08  0.00e+00    0.00    0.00
61276.50  0.50  1.40e-07  0.00e+00    0.00    0.00
61277.50  0.50  1.17e-07  0.00e+00    0.00    0.00
61277.50  0.50  1.69e-07  0.00e+00    0.00    0.00
61278.50  0.50  1.27e-07  0.00e+00    0.00    0.00
61278.50  0.50  1.13e-07  0.00e+00    0.00    0.00
61279.50  0.50  6.94e-08  0.00e+00    0.00    0.00
61279.50  0.50  1.01e-07  0.00e+00    0.00    0.00
61280.50  0.50  1.05e-07  0.00e+00    0.00    0.00
61280.50  0.50  1.49e-07  0.00e+00    0.00    0.00
61281.50  0.50  2.04e-07  0.00e+00    0.00    0.00
61281.50  0.50  1.42e-07  0.00e+00    0.00    0.00
61282.50  0.50  9.88e-08  0.00e+00    0.00    0.00
61282.50  0.50  8.93e-08  0.00e+00    0.00    0.00
61283.50  0.50  6.25e-08  0.00e+00    0.00    0.00
61283.50  0.50  8.34e-08  0.00e+00    0.00    0.00
61284.50  0.50  1.06e-07  0.00e+00    0.00    0.00
61284.50  0.50  8.41e-08  0.00e+00    0.00    0.00
61285.50  0.50  8.69e-08  0.00e+00    0.00    0.00
61285.50  0.50  6.24e-08  0.00e+00    0.00    0.00
61286.50  0.50  1.27e-07  0.00e+00    0.00    0.00
61286.50  0.50  1.12e-07  0.00e+00    0.00    0.00
61287.50  0.50  6.37e-08  0.00e+00    0.00    0.00
61287.50  0.50  4.63e-08  0.00e+00    0.00    0.00
61288.50  0.50  1.14e-07  0.00e+00    0.00    0.00
61288.50  0.50  2.79e-07  0.00e+00    0.00    0.00
61289.50  0.50  8.04e-08  0.00e+00    0.00    0.00
61289.50  0.50  2.28e-07  0.00e+00    0.00    0.00
61290.50  0.50  8.42e-08  0.00e+00    0.00    0.00
61290.50  0.50  6.41e-08  0.00e+00    0.00    0.00
61291.50  0.50  7.82e-08  0.00e+00    0.00    0.00
61291.50  0.50  9.05e-08  0.00e+00    0.00    0.00
61292.50  0.50  1.72e-07  0.00e+00    0.00    0.00
61292.50  0.50  1.93e-07  0.00e+00    0.00    0.00
61293.50  0.50  4.90e-07  0.00e+00    0.00    0.00
61293.50  0.50  4.92e-08  0.00e+00    0.00    0.00
61294.50  0.50  7.78e-08  0.00e+00    0.00    0.00
61294.50  0.50  6.16e-08  0.00e+00    0.00    0.00
61295.50  0.50  5.36e-08  0.00e+00    0.00    0.00
61295.50  0.50  6.55e-08  0.00e+00    0.00    0.00
61296.50  0.50  4.16e-08  0.00e+00    0.00    0.00
61296.50  0.50  4.85e-08  0.00e+00    0.00    0.00
61297.50  0.50  8.77e-08  0.00e+00    0.00    0.00
61297.50  0.50  4.02e-07  0.00e+00    0.00    0.00
61298.50  0.50  2.16e-07  0.00e+00    0.00    0.00
61298.50  0.50  1.39e-07  0.00e+00    0.00    0.00
61299.50  0.50  8.50e-08  0.00e+00    0.00    0.00
61299.50  0.50  8.31e-08  0.00e+00    0.00    0.00
61300.50  0.50  8.52e-08  0.00e+00    0.00    0.00
61300.50  0.50  3.68e-07  0.00e+00    0.00    0.00
61301.50  0.50  7.63e-08  0.00e+00    0.00    0.00
61301.50  0.50  1.73e-07  0.00e+00    0.00    0.00
