61209.50  3.50  8.36e-09  0.00e+00    0.00    0.00
61216.50  3.50  5.36e-09  0.00e+00    0.00    0.00
61223.50  3.50  4.10e-09  0.00e+00    0.00    0.00
61230.50  3.50  1.20e-08  0.00e+00    0.00    0.00
61237.50  3.50  4.59e-09  0.00e+00    0.00    0.00
61244.50  3.50  3.67e-09  0.00e+00    0.00    0.00
61251.50  3.50  6.61e-09  0.00e+00    0.00    0.00
61258.50  3.50  1.40e-08  0.00e+00    0.00    0.00
61265.50  3.50  4.25e-09  0.00e+00    0.00    0.00
61272.50  3.50  5.04e-09  0.00e+00    0.00    0.00
61279.50  3.50  1.01e-08  0.00e+00    0.00    0.00
61286.50  3.50  9.21e-09  0.00e+00    0.00    0.00
61293.50  3.50  5.30e-09  0.00e+00    0.00    0.00
61300.50  3.50  5.33e-09  0.00e+00    0.00    0.00
