61209.50  3.50  1.34e-07  0.00e+00    0.00    0.00
61216.50  3.50  5.32e-07  0.00e+00    0.00    0.00
61223.50  3.50  6.41e-08  0.00e+00    0.00    0.00
61230.50  3.50  6.05e-07  0.00e+00    0.00    0.00
61237.50  3.50  1.15e-08  0.00e+00    0.00    0.00
61244.50  3.50  1.25e-08  0.00e+00    0.00    0.00
61251.50  3.50  6.60e-08  0.00e+00    0.00    0.00
61258.50  3.50  3.31e-07  0.00e+00    0.00    0.00
61265.50  3.50  1.42e-08  0.00e+00    0.00    0.00
61272.50  3.50  2.14e-08  0.00e+00    0.00    0.00
61279.50  3.50  3.24e-07  0.00e+00    0.00    0.00
61286.50  3.50  2.55e-07  0.00e+00    0.00    0.00
61293.50  3.50  1.71e-08  0.00e+00    0.00    0.00
61300.50  3.50  1.61e-08  0.00e+00    0.00    0.00
