61209.50  3.50  2.57e-07  7.74e-08    4.79    0.00
61216.50  3.50  2.31e-07  8.22e-08    4.31    0.00
61223.50  3.50  1.24e-07  0.00e+00    0.00    0.00
61230.50  3.50  2.42e-07  5.60e-08    4.50    0.00
61237.50  3.50  5.09e-07  6.37e-08    9.48    0.01
61244.50  3.50  4.17e-07  5.86e-08    7.76    0.01
61251.50  3.50  3.13e-07  4.69e-08    5.82    0.01
61258.50  3.50  3.44e-07  5.37e-08    6.41    0.01
61265.50  3.50  3.48e-07  5.04e-08    6.47    0.01
61272.50  3.50  4.71e-07  6.33e-08    8.78    0.01
61279.50  3.50  3.87e-07  7.41e-08    7.20    0.01
61286.50  3.50  2.91e-07  6.06e-08    5.42    0.01
61293.50  3.50  1.89e-07  5.16e-08    3.52    0.00
61300.50  3.50  3.07e-07  5.58e-08    5.71    0.01
