61202.50  3.50  9.54e-09  0.00e+00    0.00    0.00
61209.50  3.50  1.51e-08  0.00e+00    0.00    0.00
61216.50  3.50  2.46e-08  0.00e+00    0.00    0.00
61223.50  3.50  1.10e-08  0.00e+00    0.00    0.00
61230.50  3.50  1.85e-08  6.12e-09    14.42    0.01
61237.50  3.50  3.29e-08  7.48e-09    25.60    0.03
61244.50  3.50  2.03e-08  0.00e+00    0.00    0.00
61251.50  3.50  1.18e-08  3.90e-09    9.16    0.01
61258.50  3.50  3.11e-09  0.00e+00    0.00    0.00
61265.50  3.50  2.39e-08  5.59e-09    18.58    0.02
61272.50  3.50  2.17e-08  5.71e-09    16.91    0.02
61279.50  3.50  1.86e-08  0.00e+00    0.00    0.00
61286.50  3.50  1.66e-08  0.00e+00    0.00    0.00
61293.50  3.50  2.00e-08  0.00e+00    0.00    0.00
