61202.50  0.50  3.40e-07  0.00e+00    0.00    0.00
61203.50  0.50  2.58e-07  0.00e+00    0.00    0.00
61204.50  0.50  3.41e-07  0.00e+00    0.00    0.00
61205.50  0.50  3.97e-07  0.00e+00    0.00    0.00
61206.50  0.50  4.17e-07  0.00e+00    0.00    0.00
61207.50  0.50  5.81e-07  0.00e+00    0.00    0.00
61208.50  0.50  3.95e-07  0.00e+00    0.00    0.00
61209.50  0.50  9.48e-07  0.00e+00    0.00    0.00
61210.50  0.50  1.14e-06  0.00e+00    0.00    0.00
61211.50  0.50  7.23e-07  0.00e+00    0.00    0.00
61212.50  0.50  3.38e-07  0.00e+00    0.00    0.00
61213.50  0.50  1.24e-06  0.00e+00    0.00    0.00
61214.50  0.50  9.66e-07  0.00e+00    0.00    0.00
61215.50  0.50  8.50e-07  0.00e+00    0.00    0.00
61216.50  0.50  4.45e-07  0.00e+00    0.00    0.00
61217.50  0.50  1.94e-07  0.00e+00    0.00    0.00
61218.50  0.50  3.69e-07  0.00e+00    0.00    0.00
61219.50  0.50  5.67e-07  0.00e+00    0.00    0.00
61220.50  0.50  7.86e-07  0.00e+00    0.00    0.00
61221.50  0.50  4.51e-07  0.00e+00    0.00    0.00
61222.50  0.50  6.21e-07  0.00e+00    0.00    0.00
61223.50  0.50  2.49e-07  0.00e+00    0.00    0.00
61224.50  0.50  1.52e-07  0.00e+00    0.00    0.00
61225.50  0.50  8.49e-08  0.00e+00    0.00    0.00
61226.50  0.50  1.31e-07  0.00e+00    0.00    0.00
61227.50  0.50  2.85e-07  0.00e+00    0.00    0.00
61228.50  0.50  7.57e-07  0.00e+00    0.00    0.00
61229.50  0.50  2.78e-07  0.00e+00    0.00    0.00
61230.50  0.50  1.71e-07  0.00e+00    0.00    0.00
61231.50  0.50  5.00e-07  0.00e+00    0.00    0.00
61232.50  0.50  4.95e-07  0.00e+00    0.00    0.00
61233.50  0.50  6.62e-07  1.84e-07    12.33    0.01
61234.50  0.50  7.01e-07  1.99e-07    13.06    0.01
61235.50  0.50  7.32e-07  8.41e-08    13.63    0.01
61236.50  0.50  6.63e-07  1.88e-07    12.34    0.01
61237.50  0.50  2.91e-07  1.19e-07    5.42    0.01
61238.50  0.50  6.07e-07  0.00e+00    0.00    0.00
61239.50  0.50  4.28e-07  1.64e-07    7.98    0.01
61240.50  0.50  2.60e-07  1.14e-07    4.84    0.00
61241.50  0.50  6.81e-07  1.83e-07    12.68    0.01
61242.50  0.50  5.69e-07  0.00e+00    0.00    0.00
61243.50  0.50  5.25e-07  0.00e+00    0.00    0.00
61244.50  0.50  7.24e-07  1.80e-07    13.48    0.01
61245.50  0.50  5.16e-07  0.00e+00    0.00    0.00
61246.50  0.50  7.97e-07  0.00e+00    0.00    0.00
61247.50  0.50  4.22e-07  0.00e+00    0.00    0.00
61248.50  0.50  4.83e-07  0.00e+00    0.00    0.00
61249.50  0.50  4.09e-07  0.00e+00    0.00    0.00
61250.50  0.50  3.84e-07  0.00e+00    0.00    0.00
61251.50  0.50  2.05e-07  0.00e+00    0.00    0.00
61252.50  0.50  3.38e-07  1.30e-07    6.29    0.01
61253.50  0.50  5.58e-07  0.00e+00    0.00    0.00
61254.50  0.50  7.15e-07  1.62e-07    13.31    0.01
61255.50  0.50  7.30e-07  1.83e-07    13.60    0.01
61256.50  0.50  6.18e-07  0.00e+00    0.00    0.00
61257.50  0.50  6.24e-07  0.00e+00    0.00    0.00
61258.50  0.50  6.55e-07  0.00e+00    0.00    0.00
61259.50  0.50  5.95e-07  0.00e+00    0.00    0.00
61260.50  0.50  2.55e-07  0.00e+00    0.00    0.00
61261.50  0.50  3.22e-07  0.00e+00    0.00    0.00
61262.50  0.50  2.32e-07  0.00e+00    0.00    0.00
61263.50  0.50  2.20e-07  1.03e-07    4.11    0.00
61264.50  0.50  4.50e-07  1.47e-07    8.38    0.01
61265.50  0.50  4.46e-07  1.78e-07    8.31    0.01
61266.50  0.50  5.17e-07  1.73e-07    9.62    0.01
61267.50  0.50  2.82e-07  9.86e-08    5.25    0.01
61268.50  0.50  6.30e-07  1.69e-07    11.74    0.01
61269.50  0.50  5.86e-07  0.00e+00    0.00    0.00
61270.50  0.50  5.67e-07  1.90e-07    10.55    0.01
61271.50  0.50  2.96e-07  0.00e+00    0.00    0.00
61272.50  0.50  5.65e-07  1.70e-07    10.52    0.01
61273.50  0.50  5.71e-07  1.77e-07    10.64    0.01
61274.50  0.50  7.89e-07  2.12e-07    14.70    0.02
61275.50  0.50  9.75e-07  0.00e+00    0.00    0.00
61276.50  0.50  7.25e-07  0.00e+00    0.00    0.00
61277.50  0.50  4.67e-07  0.00e+00    0.00    0.00
61278.50  0.50  6.47e-07  0.00e+00    0.00    0.00
61279.50  0.50  2.79e-07  0.00e+00    0.00    0.00
61280.50  0.50  7.26e-07  0.00e+00    0.00    0.00
61281.50  0.50  9.98e-07  0.00e+00    0.00    0.00
61282.50  0.50  1.02e-06  0.00e+00    0.00    0.00
61283.50  0.50  7.71e-07  0.00e+00    0.00    0.00
61284.50  0.50  4.03e-07  0.00e+00    0.00    0.00
61285.50  0.50  5.41e-07  0.00e+00    0.00    0.00
61286.50  0.50  5.56e-07  0.00e+00    0.00    0.00
61287.50  0.50  4.74e-07  0.00e+00    0.00    0.00
61288.50  0.50  6.57e-07  0.00e+00    0.00    0.00
61289.50  0.50  4.22e-07  0.00e+00    0.00    0.00
61290.50  0.50  6.31e-07  0.00e+00    0.00    0.00
61291.50  0.50  3.55e-07  0.00e+00    0.00    0.00
61292.50  0.50  5.98e-07  0.00e+00    0.00    0.00
61293.50  0.50  2.51e-07  0.00e+00    0.00    0.00
61294.50  0.50  6.23e-07  0.00e+00    0.00    0.00
61295.50  0.50  5.49e-07  0.00e+00    0.00    0.00
61296.50  0.50  1.97e-07  0.00e+00    0.00    0.00
61297.50  0.50  5.07e-07  0.00e+00    0.00    0.00
61298.50  0.50  4.06e-07  0.00e+00    0.00    0.00
61299.50  0.50  6.93e-07  0.00e+00    0.00    0.00
61300.50  0.50  5.69e-07  0.00e+00    0.00    0.00
61301.50  0.50  6.35e-07  0.00e+00    0.00    0.00
