61198.50  0.50  4.15e-08  0.00e+00    0.00    0.00
61199.50  0.50  2.20e-08  0.00e+00    0.00    0.00
61200.50  0.50  2.54e-08  0.00e+00    0.00    0.00
61201.50  0.50  3.82e-08  0.00e+00    0.00    0.00
61202.50  0.50  3.01e-08  0.00e+00    0.00    0.00
61203.50  0.50  3.65e-08  0.00e+00    0.00    0.00
61204.50  0.50  1.70e-08  0.00e+00    0.00    0.00
61205.50  0.50  2.99e-08  0.00e+00    0.00    0.00
61206.50  0.50  5.36e-08  0.00e+00    0.00    0.00
61207.50  0.50  4.22e-08  0.00e+00    0.00    0.00
61208.50  0.50  8.09e-08  0.00e+00    0.00    0.00
61209.50  0.50  3.09e-08  0.00e+00    0.00    0.00
61210.50  0.50  2.53e-08  0.00e+00    0.00    0.00
61211.50  0.50  3.55e-08  0.00e+00    0.00    0.00
61212.50  0.50  2.79e-08  0.00e+00    0.00    0.00
61213.50  0.50  3.72e-08  0.00e+00    0.00    0.00
61214.50  0.50  5.97e-08  0.00e+00    0.00    0.00
61215.50  0.50  9.29e-08  0.00e+00    0.00    0.00
61216.50  0.50  2.33e-08  0.00e+00    0.00    0.00
61217.50  0.50  7.54e-08  0.00e+00    0.00    0.00
61218.50  0.50  3.63e-08  0.00e+00    0.00    0.00
61219.50  0.50  4.65e-08  0.00e+00    0.00    0.00
61220.50  0.50  5.17e-08  0.00e+00    0.00    0.00
61221.50  0.50  1.92e-08  0.00e+00    0.00    0.00
61222.50  0.50  1.75e-08  0.00e+00    0.00    0.00
61223.50  0.50  2.45e-08  0.00e+00    0.00    0.00
61224.50  0.50  2.01e-08  0.00e+00    0.00    0.00
61225.50  0.50  4.29e-08  0.00e+00    0.00    0.00
61226.50  0.50  4.55e-08  0.00e+00    0.00    0.00
61227.50  0.50  5.27e-08  0.00e+00    0.00    0.00
61228.50  0.50  4.16e-08  0.00e+00    0.00    0.00
61229.50  0.50  6.19e-08  0.00e+00    0.00    0.00
61230.50  0.50  2.53e-08  0.00e+00    0.00    0.00
61231.50  0.50  3.26e-08  0.00e+00    0.00    0.00
61232.50  0.50  8.05e-08  0.00e+00    0.00    0.00
61233.50  0.50  8.95e-08  0.00e+00    0.00    0.00
61234.50  0.50  9.90e-08  0.00e+00    0.00    0.00
61235.50  0.50  5.96e-08  2.72e-08    46.44    0.05
61236.50  0.50  8.27e-08  0.00e+00    0.00    0.00
61237.50  0.50  6.29e-08  0.00e+00    0.00    0.00
61238.50  0.50  4.34e-08  0.00e+00    0.00    0.00
61239.50  0.50  5.81e-08  0.00e+00    0.00    0.00
61240.50  0.50  4.61e-08  2.43e-08    35.90    0.04
61241.50  0.50  5.99e-08  0.00e+00    0.00    0.00
61242.50  0.50  5.44e-08  0.00e+00    0.00    0.00
61243.50  0.50  5.18e-08  0.00e+00    0.00    0.00
61244.50  0.50  6.79e-08  0.00e+00    0.00    0.00
61245.50  0.50  1.68e-08  0.00e+00    0.00    0.00
61246.50  0.50  2.49e-08  0.00e+00    0.00    0.00
61247.50  0.50  2.30e-08  0.00e+00    0.00    0.00
61248.50  0.50  3.49e-08  0.00e+00    0.00    0.00
61249.50  0.50  2.46e-08  0.00e+00    0.00    0.00
61250.50  0.50  1.60e-08  0.00e+00    0.00    0.00
61251.50  0.50  5.02e-08  0.00e+00    0.00    0.00
61252.50  0.50  2.69e-08  0.00e+00    0.00    0.00
61253.50  0.50  1.94e-08  0.00e+00    0.00    0.00
61254.50  0.50  4.53e-08  1.48e-08    35.28    0.04
61255.50  0.50  1.69e-08  0.00e+00    0.00    0.00
61256.50  0.50  1.32e-08  0.00e+00    0.00    0.00
61257.50  0.50  2.21e-08  0.00e+00    0.00    0.00
61258.50  0.50  1.13e-08  0.00e+00    0.00    0.00
61259.50  0.50  1.52e-08  0.00e+00    0.00    0.00
61260.50  0.50  1.85e-08  0.00e+00    0.00    0.00
61261.50  0.50  3.12e-08  0.00e+00    0.00    0.00
61262.50  0.50  4.73e-08  0.00e+00    0.00    0.00
61263.50  0.50  3.82e-08  1.75e-08    29.72    0.03
61264.50  0.50  3.30e-08  0.00e+00    0.00    0.00
61265.50  0.50  9.62e-08  0.00e+00    0.00    0.00
61266.50  0.50  1.75e-08  0.00e+00    0.00    0.00
61267.50  0.50  9.12e-08  0.00e+00    0.00    0.00
61268.50  0.50  7.16e-08  0.00e+00    0.00    0.00
61269.50  0.50  5.14e-08  0.00e+00    0.00    0.00
61270.50  0.50  3.63e-08  0.00e+00    0.00    0.00
61271.50  0.50  6.14e-08  0.00e+00    0.00    0.00
61272.50  0.50  4.39e-08  2.20e-08    34.21    0.04
61273.50  0.50  9.31e-08  0.00e+00    0.00    0.00
61274.50  0.50  6.77e-08  0.00e+00    0.00    0.00
61275.50  0.50  1.65e-08  0.00e+00    0.00    0.00
61276.50  0.50  1.57e-08  0.00e+00    0.00    0.00
61277.50  0.50  5.95e-08  0.00e+00    0.00    0.00
61278.50  0.50  6.72e-08  0.00e+00    0.00    0.00
61279.50  0.50  3.61e-08  0.00e+00    0.00    0.00
61280.50  0.50  2.17e-08  0.00e+00    0.00    0.00
61281.50  0.50  5.48e-08  0.00e+00    0.00    0.00
61282.50  0.50  5.79e-08  0.00e+00    0.00    0.00
61283.50  0.50  2.15e-08  0.00e+00    0.00    0.00
61284.50  0.50  1.91e-08  0.00e+00    0.00    0.00
61285.50  0.50  4.43e-08  0.00e+00    0.00    0.00
61286.50  0.50  4.61e-08  0.00e+00    0.00    0.00
61287.50  0.50  5.99e-08  0.00e+00    0.00    0.00
61288.50  0.50  2.63e-08  0.00e+00    0.00    0.00
61289.50  0.50  5.84e-08  0.00e+00    0.00    0.00
61290.50  0.50  4.80e-08  0.00e+00    0.00    0.00
61291.50  0.50  6.28e-08  0.00e+00    0.00    0.00
61292.50  0.50  2.16e-08  0.00e+00    0.00    0.00
61293.50  0.50  3.51e-08  0.00e+00    0.00    0.00
61294.50  0.50  4.82e-08  0.00e+00    0.00    0.00
61295.50  0.50  1.83e-08  0.00e+00    0.00    0.00
61296.50  0.50  1.93e-08  0.00e+00    0.00    0.00
61297.50  0.50  1.87e-08  0.00e+00    0.00    0.00
