61209.50  3.50  1.41e-07  0.00e+00    0.00    0.00
61216.50  3.50  1.89e-07  0.00e+00    0.00    0.00
61223.50  3.50  1.36e-07  0.00e+00    0.00    0.00
61230.50  3.50  1.29e-07  0.00e+00    0.00    0.00
61237.50  3.50  1.92e-07  0.00e+00    0.00    0.00
61244.50  3.50  7.97e-08  0.00e+00    0.00    0.00
61251.50  3.50  6.10e-08  0.00e+00    0.00    0.00
61258.50  3.50  1.29e-07  0.00e+00    0.00    0.00
61265.50  3.50  1.92e-08  0.00e+00    0.00    0.00
61272.50  3.50  3.22e-08  0.00e+00    0.00    0.00
61279.50  3.50  6.25e-08  0.00e+00    0.00    0.00
61286.50  3.50  2.30e-08  0.00e+00    0.00    0.00
61293.50  3.50  5.65e-08  0.00e+00    0.00    0.00
61300.50  3.50  6.44e-08  0.00e+00    0.00    0.00
