61198.50  0.50  6.05e-07  0.00e+00    0.00    0.00
61199.50  0.50  4.13e-07  0.00e+00    0.00    0.00
61200.50  0.50  5.51e-08  0.00e+00    0.00    0.00
61201.50  0.50  6.61e-07  0.00e+00    0.00    0.00
61202.50  0.50  3.94e-07  0.00e+00    0.00    0.00
61203.50  0.50  3.85e-07  0.00e+00    0.00    0.00
61204.50  0.50  3.15e-07  0.00e+00    0.00    0.00
61205.50  0.50  3.11e-07  0.00e+00    0.00    0.00
61206.50  0.50  1.10e-07  0.00e+00    0.00    0.00
61207.50  0.50  6.47e-07  0.00e+00    0.00    0.00
61208.50  0.50  7.40e-07  0.00e+00    0.00    0.00
61209.50  0.50  6.01e-07  0.00e+00    0.00    0.00
61210.50  0.50  2.15e-07  0.00e+00    0.00    0.00
61211.50  0.50  4.78e-07  0.00e+00    0.00    0.00
61212.50  0.50  3.50e-07  0.00e+00    0.00    0.00
61213.50  0.50  5.64e-07  0.00e+00    0.00    0.00
61214.50  0.50  3.00e-07  0.00e+00    0.00    0.00
61215.50  0.50  1.24e-06  0.00e+00    0.00    0.00
61216.50  0.50  1.68e-07  0.00e+00    0.00    0.00
61217.50  0.50  6.28e-07  0.00e+00    0.00    0.00
61218.50  0.50  4.26e-07  0.00e+00    0.00    0.00
61219.50  0.50  4.37e-07  0.00e+00    0.00    0.00
61220.50  0.50  9.26e-08  0.00e+00    0.00    0.00
61221.50  0.50  1.89e-07  0.00e+00    0.00    0.00
61222.50  0.50  2.65e-07  0.00e+00    0.00    0.00
61223.50  0.50  7.86e-07  0.00e+00    0.00    0.00
61224.50  0.50  4.09e-07  0.00e+00    0.00    0.00
61225.50  0.50  1.18e-07  0.00e+00    0.00    0.00
61226.50  0.50  1.68e-07  0.00e+00    0.00    0.00
61227.50  0.50  1.49e-07  0.00e+00    0.00    0.00
61228.50  0.50  4.62e-07  0.00e+00    0.00    0.00
61229.50  0.50  2.04e-07  0.00e+00    0.00    0.00
61230.50  0.50  6.79e-07  0.00e+00    0.00    0.00
61231.50  0.50  3.05e-07  0.00e+00    0.00    0.00
61232.50  0.50  2.66e-07  0.00e+00    0.00    0.00
61233.50  0.50  1.15e-07  0.00e+00    0.00    0.00
61234.50  0.50  3.88e-07  8.28e-08    6.44    0.04
61235.50  0.50  7.99e-08  0.00e+00    0.00    0.00
61236.50  0.50  3.67e-07  0.00e+00    0.00    0.00
61237.50  0.50  3.41e-07  0.00e+00    0.00    0.00
61238.50  0.50  3.42e-07  0.00e+00    0.00    0.00
61239.50  0.50  1.72e-07  0.00e+00    0.00    0.00
61240.50  0.50  5.32e-07  0.00e+00    0.00    0.00
61241.50  0.50  9.79e-08  0.00e+00    0.00    0.00
61242.50  0.50  5.45e-08  0.00e+00    0.00    0.00
61243.50  0.50  4.15e-07  0.00e+00    0.00    0.00
61244.50  0.50  7.15e-08  0.00e+00    0.00    0.00
61245.50  0.50  2.09e-07  0.00e+00    0.00    0.00
61246.50  0.50  2.63e-07  0.00e+00    0.00    0.00
61247.50  0.50  9.32e-08  0.00e+00    0.00    0.00
61248.50  0.50  1.66e-07  0.00e+00    0.00    0.00
61249.50  0.50  2.19e-07  0.00e+00    0.00    0.00
61250.50  0.50  1.57e-07  0.00e+00    0.00    0.00
61251.50  0.50  8.19e-08  0.00e+00    0.00    0.00
61252.50  0.50  2.53e-07  0.00e+00    0.00    0.00
61253.50  0.50  1.19e-07  0.00e+00    0.00    0.00
61254.50  0.50  7.81e-08  0.00e+00    0.00    0.00
61255.50  0.50  2.57e-07  0.00e+00    0.00    0.00
61256.50  0.50  3.72e-07  0.00e+00    0.00    0.00
61257.50  0.50  2.33e-07  0.00e+00    0.00    0.00
61258.50  0.50  1.73e-07  0.00e+00    0.00    0.00
61259.50  0.50  5.99e-07  0.00e+00    0.00    0.00
61260.50  0.50  5.90e-08  0.00e+00    0.00    0.00
61261.50  0.50  2.09e-07  0.00e+00    0.00    0.00
61262.50  0.50  4.82e-08  0.00e+00    0.00    0.00
61263.50  0.50  2.91e-07  0.00e+00    0.00    0.00
61264.50  0.50  1.25e-07  0.00e+00    0.00    0.00
61265.50  0.50  1.29e-07  0.00e+00    0.00    0.00
61266.50  0.50  1.82e-07  0.00e+00    0.00    0.00
61267.50  0.50  8.21e-08  0.00e+00    0.00    0.00
61268.50  0.50  1.26e-07  0.00e+00    0.00    0.00
61269.50  0.50  1.18e-07  0.00e+00    0.00    0.00
61270.50  0.50  1.09e-07  0.00e+00    0.00    0.00
61271.50  0.50  1.36e-07  0.00e+00    0.00    0.00
61272.50  0.50  7.50e-08  0.00e+00    0.00    0.00
61273.50  0.50  4.36e-07  0.00e+00    0.00    0.00
61274.50  0.50  1.27e-07  0.00e+00    0.00    0.00
61275.50  0.50  9.80e-08  0.00e+00    0.00    0.00
61276.50  0.50  1.89e-07  0.00e+00    0.00    0.00
61277.50  0.50  2.08e-07  0.00e+00    0.00    0.00
61278.50  0.50  9.25e-08  0.00e+00    0.00    0.00
61279.50  0.50  9.33e-08  0.00e+00    0.00    0.00
61280.50  0.50  1.03e-07  0.00e+00    0.00    0.00
61281.50  0.50  2.38e-07  0.00e+00    0.00    0.00
61282.50  0.50  2.37e-07  0.00e+00    0.00    0.00
61283.50  0.50  7.20e-08  0.00e+00    0.00    0.00
61284.50  0.50  5.85e-08  0.00e+00    0.00    0.00
61285.50  0.50  1.87e-07  0.00e+00    0.00    0.00
61286.50  0.50  7.21e-08  0.00e+00    0.00    0.00
61287.50  0.50  5.62e-08  0.00e+00    0.00    0.00
61288.50  0.50  6.57e-08  0.00e+00    0.00    0.00
61289.50  0.50  3.53e-08  0.00e+00    0.00    0.00
61290.50  0.50  7.62e-08  0.00e+00    0.00    0.00
61291.50  0.50  7.18e-08  0.00e+00    0.00    0.00
61292.50  0.50  1.21e-07  0.00e+00    0.00    0.00
61293.50  0.50  3.50e-08  0.00e+00    0.00    0.00
61294.50  0.50  1.07e-07  0.00e+00    0.00    0.00
61295.50  0.50  1.44e-07  0.00e+00    0.00    0.00
61296.50  0.50  2.33e-07  0.00e+00    0.00    0.00
61297.50  0.50  8.21e-08  0.00e+00    0.00    0.00
