61223.50  3.50  4.65e-08  0.00e+00    0.00    0.00
61230.50  3.50  4.95e-08  0.00e+00    0.00    0.00
61237.50  3.50  6.23e-08  0.00e+00    0.00    0.00
61244.50  3.50  2.50e-08  0.00e+00    0.00    0.00
61251.50  3.50  1.32e-07  0.00e+00    0.00    0.00
61258.50  3.50  8.56e-08  0.00e+00    0.00    0.00
61265.50  3.50  5.09e-08  0.00e+00    0.00    0.00
61272.50  3.50  6.78e-08  0.00e+00    0.00    0.00
61279.50  3.50  4.36e-08  0.00e+00    0.00    0.00
61286.50  3.50  6.55e-08  0.00e+00    0.00    0.00
61293.50  3.50  8.10e-08  0.00e+00    0.00    0.00
61300.50  3.50  1.07e-07  3.39e-08    1.52    0.02
61307.50  3.50  1.18e-07  2.78e-08    1.66    0.02
61314.50  3.50  6.99e-08  0.00e+00    0.00    0.00
