61223.50  3.50  5.02e-09  0.00e+00    0.00    0.00
61230.50  3.50  6.83e-09  0.00e+00    0.00    0.00
61237.50  3.50  4.10e-09  0.00e+00    0.00    0.00
61244.50  3.50  1.87e-09  0.00e+00    0.00    0.00
61251.50  3.50  9.09e-09  0.00e+00    0.00    0.00
61258.50  3.50  1.55e-09  0.00e+00    0.00    0.00
61265.50  3.50  2.12e-09  0.00e+00    0.00    0.00
61272.50  3.50  6.77e-09  0.00e+00    0.00    0.00
61279.50  3.50  2.37e-09  0.00e+00    0.00    0.00
61286.50  3.50  6.50e-09  0.00e+00    0.00    0.00
61293.50  3.50  6.36e-09  0.00e+00    0.00    0.00
61300.50  3.50  5.96e-09  0.00e+00    0.00    0.00
61307.50  3.50  8.22e-09  3.03e-09    1.46    0.02
61314.50  3.50  2.31e-09  0.00e+00    0.00    0.00
