61202.50  3.50  2.30e-07  3.34e-09    3.66    0.02
61209.50  3.50  7.38e-08  0.00e+00    0.00    0.00
61216.50  3.50  4.58e-08  0.00e+00    0.00    0.00
61223.50  3.50  8.40e-08  0.00e+00    0.00    0.00
61230.50  3.50  9.54e-08  0.00e+00    0.00    0.00
61237.50  3.50  7.84e-08  0.00e+00    0.00    0.00
61244.50  3.50  2.00e-08  0.00e+00    0.00    0.00
61251.50  3.50  1.53e-08  0.00e+00    0.00    0.00
61258.50  3.50  3.36e-08  0.00e+00    0.00    0.00
61265.50  3.50  3.36e-08  0.00e+00    0.00    0.00
61272.50  3.50  7.25e-08  0.00e+00    0.00    0.00
61279.50  3.50  7.18e-09  0.00e+00    0.00    0.00
61286.50  3.50  2.97e-08  0.00e+00    0.00    0.00
61293.50  3.50  4.62e-08  0.00e+00    0.00    0.00
