61202.50  3.50  9.27e-09  0.00e+00    0.00    0.00
61209.50  3.50  8.29e-09  0.00e+00    0.00    0.00
61216.50  3.50  4.91e-09  0.00e+00    0.00    0.00
61223.50  3.50  4.98e-09  0.00e+00    0.00    0.00
61230.50  3.50  1.04e-08  0.00e+00    0.00    0.00
61237.50  3.50  3.27e-09  0.00e+00    0.00    0.00
61244.50  3.50  9.68e-09  0.00e+00    0.00    0.00
61251.50  3.50  2.33e-09  0.00e+00    0.00    0.00
61258.50  3.50  7.66e-09  0.00e+00    0.00    0.00
61265.50  3.50  2.80e-09  0.00e+00    0.00    0.00
61272.50  3.50  6.58e-09  0.00e+00    0.00    0.00
61279.50  3.50  2.51e-09  0.00e+00    0.00    0.00
61286.50  3.50  2.98e-09  0.00e+00    0.00    0.00
61293.50  3.50  2.75e-09  0.00e+00    0.00    0.00
