61209.50  3.50  4.63e-08  8.58e-09    1.98    0.32
61216.50  3.50  1.35e-07  1.08e-08    5.77    0.93
61223.50  3.50  4.30e-08  9.23e-09    1.84    0.30
61230.50  3.50  7.31e-08  1.00e-08    3.12    0.50
61237.50  3.50  2.89e-08  6.20e-09    1.23    0.20
61244.50  3.50  4.71e-08  4.04e-09    2.01    0.33
61251.50  3.50  7.60e-08  8.35e-09    3.25    0.52
61258.50  3.50  2.98e-07  1.53e-08    12.72    2.06
61265.50  3.50  2.19e-07  7.24e-09    9.37    1.51
61272.50  3.50  1.12e-07  4.09e-09    4.79    0.77
61279.50  3.50  8.43e-08  1.05e-08    3.60    0.58
61286.50  3.50  7.18e-08  9.51e-09    3.07    0.50
61293.50  3.50  9.03e-08  8.23e-09    3.86    0.62
61300.50  3.50  1.95e-07  1.35e-08    8.32    1.34
