61202.50  0.50  7.84e-07  2.51e-07    3.30    0.53
61203.50  0.50  5.37e-07  0.00e+00    0.00    0.00
61204.50  0.50  2.32e-07  3.97e-08    0.97    0.16
61205.50  0.50  7.56e-07  0.00e+00    0.00    0.00
61206.50  0.50  2.75e-07  0.00e+00    0.00    0.00
61207.50  0.50  2.26e-07  4.36e-08    0.95    0.15
61208.50  0.50  3.41e-07  1.23e-07    1.43    0.23
61209.50  0.50  7.35e-07  0.00e+00    0.00    0.00
61210.50  0.50  3.65e-07  1.41e-07    1.53    0.25
61211.50  0.50  9.77e-07  2.06e-07    4.11    0.66
61212.50  0.50  8.07e-07  1.79e-07    3.39    0.55
61213.50  0.50  7.22e-07  1.81e-07    3.04    0.49
61214.50  0.50  8.78e-07  9.20e-08    3.69    0.60
61215.50  0.50  1.35e-06  1.54e-08    5.66    0.91
61216.50  0.50  1.39e-06  7.92e-08    5.84    0.94
61217.50  0.50  1.31e-06  1.35e-07    5.50    0.89
61218.50  0.50  1.28e-06  1.05e-07    5.37    0.87
61219.50  0.50  8.56e-07  2.43e-07    3.60    0.58
61220.50  0.50  8.26e-07  2.75e-07    3.47    0.56
61221.50  0.50  1.24e-06  2.50e-07    5.21    0.84
61222.50  0.50  7.66e-07  1.10e-07    3.22    0.52
61223.50  0.50  4.86e-07  0.00e+00    0.00    0.00
61224.50  0.50  1.60e-07  4.87e-08    0.67    0.11
61225.50  0.50  6.87e-07  0.00e+00    0.00    0.00
61226.50  0.50  8.13e-07  4.60e-08    3.42    0.55
61227.50  0.50  2.43e-06  2.79e-07    10.23    1.65
61228.50  0.50  6.12e-07  1.53e-07    2.57    0.42
61229.50  0.50  3.57e-07  7.67e-09    1.50    0.24
61230.50  0.50  7.20e-07  1.50e-08    3.03    0.49
61231.50  0.50  8.35e-07  1.01e-07    3.51    0.57
61232.50  0.50  1.17e-06  1.71e-08    4.90    0.79
61233.50  0.50  5.21e-07  8.30e-08    2.19    0.35
61234.50  0.50  8.22e-07  1.75e-07    3.46    0.56
61235.50  0.50  4.52e-07  4.19e-08    1.90    0.31
61236.50  0.50  5.31e-07  4.23e-08    2.23    0.36
61237.50  0.50  2.54e-07  0.00e+00    0.00    0.00
61238.50  0.50  6.14e-07  1.83e-07    2.58    0.42
61239.50  0.50  5.32e-07  6.27e-08    2.23    0.36
61240.50  0.50  7.07e-07  1.91e-07    2.97    0.48
61241.50  0.50  6.55e-07  1.38e-07    2.75    0.44
61242.50  0.50  1.26e-06  7.54e-08    5.28    0.85
61243.50  0.50  5.43e-07  1.40e-07    2.28    0.37
61244.50  0.50  5.08e-07  1.29e-08    2.13    0.34
61245.50  0.50  1.00e-06  6.90e-08    4.22    0.68
61246.50  0.50  5.02e-07  1.66e-07    2.11    0.34
61247.50  0.50  4.88e-07  7.13e-08    2.05    0.33
61248.50  0.50  5.05e-07  3.55e-08    2.12    0.34
61249.50  0.50  4.06e-07  1.17e-07    1.71    0.28
61250.50  0.50  2.49e-07  9.21e-08    1.05    0.17
61251.50  0.50  3.84e-07  0.00e+00    0.00    0.00
61252.50  0.50  8.97e-07  1.02e-07    3.77    0.61
61253.50  0.50  2.02e-06  2.18e-07    8.51    1.38
61254.50  0.50  1.65e-06  8.92e-08    6.95    1.12
61255.50  0.50  3.73e-06  2.45e-07    15.67    2.53
61256.50  0.50  4.60e-06  2.62e-07    19.35    3.13
61257.50  0.50  1.77e-06  1.76e-07    7.45    1.20
61258.50  0.50  9.78e-07  1.30e-07    4.11    0.66
61259.50  0.50  1.19e-06  1.36e-07    5.00    0.81
61260.50  0.50  2.34e-06  1.90e-07    9.82    1.59
61261.50  0.50  5.12e-06  2.59e-07    21.52    3.48
61262.50  0.50  5.49e-06  2.72e-07    23.10    3.73
61263.50  0.50  1.68e-06  1.70e-07    7.06    1.14
61264.50  0.50  1.34e-06  1.71e-07    5.61    0.91
61265.50  0.50  1.09e-06  8.08e-08    4.57    0.74
61266.50  0.50  1.17e-06  1.95e-07    4.93    0.80
61267.50  0.50  6.39e-07  3.79e-08    2.69    0.43
61268.50  0.50  1.30e-06  2.39e-07    5.48    0.89
61269.50  0.50  7.36e-07  5.38e-08    3.10    0.50
61270.50  0.50  7.98e-07  2.00e-07    3.36    0.54
61271.50  0.50  1.02e-06  0.00e+00    0.00    0.00
61272.50  0.50  1.02e-06  6.93e-08    4.28    0.69
61273.50  0.50  1.79e-06  2.52e-07    7.53    1.22
61274.50  0.50  3.40e-06  3.00e-07    14.29    2.31
61275.50  0.50  1.04e-06  1.24e-07    4.37    0.71
61276.50  0.50  7.62e-07  1.61e-07    3.20    0.52
61277.50  0.50  6.50e-07  1.47e-07    2.73    0.44
61278.50  0.50  1.05e-06  1.93e-07    4.41    0.71
61279.50  0.50  9.45e-07  1.83e-07    3.97    0.64
61280.50  0.50  1.29e-06  1.95e-07    5.44    0.88
61281.50  0.50  9.16e-07  7.09e-08    3.85    0.62
61282.50  0.50  8.25e-07  1.68e-07    3.47    0.56
61283.50  0.50  4.95e-07  2.85e-08    2.08    0.34
61284.50  0.50  4.78e-07  5.30e-08    2.01    0.32
61285.50  0.50  1.00e-06  1.93e-07    4.21    0.68
61286.50  0.50  7.95e-07  1.71e-07    3.34    0.54
61287.50  0.50  7.58e-07  1.68e-07    3.19    0.52
61288.50  0.50  9.48e-07  6.61e-08    3.99    0.64
61289.50  0.50  5.31e-07  1.34e-07    2.23    0.36
61290.50  0.50  4.86e-07  5.11e-08    2.04    0.33
61291.50  0.50  9.56e-07  4.52e-08    4.02    0.65
61292.50  0.50  8.85e-07  5.23e-08    3.72    0.60
61293.50  0.50  1.49e-06  1.23e-07    6.26    1.01
61294.50  0.50  1.10e-06  8.72e-08    4.60    0.74
61295.50  0.50  6.54e-07  2.14e-08    2.75    0.44
61296.50  0.50  1.24e-06  2.17e-07    5.21    0.84
61297.50  0.50  2.90e-06  2.97e-07    12.21    1.97
61298.50  0.50  2.30e-06  2.35e-07    9.65    1.56
61299.50  0.50  2.26e-06  8.08e-08    9.50    1.53
61300.50  0.50  2.20e-06  7.60e-08    9.24    1.49
61301.50  0.50  1.18e-06  1.52e-07    4.97    0.80
