61209.50  3.50  4.69e-07  5.46e-08    1.97    0.32
61216.50  3.50  1.16e-06  1.88e-08    4.86    0.78
61223.50  3.50  5.19e-07  6.65e-08    2.18    0.35
61230.50  3.50  9.32e-07  7.05e-08    3.92    0.63
61237.50  3.50  5.33e-07  5.79e-08    2.24    0.36
61244.50  3.50  7.30e-07  3.03e-08    3.07    0.50
61251.50  3.50  8.61e-07  2.11e-08    3.62    0.58
61258.50  3.50  2.77e-06  7.54e-08    11.66    1.88
61265.50  3.50  2.02e-06  7.62e-08    8.47    1.37
61272.50  3.50  1.35e-06  8.27e-08    5.66    0.92
61279.50  3.50  9.16e-07  3.67e-08    3.85    0.62
61286.50  3.50  6.87e-07  5.69e-08    2.89    0.47
61293.50  3.50  9.12e-07  2.39e-08    3.83    0.62
61300.50  3.50  1.91e-06  2.81e-08    8.01    1.29
