61198.50  0.50  4.82e-08  0.00e+00    0.00    0.00
61199.50  0.50  5.93e-08  0.00e+00    0.00    0.00
61200.50  0.50  4.93e-08  0.00e+00    0.00    0.00
61201.50  0.50  6.20e-08  0.00e+00    0.00    0.00
61202.50  0.50  7.22e-08  0.00e+00    0.00    0.00
61203.50  0.50  4.18e-08  0.00e+00    0.00    0.00
61204.50  0.50  7.27e-08  2.71e-08    3.10    0.50
61205.50  0.50  4.06e-08  0.00e+00    0.00    0.00
61206.50  0.50  7.94e-08  0.00e+00    0.00    0.00
61207.50  0.50  5.10e-08  2.19e-08    2.18    0.35
61208.50  0.50  3.80e-08  1.94e-08    1.62    0.26
61209.50  0.50  1.81e-08  0.00e+00    0.00    0.00
61210.50  0.50  7.90e-08  3.33e-08    3.37    0.55
61211.50  0.50  1.18e-07  0.00e+00    0.00    0.00
61212.50  0.50  4.28e-08  2.17e-08    1.83    0.30
61213.50  0.50  7.36e-08  3.11e-08    3.14    0.51
61214.50  0.50  6.22e-08  2.06e-08    2.66    0.43
61215.50  0.50  1.49e-07  4.19e-08    6.35    1.03
61216.50  0.50  2.13e-07  5.27e-08    9.11    1.47
61217.50  0.50  1.87e-07  4.62e-08    7.99    1.29
61218.50  0.50  2.14e-07  5.64e-08    9.14    1.48
61219.50  0.50  8.71e-08  3.73e-08    3.72    0.60
61220.50  0.50  3.59e-08  0.00e+00    0.00    0.00
61221.50  0.50  1.26e-07  0.00e+00    0.00    0.00
61222.50  0.50  6.38e-08  2.90e-08    2.72    0.44
61223.50  0.50  6.48e-08  0.00e+00    0.00    0.00
61224.50  0.50  3.12e-08  5.43e-09    1.33    0.22
61225.50  0.50  6.87e-08  0.00e+00    0.00    0.00
61226.50  0.50  6.06e-08  2.94e-08    2.59    0.42
61227.50  0.50  1.12e-07  3.42e-08    4.80    0.78
61228.50  0.50  1.15e-07  3.56e-08    4.92    0.79
61229.50  0.50  5.53e-08  2.43e-08    2.36    0.38
61230.50  0.50  6.08e-08  4.07e-09    2.60    0.42
61231.50  0.50  6.69e-08  2.57e-08    2.85    0.46
61232.50  0.50  6.78e-08  2.72e-08    2.89    0.47
61233.50  0.50  4.22e-08  1.84e-08    1.80    0.29
61234.50  0.50  6.28e-08  0.00e+00    0.00    0.00
61235.50  0.50  7.79e-08  2.98e-08    3.33    0.54
61236.50  0.50  5.78e-08  0.00e+00    0.00    0.00
61237.50  0.50  7.45e-08  0.00e+00    0.00    0.00
61238.50  0.50  6.85e-08  0.00e+00    0.00    0.00
61239.50  0.50  3.87e-08  1.48e-08    1.65    0.27
61240.50  0.50  2.43e-08  0.00e+00    0.00    0.00
61241.50  0.50  4.26e-08  4.54e-09    1.82    0.29
61242.50  0.50  1.01e-07  1.08e-08    4.32    0.70
61243.50  0.50  3.96e-08  1.85e-08    1.69    0.27
61244.50  0.50  7.50e-08  0.00e+00    0.00    0.00
61245.50  0.50  5.71e-08  1.86e-08    2.44    0.39
61246.50  0.50  5.84e-08  0.00e+00    0.00    0.00
61247.50  0.50  7.70e-08  0.00e+00    0.00    0.00
61248.50  0.50  3.84e-08  1.66e-08    1.64    0.27
61249.50  0.50  3.28e-08  8.34e-09    1.40    0.23
61250.50  0.50  4.14e-08  1.66e-08    1.77    0.29
61251.50  0.50  5.00e-08  0.00e+00    0.00    0.00
61252.50  0.50  3.90e-08  1.76e-08    1.67    0.27
61253.50  0.50  2.00e-07  3.20e-08    8.56    1.38
61254.50  0.50  1.38e-07  1.61e-08    5.89    0.95
61255.50  0.50  3.86e-07  4.81e-08    16.49    2.66
61256.50  0.50  4.76e-07  4.50e-08    20.31    3.28
61257.50  0.50  1.29e-07  2.80e-08    5.51    0.89
61258.50  0.50  1.27e-07  2.62e-08    5.44    0.88
61259.50  0.50  1.62e-07  2.31e-08    6.91    1.12
61260.50  0.50  2.22e-07  3.61e-08    9.48    1.53
61261.50  0.50  6.30e-07  1.19e-08    26.91    4.35
61262.50  0.50  6.46e-07  2.36e-08    27.58    4.46
61263.50  0.50  1.23e-07  2.72e-08    5.26    0.85
61264.50  0.50  1.20e-07  2.96e-08    5.14    0.83
61265.50  0.50  1.82e-07  4.56e-08    7.77    1.26
61266.50  0.50  1.71e-07  4.44e-08    7.32    1.18
61267.50  0.50  1.19e-07  3.68e-08    5.10    0.82
61268.50  0.50  8.16e-08  3.10e-08    3.48    0.56
61269.50  0.50  1.10e-07  3.69e-08    4.71    0.76
61270.50  0.50  9.50e-08  0.00e+00    0.00    0.00
61271.50  0.50  2.51e-08  0.00e+00    0.00    0.00
61272.50  0.50  1.16e-07  0.00e+00    0.00    0.00
61273.50  0.50  1.60e-07  2.24e-08    6.81    1.10
61274.50  0.50  3.28e-07  5.52e-08    14.01    2.26
61275.50  0.50  6.77e-08  2.91e-08    2.89    0.47
61276.50  0.50  7.14e-08  2.72e-08    3.05    0.49
61277.50  0.50  5.75e-08  2.42e-08    2.45    0.40
61278.50  0.50  7.29e-08  2.17e-08    3.11    0.50
61279.50  0.50  8.29e-08  3.01e-08    3.54    0.57
61280.50  0.50  1.55e-07  2.22e-08    6.62    1.07
61281.50  0.50  8.70e-08  2.09e-08    3.72    0.60
61282.50  0.50  9.27e-08  0.00e+00    0.00    0.00
61283.50  0.50  1.08e-07  1.23e-08    4.62    0.75
61284.50  0.50  5.18e-08  2.32e-08    2.21    0.36
61285.50  0.50  5.08e-08  2.30e-08    2.17    0.35
61286.50  0.50  5.20e-08  2.24e-08    2.22    0.36
61287.50  0.50  8.82e-08  2.45e-08    3.77    0.61
61288.50  0.50  7.80e-08  2.08e-08    3.33    0.54
61289.50  0.50  7.77e-08  6.54e-09    3.32    0.54
61290.50  0.50  5.24e-08  1.55e-08    2.24    0.36
61291.50  0.50  7.24e-08  2.33e-08    3.09    0.50
61292.50  0.50  7.26e-08  2.38e-08    3.10    0.50
61293.50  0.50  1.09e-07  2.87e-08    4.67    0.75
61294.50  0.50  1.29e-07  3.53e-08    5.49    0.89
61295.50  0.50  8.82e-08  2.72e-08    3.77    0.61
61296.50  0.50  9.61e-08  2.54e-08    4.10    0.66
61297.50  0.50  3.80e-07  1.64e-08    16.23    2.62
