61209.50  3.50  8.70e-09  0.00e+00    0.00    0.00
61216.50  3.50  2.69e-09  0.00e+00    0.00    0.00
61223.50  3.50  8.17e-09  0.00e+00    0.00    0.00
61230.50  3.50  2.67e-09  0.00e+00    0.00    0.00
61237.50  3.50  8.06e-09  0.00e+00    0.00    0.00
61244.50  3.50  9.41e-09  0.00e+00    0.00    0.00
61251.50  3.50  5.43e-09  0.00e+00    0.00    0.00
61258.50  3.50  3.52e-09  0.00e+00    0.00    0.00
61265.50  3.50  1.12e-08  0.00e+00    0.00    0.00
61272.50  3.50  7.02e-09  0.00e+00    0.00    0.00
61279.50  3.50  3.72e-09  0.00e+00    0.00    0.00
61286.50  3.50  6.59e-09  0.00e+00    0.00    0.00
61293.50  3.50  3.57e-09  0.00e+00    0.00    0.00
61300.50  3.50  6.11e-09  0.00e+00    0.00    0.00
