61202.50  3.50  5.52e-08  0.00e+00    0.00    0.00
61209.50  3.50  2.03e-08  0.00e+00    0.00    0.00
61216.50  3.50  2.07e-08  0.00e+00    0.00    0.00
61223.50  3.50  7.43e-08  0.00e+00    0.00    0.00
61230.50  3.50  4.87e-08  0.00e+00    0.00    0.00
61237.50  3.50  1.50e-07  0.00e+00    0.00    0.00
61244.50  3.50  9.90e-08  0.00e+00    0.00    0.00
61251.50  3.50  1.22e-07  1.25e-08    1.37    0.03
61258.50  3.50  6.24e-08  0.00e+00    0.00    0.00
61265.50  3.50  9.70e-08  0.00e+00    0.00    0.00
61272.50  3.50  1.80e-07  0.00e+00    0.00    0.00
61279.50  3.50  3.12e-08  0.00e+00    0.00    0.00
61286.50  3.50  6.98e-08  0.00e+00    0.00    0.00
61293.50  3.50  1.06e-07  0.00e+00    0.00    0.00
