61209.50  3.50  5.33e-09  0.00e+00    0.00    0.00
61216.50  3.50  5.40e-09  0.00e+00    0.00    0.00
61223.50  3.50  5.26e-09  0.00e+00    0.00    0.00
61230.50  3.50  1.54e-08  0.00e+00    0.00    0.00
61237.50  3.50  6.70e-09  2.93e-09    2.72    0.45
61244.50  3.50  8.78e-09  0.00e+00    0.00    0.00
61251.50  3.50  6.70e-09  0.00e+00    0.00    0.00
61258.50  3.50  4.96e-09  2.17e-09    2.01    0.33
61265.50  3.50  8.08e-09  0.00e+00    0.00    0.00
61272.50  3.50  1.43e-08  0.00e+00    0.00    0.00
61279.50  3.50  9.22e-09  0.00e+00    0.00    0.00
61286.50  3.50  6.56e-09  0.00e+00    0.00    0.00
61293.50  3.50  1.82e-08  0.00e+00    0.00    0.00
61300.50  3.50  5.98e-09  0.00e+00    0.00    0.00
