61202.50  3.50  1.06e-07  0.00e+00    0.00    0.00
61209.50  3.50  4.87e-08  0.00e+00    0.00    0.00
61216.50  3.50  2.41e-08  0.00e+00    0.00    0.00
61223.50  3.50  8.64e-08  0.00e+00    0.00    0.00
61230.50  3.50  7.83e-08  0.00e+00    0.00    0.00
61237.50  3.50  4.33e-08  2.51e-08    2.87    0.47
61244.50  3.50  3.93e-08  0.00e+00    0.00    0.00
61251.50  3.50  2.93e-08  0.00e+00    0.00    0.00
61258.50  3.50  4.10e-08  1.89e-08    2.72    0.45
61265.50  3.50  6.45e-08  0.00e+00    0.00    0.00
61272.50  3.50  3.65e-08  0.00e+00    0.00    0.00
61279.50  3.50  2.76e-08  0.00e+00    0.00    0.00
61286.50  3.50  1.90e-08  0.00e+00    0.00    0.00
61293.50  3.50  7.14e-08  0.00e+00    0.00    0.00
