61185.50  0.50  5.17e-07  0.00e+00    0.00    0.00
61186.50  0.50  1.23e-07  0.00e+00    0.00    0.00
61187.50  0.50  7.04e-08  0.00e+00    0.00    0.00
61188.50  0.50  1.46e-07  0.00e+00    0.00    0.00
61189.50  0.50  1.17e-07  0.00e+00    0.00    0.00
61190.50  0.50  2.87e-07  0.00e+00    0.00    0.00
61191.50  0.50  5.51e-08  0.00e+00    0.00    0.00
61192.50  0.50  2.54e-07  0.00e+00    0.00    0.00
61193.50  0.50  7.39e-08  0.00e+00    0.00    0.00
61194.50  0.50  2.46e-07  0.00e+00    0.00    0.00
61195.50  0.50  2.88e-07  0.00e+00    0.00    0.00
61196.50  0.50  7.50e-08  0.00e+00    0.00    0.00
61197.50  0.50  3.52e-07  0.00e+00    0.00    0.00
61198.50  0.50  3.35e-07  0.00e+00    0.00    0.00
61199.50  0.50  7.68e-08  0.00e+00    0.00    0.00
61200.50  0.50  2.46e-07  0.00e+00    0.00    0.00
61201.50  0.50  2.60e-07  0.00e+00    0.00    0.00
61207.50  0.50  5.03e-07  0.00e+00    0.00    0.00
61211.50  0.50  7.64e-07  0.00e+00    0.00    0.00
61212.50  0.50  3.37e-07  0.00e+00    0.00    0.00
61213.50  0.50  2.72e-07  0.00e+00    0.00    0.00
61214.50  0.50  2.06e-07  0.00e+00    0.00    0.00
61215.50  0.50  6.38e-07  0.00e+00    0.00    0.00
61216.50  0.50  1.12e-07  0.00e+00    0.00    0.00
61217.50  0.50  3.02e-07  0.00e+00    0.00    0.00
61218.50  0.50  7.12e-07  0.00e+00    0.00    0.00
61219.50  0.50  8.95e-07  0.00e+00    0.00    0.00
61220.50  0.50  2.01e-07  0.00e+00    0.00    0.00
61221.50  0.50  1.63e-06  0.00e+00    0.00    0.00
61222.50  0.50  1.25e-07  0.00e+00    0.00    0.00
61223.50  0.50  1.05e-07  0.00e+00    0.00    0.00
61224.50  0.50  5.18e-08  0.00e+00    0.00    0.00
61225.50  0.50  4.05e-07  0.00e+00    0.00    0.00
61226.50  0.50  1.22e-07  0.00e+00    0.00    0.00
61227.50  0.50  1.10e-07  0.00e+00    0.00    0.00
61228.50  0.50  7.05e-08  0.00e+00    0.00    0.00
61229.50  0.50  9.60e-08  0.00e+00    0.00    0.00
61230.50  0.50  1.26e-07  0.00e+00    0.00    0.00
61231.50  0.50  7.65e-08  0.00e+00    0.00    0.00
61232.50  0.50  8.99e-08  0.00e+00    0.00    0.00
61233.50  0.50  1.09e-07  0.00e+00    0.00    0.00
61234.50  0.50  4.05e-08  0.00e+00    0.00    0.00
61235.50  0.50  1.78e-07  0.00e+00    0.00    0.00
61236.50  0.50  5.19e-08  0.00e+00    0.00    0.00
61237.50  0.50  5.42e-08  0.00e+00    0.00    0.00
61238.50  0.50  9.60e-08  0.00e+00    0.00    0.00
61239.50  0.50  1.17e-07  0.00e+00    0.00    0.00
61240.50  0.50  2.96e-07  0.00e+00    0.00    0.00
61241.50  0.50  1.03e-07  0.00e+00    0.00    0.00
61242.50  0.50  5.77e-08  0.00e+00    0.00    0.00
61243.50  0.50  7.38e-08  0.00e+00    0.00    0.00
61244.50  0.50  7.13e-08  0.00e+00    0.00    0.00
61245.50  0.50  5.66e-08  0.00e+00    0.00    0.00
61246.50  0.50  2.27e-07  0.00e+00    0.00    0.00
61247.50  0.50  9.34e-08  0.00e+00    0.00    0.00
61248.50  0.50  3.19e-07  0.00e+00    0.00    0.00
61249.50  0.50  9.55e-08  0.00e+00    0.00    0.00
61250.50  0.50  1.15e-07  0.00e+00    0.00    0.00
61251.50  0.50  1.56e-07  0.00e+00    0.00    0.00
61252.50  0.50  2.94e-07  0.00e+00    0.00    0.00
61253.50  0.50  1.72e-07  0.00e+00    0.00    0.00
61254.50  0.50  4.95e-07  0.00e+00    0.00    0.00
61255.50  0.50  3.08e-07  0.00e+00    0.00    0.00
61256.50  0.50  3.72e-07  0.00e+00    0.00    0.00
61257.50  0.50  4.12e-07  0.00e+00    0.00    0.00
61258.50  0.50  1.83e-06  0.00e+00    0.00    0.00
61259.50  0.50  3.26e-05  0.00e+00    0.00    0.00
61265.50  0.50  1.01e-07  0.00e+00    0.00    0.00
61266.50  0.50  7.05e-08  0.00e+00    0.00    0.00
61267.50  0.50  7.90e-08  0.00e+00    0.00    0.00
61268.50  0.50  8.14e-08  0.00e+00    0.00    0.00
61269.50  0.50  1.55e-07  0.00e+00    0.00    0.00
61270.50  0.50  1.83e-07  0.00e+00    0.00    0.00
61271.50  0.50  6.47e-08  0.00e+00    0.00    0.00
61272.50  0.50  9.10e-08  0.00e+00    0.00    0.00
61273.50  0.50  1.87e-07  0.00e+00    0.00    0.00
61274.50  0.50  5.92e-08  0.00e+00    0.00    0.00
61275.50  0.50  1.33e-07  0.00e+00    0.00    0.00
61276.50  0.50  6.81e-08  0.00e+00    0.00    0.00
61277.50  0.50  1.10e-07  0.00e+00    0.00    0.00
61278.50  0.50  3.27e-07  0.00e+00    0.00    0.00
61279.50  0.50  3.00e-07  0.00e+00    0.00    0.00
61280.50  0.50  5.43e-08  0.00e+00    0.00    0.00
61281.50  0.50  6.76e-08  0.00e+00    0.00    0.00
61282.50  0.50  4.72e-07  0.00e+00    0.00    0.00
61283.50  0.50  3.98e-08  0.00e+00    0.00    0.00
61284.50  0.50  1.22e-07  0.00e+00    0.00    0.00
61285.50  0.50  1.70e-07  0.00e+00    0.00    0.00
61286.50  0.50  5.98e-08  0.00e+00    0.00    0.00
61287.50  0.50  4.53e-07  0.00e+00    0.00    0.00
61288.50  0.50  3.39e-07  0.00e+00    0.00    0.00
61289.50  0.50  1.21e-07  0.00e+00    0.00    0.00
61290.50  0.50  1.50e-07  0.00e+00    0.00    0.00
61291.50  0.50  8.28e-08  0.00e+00    0.00    0.00
61292.50  0.50  8.34e-08  0.00e+00    0.00    0.00
61293.50  0.50  1.54e-07  0.00e+00    0.00    0.00
61294.50  0.50  1.08e-07  0.00e+00    0.00    0.00
61295.50  0.50  1.01e-07  0.00e+00    0.00    0.00
61296.50  0.50  9.91e-08  0.00e+00    0.00    0.00
61297.50  0.50  6.45e-08  0.00e+00    0.00    0.00
