61202.50  3.50  9.44e-09  0.00e+00    0.00    0.00
61209.50  3.50  1.04e-08  0.00e+00    0.00    0.00
61216.50  3.50  1.89e-08  0.00e+00    0.00    0.00
61223.50  3.50  1.08e-08  0.00e+00    0.00    0.00
61230.50  3.50  6.78e-09  0.00e+00    0.00    0.00
61237.50  3.50  2.81e-09  0.00e+00    0.00    0.00
61244.50  3.50  7.26e-09  0.00e+00    0.00    0.00
61251.50  3.50  6.16e-09  0.00e+00    0.00    0.00
61258.50  3.50  3.62e-08  0.00e+00    0.00    0.00
61265.50  3.50  1.10e-08  0.00e+00    0.00    0.00
61272.50  3.50  2.28e-09  0.00e+00    0.00    0.00
61279.50  3.50  4.82e-09  0.00e+00    0.00    0.00
61286.50  3.50  3.10e-09  0.00e+00    0.00    0.00
61293.50  3.50  2.48e-09  0.00e+00    0.00    0.00
