61185.50  0.50  4.17e-08  0.00e+00    0.00    0.00
61186.50  0.50  1.42e-08  0.00e+00    0.00    0.00
61187.50  0.50  2.85e-08  0.00e+00    0.00    0.00
61188.50  0.50  1.26e-08  0.00e+00    0.00    0.00
61189.50  0.50  1.66e-08  0.00e+00    0.00    0.00
61190.50  0.50  1.59e-08  0.00e+00    0.00    0.00
61191.50  0.50  1.24e-08  0.00e+00    0.00    0.00
61192.50  0.50  1.82e-08  0.00e+00    0.00    0.00
61193.50  0.50  1.49e-08  0.00e+00    0.00    0.00
61194.50  0.50  1.50e-08  0.00e+00    0.00    0.00
61195.50  0.50  1.41e-08  0.00e+00    0.00    0.00
61196.50  0.50  3.84e-08  0.00e+00    0.00    0.00
61197.50  0.50  1.55e-08  0.00e+00    0.00    0.00
61198.50  0.50  1.96e-08  0.00e+00    0.00    0.00
61199.50  0.50  1.48e-08  0.00e+00    0.00    0.00
61200.50  0.50  4.22e-08  0.00e+00    0.00    0.00
61201.50  0.50  2.21e-08  0.00e+00    0.00    0.00
61207.50  0.50  9.39e-09  0.00e+00    0.00    0.00
61211.50  0.50  2.26e-07  0.00e+00    0.00    0.00
61212.50  0.50  7.50e-08  0.00e+00    0.00    0.00
61213.50  0.50  5.28e-08  0.00e+00    0.00    0.00
61214.50  0.50  4.26e-08  0.00e+00    0.00    0.00
61215.50  0.50  2.42e-08  0.00e+00    0.00    0.00
61216.50  0.50  3.58e-08  0.00e+00    0.00    0.00
61217.50  0.50  1.75e-07  0.00e+00    0.00    0.00
61218.50  0.50  5.57e-08  0.00e+00    0.00    0.00
61219.50  0.50  9.20e-08  0.00e+00    0.00    0.00
61220.50  0.50  6.31e-08  0.00e+00    0.00    0.00
61221.50  0.50  6.58e-08  0.00e+00    0.00    0.00
61222.50  0.50  5.27e-08  0.00e+00    0.00    0.00
61223.50  0.50  2.04e-08  0.00e+00    0.00    0.00
61224.50  0.50  1.62e-08  0.00e+00    0.00    0.00
61225.50  0.50  2.84e-08  0.00e+00    0.00    0.00
61226.50  0.50  4.02e-08  0.00e+00    0.00    0.00
61227.50  0.50  1.42e-08  0.00e+00    0.00    0.00
61228.50  0.50  1.78e-08  0.00e+00    0.00    0.00
61229.50  0.50  5.30e-08  0.00e+00    0.00    0.00
61230.50  0.50  1.44e-08  0.00e+00    0.00    0.00
61231.50  0.50  1.38e-08  0.00e+00    0.00    0.00
61232.50  0.50  1.40e-08  0.00e+00    0.00    0.00
61233.50  0.50  2.12e-08  0.00e+00    0.00    0.00
61234.50  0.50  1.31e-08  0.00e+00    0.00    0.00
61235.50  0.50  2.03e-08  0.00e+00    0.00    0.00
61236.50  0.50  1.35e-08  0.00e+00    0.00    0.00
61237.50  0.50  1.63e-08  0.00e+00    0.00    0.00
61238.50  0.50  1.71e-08  0.00e+00    0.00    0.00
61239.50  0.50  4.13e-08  0.00e+00    0.00    0.00
61240.50  0.50  1.46e-08  0.00e+00    0.00    0.00
61241.50  0.50  1.61e-08  0.00e+00    0.00    0.00
61242.50  0.50  3.07e-08  0.00e+00    0.00    0.00
61243.50  0.50  2.50e-08  0.00e+00    0.00    0.00
61244.50  0.50  1.41e-08  0.00e+00    0.00    0.00
61245.50  0.50  3.02e-08  0.00e+00    0.00    0.00
61246.50  0.50  4.17e-08  0.00e+00    0.00    0.00
61247.50  0.50  2.67e-08  0.00e+00    0.00    0.00
61248.50  0.50  2.71e-08  0.00e+00    0.00    0.00
61249.50  0.50  4.08e-08  0.00e+00    0.00    0.00
61250.50  0.50  2.42e-08  0.00e+00    0.00    0.00
61251.50  0.50  4.59e-08  0.00e+00    0.00    0.00
61252.50  0.50  9.35e-08  0.00e+00    0.00    0.00
61253.50  0.50  3.61e-08  0.00e+00    0.00    0.00
61254.50  0.50  8.69e-08  0.00e+00    0.00    0.00
61255.50  0.50  4.34e-08  0.00e+00    0.00    0.00
61256.50  0.50  4.90e-08  0.00e+00    0.00    0.00
61257.50  0.50  2.20e-07  0.00e+00    0.00    0.00
61258.50  0.50  1.89e-07  0.00e+00    0.00    0.00
61259.50  0.50  9.84e-06  0.00e+00    0.00    0.00
61265.50  0.50  4.49e-08  0.00e+00    0.00    0.00
61266.50  0.50  2.05e-08  0.00e+00    0.00    0.00
61267.50  0.50  3.91e-08  0.00e+00    0.00    0.00
61268.50  0.50  1.34e-08  0.00e+00    0.00    0.00
61269.50  0.50  1.68e-08  0.00e+00    0.00    0.00
61270.50  0.50  1.73e-08  0.00e+00    0.00    0.00
61271.50  0.50  1.59e-08  0.00e+00    0.00    0.00
61272.50  0.50  1.69e-08  0.00e+00    0.00    0.00
61273.50  0.50  2.21e-08  0.00e+00    0.00    0.00
61274.50  0.50  1.44e-08  0.00e+00    0.00    0.00
61275.50  0.50  1.50e-08  0.00e+00    0.00    0.00
61276.50  0.50  2.04e-08  0.00e+00    0.00    0.00
61277.50  0.50  2.41e-08  0.00e+00    0.00    0.00
61278.50  0.50  3.13e-08  0.00e+00    0.00    0.00
61279.50  0.50  1.52e-08  0.00e+00    0.00    0.00
61280.50  0.50  4.28e-08  0.00e+00    0.00    0.00
61281.50  0.50  1.59e-08  0.00e+00    0.00    0.00
61282.50  0.50  2.00e-08  0.00e+00    0.00    0.00
61283.50  0.50  1.36e-08  0.00e+00    0.00    0.00
61284.50  0.50  5.81e-08  0.00e+00    0.00    0.00
61285.50  0.50  1.69e-08  0.00e+00    0.00    0.00
61286.50  0.50  1.29e-08  0.00e+00    0.00    0.00
61287.50  0.50  1.57e-08  0.00e+00    0.00    0.00
61288.50  0.50  1.52e-08  0.00e+00    0.00    0.00
61289.50  0.50  1.22e-08  0.00e+00    0.00    0.00
61290.50  0.50  1.51e-08  0.00e+00    0.00    0.00
61291.50  0.50  1.19e-08  0.00e+00    0.00    0.00
61292.50  0.50  1.37e-08  0.00e+00    0.00    0.00
61293.50  0.50  1.19e-08  0.00e+00    0.00    0.00
61294.50  0.50  1.32e-08  0.00e+00    0.00    0.00
61295.50  0.50  3.04e-08  0.00e+00    0.00    0.00
61296.50  0.50  1.30e-08  0.00e+00    0.00    0.00
61297.50  0.50  1.76e-08  0.00e+00    0.00    0.00
