61202.50  3.50  1.01e-07  0.00e+00    0.00    0.00
61209.50  3.50  4.54e-08  0.00e+00    0.00    0.00
61216.50  3.50  2.55e-07  0.00e+00    0.00    0.00
61223.50  3.50  3.29e-08  0.00e+00    0.00    0.00
61230.50  3.50  1.85e-08  0.00e+00    0.00    0.00
61237.50  3.50  1.58e-08  0.00e+00    0.00    0.00
61244.50  3.50  1.72e-08  0.00e+00    0.00    0.00
61251.50  3.50  4.38e-08  0.00e+00    0.00    0.00
61258.50  3.50  1.67e-07  0.00e+00    0.00    0.00
61265.50  3.50  3.00e-08  0.00e+00    0.00    0.00
61272.50  3.50  2.75e-08  0.00e+00    0.00    0.00
61279.50  3.50  2.22e-08  0.00e+00    0.00    0.00
61286.50  3.50  3.53e-08  0.00e+00    0.00    0.00
61293.50  3.50  1.82e-08  0.00e+00    0.00    0.00
