61209.50  3.50  3.03e-07  0.00e+00    0.00    0.00
61216.50  3.50  4.94e-07  0.00e+00    0.00    0.00
61223.50  3.50  2.32e-08  0.00e+00    0.00    0.00
61230.50  3.50  1.62e-07  0.00e+00    0.00    0.00
61237.50  3.50  5.50e-08  0.00e+00    0.00    0.00
61244.50  3.50  9.54e-08  0.00e+00    0.00    0.00
61251.50  3.50  1.25e-07  0.00e+00    0.00    0.00
61258.50  3.50  1.46e-07  0.00e+00    0.00    0.00
61265.50  3.50  1.65e-07  0.00e+00    0.00    0.00
61272.50  3.50  9.55e-08  0.00e+00    0.00    0.00
61279.50  3.50  1.62e-08  0.00e+00    0.00    0.00
61286.50  3.50  1.36e-07  0.00e+00    0.00    0.00
61293.50  3.50  1.65e-07  0.00e+00    0.00    0.00
61300.50  3.50  2.36e-07  0.00e+00    0.00    0.00
