61209.50  3.50  2.68e-08  0.00e+00    0.00    0.00
61216.50  3.50  1.61e-08  0.00e+00    0.00    0.00
61223.50  3.50  6.90e-09  0.00e+00    0.00    0.00
61230.50  3.50  5.54e-09  0.00e+00    0.00    0.00
61237.50  3.50  3.49e-09  0.00e+00    0.00    0.00
61244.50  3.50  8.04e-09  0.00e+00    0.00    0.00
61251.50  3.50  2.04e-09  0.00e+00    0.00    0.00
61258.50  3.50  6.64e-09  0.00e+00    0.00    0.00
61265.50  3.50  2.83e-09  0.00e+00    0.00    0.00
61272.50  3.50  1.13e-08  0.00e+00    0.00    0.00
61279.50  3.50  3.95e-09  0.00e+00    0.00    0.00
61286.50  3.50  6.04e-09  0.00e+00    0.00    0.00
61293.50  3.50  5.63e-09  0.00e+00    0.00    0.00
61300.50  3.50  3.48e-09  0.00e+00    0.00    0.00
