61202.50  3.50  1.02e-07  0.00e+00    0.00    0.00
61209.50  3.50  1.39e-07  0.00e+00    0.00    0.00
61216.50  3.50  1.07e-07  0.00e+00    0.00    0.00
61223.50  3.50  6.91e-08  0.00e+00    0.00    0.00
61230.50  3.50  2.06e-07  0.00e+00    0.00    0.00
61237.50  3.50  1.67e-07  0.00e+00    0.00    0.00
61244.50  3.50  9.49e-08  0.00e+00    0.00    0.00
61251.50  3.50  4.95e-07  0.00e+00    0.00    0.00
61258.50  3.50  2.89e-07  0.00e+00    0.00    0.00
61265.50  3.50  8.41e-08  0.00e+00    0.00    0.00
61272.50  3.50  1.93e-07  0.00e+00    0.00    0.00
61279.50  3.50  8.40e-08  0.00e+00    0.00    0.00
61286.50  3.50  1.45e-07  0.00e+00    0.00    0.00
61293.50  3.50  1.40e-07  0.00e+00    0.00    0.00
