61209.50  0.50  1.92e-07  0.00e+00    0.00    0.00
61210.50  0.50  3.05e-07  0.00e+00    0.00    0.00
61211.50  0.50  2.61e-07  0.00e+00    0.00    0.00
61212.50  0.50  5.80e-07  0.00e+00    0.00    0.00
61213.50  0.50  4.08e-07  0.00e+00    0.00    0.00
61214.50  0.50  9.24e-08  0.00e+00    0.00    0.00
61215.50  0.50  2.05e-07  0.00e+00    0.00    0.00
61216.50  0.50  4.63e-07  0.00e+00    0.00    0.00
61217.50  0.50  2.93e-07  0.00e+00    0.00    0.00
61218.50  0.50  3.02e-07  0.00e+00    0.00    0.00
61219.50  0.50  3.00e-07  0.00e+00    0.00    0.00
61220.50  0.50  2.73e-07  0.00e+00    0.00    0.00
61221.50  0.50  2.58e-07  0.00e+00    0.00    0.00
61222.50  0.50  6.88e-08  0.00e+00    0.00    0.00
61223.50  0.50  5.14e-07  0.00e+00    0.00    0.00
61224.50  0.50  9.96e-08  0.00e+00    0.00    0.00
61225.50  0.50  1.23e-07  0.00e+00    0.00    0.00
61226.50  0.50  5.60e-07  0.00e+00    0.00    0.00
61227.50  0.50  3.74e-07  0.00e+00    0.00    0.00
61228.50  0.50  5.20e-07  0.00e+00    0.00    0.00
61229.50  0.50  1.58e-07  0.00e+00    0.00    0.00
61230.50  0.50  5.98e-07  0.00e+00    0.00    0.00
61231.50  0.50  3.37e-07  0.00e+00    0.00    0.00
61232.50  0.50  4.73e-07  0.00e+00    0.00    0.00
61233.50  0.50  2.05e-07  0.00e+00    0.00    0.00
61234.50  0.50  1.10e-07  0.00e+00    0.00    0.00
61235.50  0.50  3.98e-07  0.00e+00    0.00    0.00
61236.50  0.50  3.16e-07  0.00e+00    0.00    0.00
61237.50  0.50  4.19e-07  0.00e+00    0.00    0.00
61238.50  0.50  3.16e-07  0.00e+00    0.00    0.00
61239.50  0.50  3.68e-07  0.00e+00    0.00    0.00
61240.50  0.50  3.27e-07  0.00e+00    0.00    0.00
61241.50  0.50  5.07e-07  0.00e+00    0.00    0.00
61242.50  0.50  4.38e-07  0.00e+00    0.00    0.00
61243.50  0.50  1.64e-07  0.00e+00    0.00    0.00
61244.50  0.50  1.94e-07  0.00e+00    0.00    0.00
61245.50  0.50  1.82e-07  0.00e+00    0.00    0.00
61246.50  0.50  3.49e-07  0.00e+00    0.00    0.00
61247.50  0.50  1.52e-07  0.00e+00    0.00    0.00
61248.50  0.50  6.13e-07  0.00e+00    0.00    0.00
61249.50  0.50  1.57e-06  0.00e+00    0.00    0.00
61250.50  0.50  3.19e-07  0.00e+00    0.00    0.00
61251.50  0.50  8.35e-07  0.00e+00    0.00    0.00
61252.50  0.50  2.91e-07  0.00e+00    0.00    0.00
61253.50  0.50  1.02e-06  0.00e+00    0.00    0.00
61254.50  0.50  1.71e-06  0.00e+00    0.00    0.00
61255.50  0.50  1.40e-06  0.00e+00    0.00    0.00
61256.50  0.50  3.06e-07  0.00e+00    0.00    0.00
61257.50  0.50  3.42e-07  0.00e+00    0.00    0.00
61258.50  0.50  8.06e-07  0.00e+00    0.00    0.00
61259.50  0.50  3.26e-07  0.00e+00    0.00    0.00
61260.50  0.50  6.42e-07  0.00e+00    0.00    0.00
61261.50  0.50  2.31e-07  0.00e+00    0.00    0.00
61262.50  0.50  6.36e-07  0.00e+00    0.00    0.00
61263.50  0.50  8.41e-07  0.00e+00    0.00    0.00
61264.50  0.50  8.88e-08  0.00e+00    0.00    0.00
61265.50  0.50  1.64e-07  0.00e+00    0.00    0.00
61266.50  0.50  4.19e-07  0.00e+00    0.00    0.00
61267.50  0.50  2.24e-07  0.00e+00    0.00    0.00
61268.50  0.50  3.17e-07  0.00e+00    0.00    0.00
61269.50  0.50  4.89e-07  0.00e+00    0.00    0.00
61270.50  0.50  5.00e-07  0.00e+00    0.00    0.00
61271.50  0.50  7.79e-07  0.00e+00    0.00    0.00
61272.50  0.50  4.78e-07  0.00e+00    0.00    0.00
61273.50  0.50  4.62e-07  0.00e+00    0.00    0.00
61274.50  0.50  4.39e-07  0.00e+00    0.00    0.00
61275.50  0.50  5.60e-07  0.00e+00    0.00    0.00
61276.50  0.50  3.41e-07  0.00e+00    0.00    0.00
61277.50  0.50  7.63e-08  0.00e+00    0.00    0.00
61278.50  0.50  2.03e-07  0.00e+00    0.00    0.00
61279.50  0.50  4.92e-07  0.00e+00    0.00    0.00
61280.50  0.50  1.57e-07  0.00e+00    0.00    0.00
61281.50  0.50  1.21e-07  0.00e+00    0.00    0.00
61282.50  0.50  1.13e-07  0.00e+00    0.00    0.00
61283.50  0.50  4.45e-07  0.00e+00    0.00    0.00
61284.50  0.50  2.82e-07  0.00e+00    0.00    0.00
61285.50  0.50  6.50e-07  0.00e+00    0.00    0.00
61286.50  0.50  1.62e-07  0.00e+00    0.00    0.00
61287.50  0.50  2.90e-07  0.00e+00    0.00    0.00
61288.50  0.50  3.72e-07  0.00e+00    0.00    0.00
61289.50  0.50  4.31e-07  0.00e+00    0.00    0.00
61290.50  0.50  1.37e-07  0.00e+00    0.00    0.00
61291.50  0.50  1.41e-07  0.00e+00    0.00    0.00
61292.50  0.50  3.75e-07  0.00e+00    0.00    0.00
61293.50  0.50  3.99e-07  0.00e+00    0.00    0.00
61294.50  0.50  3.67e-07  0.00e+00    0.00    0.00
61295.50  0.50  5.67e-07  0.00e+00    0.00    0.00
61296.50  0.50  3.19e-07  0.00e+00    0.00    0.00
61297.50  0.50  3.89e-07  0.00e+00    0.00    0.00
61298.50  0.50  1.18e-07  0.00e+00    0.00    0.00
61299.50  0.50  9.87e-07  0.00e+00    0.00    0.00
61300.50  0.50  9.43e-07  0.00e+00    0.00    0.00
61301.50  0.50  6.36e-06  0.00e+00    0.00    0.00
61302.50  0.50  7.62e-06  0.00e+00    0.00    0.00
61303.50  0.50  2.74e-06  0.00e+00    0.00    0.00
61304.50  0.50  3.31e-06  0.00e+00    0.00    0.00
61305.50  0.50  3.45e-07  0.00e+00    0.00    0.00
61306.50  0.50  1.87e-07  0.00e+00    0.00    0.00
61307.50  0.50  9.10e-08  0.00e+00    0.00    0.00
61308.50  0.50  4.70e-07  0.00e+00    0.00    0.00
