61202.50  3.50  8.56e-09  0.00e+00    0.00    0.00
61209.50  3.50  1.23e-08  0.00e+00    0.00    0.00
61216.50  3.50  1.15e-08  0.00e+00    0.00    0.00
61223.50  3.50  6.72e-09  0.00e+00    0.00    0.00
61230.50  3.50  1.57e-08  0.00e+00    0.00    0.00
61237.50  3.50  6.77e-09  0.00e+00    0.00    0.00
61244.50  3.50  1.14e-08  0.00e+00    0.00    0.00
61251.50  3.50  2.26e-08  0.00e+00    0.00    0.00
61258.50  3.50  1.36e-08  0.00e+00    0.00    0.00
61265.50  3.50  1.54e-08  0.00e+00    0.00    0.00
61272.50  3.50  9.43e-09  0.00e+00    0.00    0.00
61279.50  3.50  3.40e-09  0.00e+00    0.00    0.00
61286.50  3.50  1.18e-08  0.00e+00    0.00    0.00
61293.50  3.50  1.42e-08  0.00e+00    0.00    0.00
