61209.50  3.50  8.57e-08  3.21e-08    1.50    1.94
61216.50  3.50  1.38e-07  0.00e+00    0.00    0.00
61223.50  3.50  4.84e-08  2.71e-08    0.85    1.09
61230.50  3.50  1.03e-07  4.29e-08    1.80    2.32
61237.50  3.50  3.02e-08  2.09e-08    0.53    0.68
61244.50  3.50  2.08e-08  1.41e-08    0.36    0.47
61251.50  3.50  9.49e-08  2.88e-08    1.66    2.15
61258.50  3.50  5.46e-08  0.00e+00    0.00    0.00
61265.50  3.50  7.80e-08  3.78e-08    1.37    1.77
61272.50  3.50  1.15e-07  3.88e-08    2.01    2.60
61279.50  3.50  7.00e-08  4.02e-08    1.22    1.58
61286.50  3.50  1.15e-07  3.32e-08    2.02    2.61
61293.50  3.50  9.86e-08  3.49e-08    1.73    2.23
61300.50  3.50  7.23e-08  2.72e-08    1.26    1.64
