61202.50  3.50  8.78e-09  3.55e-09    0.63    0.81
61209.50  3.50  1.52e-08  5.35e-09    1.08    1.40
61216.50  3.50  8.77e-09  0.00e+00    0.00    0.00
61223.50  3.50  7.61e-09  3.74e-09    0.54    0.70
61230.50  3.50  1.63e-08  0.00e+00    0.00    0.00
61237.50  3.50  7.83e-09  3.88e-09    0.56    0.72
61244.50  3.50  6.24e-09  3.63e-09    0.44    0.57
61251.50  3.50  1.28e-08  3.76e-09    0.91    1.18
61258.50  3.50  9.53e-09  0.00e+00    0.00    0.00
61265.50  3.50  1.27e-08  0.00e+00    0.00    0.00
61272.50  3.50  1.16e-08  4.41e-09    0.83    1.07
61279.50  3.50  8.50e-09  4.13e-09    0.60    0.78
61286.50  3.50  2.50e-08  6.68e-09    1.78    2.30
61293.50  3.50  1.53e-08  5.33e-09    1.09    1.41
