/*
**
**  Swift/XRT light curve for PG 1553+113.
**
**  Data taken from the automatic processing at http://www.swift.psu.edu/monitoring/
**
**  When using these data and results in publications, please reference M.C. Stroh & A.D. Falcone 2013, ApJS, 207, 28; arXiv: 1305.4949.
**
**  Key:
**
**   BinCenter      - Center of time bin (MJD)
**   BinHW          - One-half of the full time bin size (days)
**   Rate           - The background subtracted, PSF corrected and pile-up corrected source count rate (cts/s).
**   RateError      - 1 sigma error in source count rate (cts/s)
**   FracExp        - Conversion factor between bin size and observing time
**   Mode           - 0 if in Windowed Timing (WT)
**                    1 if in Photon Counting (PC)
**
**
**  Upper limits have an error listed as -1.00000.
**
*/
      BinCenter          BinHW           Rate      RateError        FracExp  Mode
   53480.320935       0.167370        2.24013        0.30855        0.00096     0
   53480.323716       0.169991        2.18373        0.04136        0.17130     1
   53649.500008       0.436855        6.61678        0.05955        0.02937     0
   53649.503278       0.438335        6.14270        0.05629        0.11209     1
   53651.381843       0.374711        5.94234        0.06752        0.02429     0
   53651.382891       0.374684        5.37060        0.05134        0.13928     1
   54895.119110       0.106380        2.69083        0.39494        0.00208     0
   54895.119575       0.106777        2.02665        0.04506        0.21336     1
   54933.495031       0.466843        0.93902        0.24209        0.00025     0
   54933.503349       0.475113        0.82262        0.02048        0.04668     1
   54956.251658       0.079556        1.07027        0.02758        0.27656     1
   54987.721969       0.267731        1.06031        0.24752        0.00119     0
   54987.724026       0.269709        0.81341        0.02128        0.07905     1
   55017.459670       0.373090        1.56856        0.43475        0.00038     0
   55017.464517       0.377822        0.70820        0.02156        0.04701     1
   55019.666297       0.037853        0.63274        0.02312        0.23398     1
   55048.103178       0.099196        1.16271        0.29164        0.00103     0
   55048.108769       0.106428        1.01865        0.02567        0.21776     1
   55083.115262       0.104830        0.75336        0.01973        0.22854     1
   55107.682769       0.105382        0.58436        0.01727        0.20453     1
   55198.205557       0.139561        0.86922        0.02219        0.14850     1
   55232.840183       0.169483        0.77290        0.01924        0.15534     1
   55781.414290       0.072511        0.83411        0.03047        0.15347     1
   55973.587057       0.302507        1.33585        0.03681        0.04069     1
   55978.633796       0.005709        1.42669        0.05596        0.98219     1
   55980.797344       0.100560        1.55944        0.05017        0.11474     1
   55982.278202       0.039684        1.88807        0.05886        0.27957     1
   55984.536017       0.030116        2.52173        0.50435        0.00219     0
   55984.542196       0.036241        1.90080        0.06204        0.31741     1
   55986.469552       0.033545        1.74281        0.40738        0.00225     0
   55986.474986       0.038899        1.90153        0.06458        0.28172     1
   55988.550109       0.042937        2.16749        0.06503        0.28434     1
   56000.244483       0.039404        2.32876        0.04993        0.27545     0
   56002.262563       0.041597        2.11691        0.03450        0.29463     0
   56005.464998       0.037083        2.21543        0.03678        0.30531     0
   56008.100798       0.009604        2.34855        0.04223        0.96384     0
   56011.589427       0.407083        1.90367        0.03622        0.02459     0
   56017.455057       0.071325        2.26975        0.03741        0.15912     0
   56034.182798       0.005376        2.84934        0.06251        0.94778     0
   56038.932262       0.001042        4.52531        0.30101        0.94199     0
   56041.568184       0.103351        4.43404        0.07620        0.05867     0
   56042.063026       0.005720        4.49297        0.07661        0.98584     0
   56043.064955       0.005839        5.01566        0.10231        0.95590     0
   56044.074112       0.005726        4.85632        0.07877        0.98737     0
   56045.076007       0.005920        5.10504        0.07804        0.98778     0
   56046.078996       0.005697        4.44699        0.07577        0.98273     0
   56055.368467       0.003064        4.51316        0.10139        0.97731     0
   56058.234696       0.006939        3.95387        0.07670        0.96497     0
   56063.037993       0.006421        4.97513        0.07695        0.98197     0
   56066.986288       0.001183        3.60714        0.14652        0.97790     0
   56070.935005       0.007315        4.26558        0.09102        0.94660     0
   56072.325626       0.005608        4.15746        0.07274        0.98349     0
   56088.238746       0.005666        3.16924        0.07876        0.95761     0
   56091.919739       0.005781        2.70122        0.05743        0.97097     0
   56094.932317       0.005842        2.74032        0.07570        0.58376     0
   56095.183115       0.005778        2.68904        0.05779        0.96895     0
   56102.273672       0.005501        3.13206        0.08561        0.56926     0
   56390.085523       0.035608        3.31313        0.38703        0.00445     0
   56390.089893       0.039887        3.46041        0.09255        0.24791     1
   56393.219220       0.092986        3.08237        0.10270        0.02182     0
   56393.221883       0.095447        2.89379        0.08511        0.10824     1
   56416.348747       0.006768        2.24344        0.04918        0.96109     0
   56420.120609       0.033354        3.20303        0.47337        0.00291     0
   56420.125998       0.038565        2.65902        0.07570        0.28347     1
   56422.241542       0.004965        2.59994        0.06088        0.96853     0
   56423.099456       0.000064        2.88362        0.56552        0.95505     0
   56423.107043       0.007510        2.24245        0.08404        0.96653     1
   56428.298864       0.005955        2.30763        0.05271        0.96453     0
   56446.262785       0.005926        2.18221        0.05355        0.95703     0
   56451.266712       0.005489        1.89179        0.05054        0.94834     0
   56451.948146       0.006016        1.90813        0.04751        0.96489     0
   56452.014848       0.003354        1.89439        0.06392        0.95449     0
   56454.923679       0.037402        1.86518        0.03444        0.29220     0
   56456.220484       0.005868        1.80508        0.04713        0.95661     0
   56474.234209       0.006071        2.49133        0.05568        0.95853     0
   56477.235009       0.005958        2.61806        0.05863        0.96503     0
   56480.179824       0.006247        2.67815        0.05556        0.97082     0
   56573.760484       0.006159        1.88488        0.06896        0.97975     1
   56721.466375       0.005842        1.23194        0.03897        0.95394     0
   56724.461564       0.005090        1.26448        0.04307        0.95395     0
   56746.472521       0.005929        1.31472        0.04068        0.95266     0
   56749.472844       0.006068        1.36248        0.05416        0.91845     0
   56752.399086       0.005084        1.28504        0.05981        0.91918     0
   56772.337389       0.006363        1.58933        0.07115        0.92224     0
   56778.347214       0.005420        1.48497        0.06358        0.48429     0
   56781.410074       0.005868        1.58876        0.05304        0.92012     0
   56808.262990       0.005749        1.32912        0.05276        0.92854     0
   57015.662991       0.005040        4.23329        0.14917        0.97711     1
   57021.817353       0.036108        6.18898        0.06429        0.32441     0
   57023.880878       0.035752        5.64309        0.05835        0.32840     0
   57025.052931       0.009575        5.22519        0.07566        0.97038     0
   57027.743921       0.038018        4.15057        0.04883        0.31620     0
   57031.582468       0.075153        4.10195        0.05162        0.14771     0
   57034.139066       0.037321        3.66927        0.08139        0.28615     0
   57035.846145       0.005897        2.86082        0.06187        0.96614     0
   57037.375671       0.336768        2.92438        0.05171        0.02460     0
   57045.901319       0.004895        2.76000        0.12524        0.95225     1
   57055.803591       0.006130        2.22733        0.09311        0.96449     1
   57065.860225       0.005723        1.66753        0.08497        0.96340     1
   57075.088773       0.035529        1.56564        0.07074        0.14846     1
   57085.499462       0.410228        2.43284        0.12945        0.00825     1
   57088.155479       0.000275        2.19763        0.23910        0.96384     0
   57091.182360       0.039829        3.10250        0.08577        0.10741     0
   57094.142137       0.007164        2.43111        0.05250        0.95517     0
   57097.133134       0.070336        2.26776        0.03879        0.14784     0
   57099.062891       0.000087        2.24841        0.44702        0.91933     0
   57100.067876       0.008498        2.38177        0.04467        0.96221     0
   57103.194756       0.008675        2.59244        0.04600        0.96564     0
   57105.916528       0.069562        2.58558        0.09991        0.08953     1
   57106.054052       0.008417        2.55225        0.04621        0.97319     0
   57109.115272       0.008302        2.82827        0.04929        0.96968     0
   57116.959194       0.000098        3.42692        0.49211        0.99548     0
   57116.962637       0.003326        2.68875        0.14363        0.96211     1
   57126.642472       0.033397        2.42734        0.11413        0.04277     0
   57126.645345       0.035878        2.14904        0.11248        0.09028     1
   57128.410658       0.005316        1.81484        0.14020        0.43102     1
   57134.334694       0.005563        2.01069        0.09390        0.97204     1
   57138.805250       0.005171        1.57594        0.06571        0.96921     1
   57146.979936       0.006871        1.32066        0.05378        0.97888     1
   57155.420455       0.005926        1.08229        0.04965        0.98346     1
   57158.411363       0.003210        1.25633        0.07020        0.98276     1
   57161.274198       0.006319        1.08912        0.04677        0.97697     1
   57166.128233       0.003660        1.48508        0.07246        0.98807     1
   57176.846311       0.000189        0.97699        0.24853        0.90865     1
   57180.052674       0.004256        1.30921        0.06301        0.95626     1
   57183.227296       0.005345        1.51066        0.06064        0.96783     1
   57187.167446       0.005447        1.15215        0.05132        0.96816     1
   57189.214080       0.006057        1.16756        0.04932        0.98341     1
   57196.726985       0.001845        1.07061        0.08630        0.94568     1
   57199.689728       0.102622        0.87384        0.04846        0.05605     1
   57206.339050       0.035936        0.88435        0.04605        0.15429     1
   57221.478057       0.007335        0.84942        0.03809        0.96607     1
   57231.229917       0.036720        0.59740        0.03078        0.21669     1
   57242.889865       0.005955        0.53845        0.02624        0.98324     1
   57242.966249       0.005941        0.57470        0.02681        0.97514     1
   57243.156421       0.006072        0.58257        0.02660        0.98347     1
   57243.322729       0.039030        0.56880        0.01939        0.28858     1
   57243.523553       0.040308        0.62970        0.02099        0.30357     1
   57243.656570       0.039930        0.57727        0.01926        0.28324     1
   57252.231929       0.036096        0.78173        0.04697        0.17706     1
   57254.331930       0.008323        0.61608        0.02574        0.97712     1
   57261.341905       0.103203        0.58447        0.02211        0.09228     1
   57273.479418       0.002513        0.76918        0.06846        0.96051     1
   57282.259422       0.136409        0.87624        0.04075        0.04463     1
   57291.839893       0.000102        0.43931       -1.00000        0.85607     1
   57301.195936       0.035994        0.66401        0.02713        0.26527     1
   57302.350352       0.271132        0.65161        0.02323        0.03763     1
   57380.813523       0.007974        1.13607        0.04398        0.96872     1
   57390.712510       0.008309        0.83992        0.03589        0.97573     1
   57400.060595       0.037127        0.85248        0.03573        0.22639     1
   57411.995071       0.005592        0.57226        0.03425        0.97581     1
   57420.965317       0.000218        1.62291        0.30546        0.99892     1
   57430.672227       0.007611        1.10466        0.04267        0.96649     1
   57440.840855       0.008425        1.65324        0.05374        0.82246     1
   57450.016612       0.002803        1.03612        0.06772        0.98059     1
   57451.940900       0.005592        0.75185        0.03521        0.98920     1
   57459.446523       0.000156        1.12425        0.25769        0.88982     0
   57459.452154       0.005462        0.80106        0.04330        0.97612     1
   57460.855282       0.003021        0.75608        0.05592        0.96527     1
   57464.433023       0.005854        0.87714        0.04411        0.96288     1
   57470.587427       0.038231        0.84106        0.03697        0.20621     1
   57480.861668       0.002905        0.68443        0.04214        0.96691     1
   57484.366911       0.005955        0.71260        0.03888        0.96095     1
   57489.563574       0.003777        0.57456        0.03384        0.97752     1
   57492.409617       0.005621        0.56299        0.02758        0.97669     1
   57497.606181       0.006290        0.65829        0.03006        0.97845     1
   57505.044175       0.005127        1.94196        0.09956        0.98698     1
   57508.194549       0.169991        2.17323        0.09228        0.03655     1
   57511.328228       0.039117        2.11522        0.07157        0.25541     1
   57514.835279       0.032257        2.50275        0.58935        0.00177     0
   57514.841137       0.037999        2.01133        0.06579        0.25868     1
   57517.643450       0.034774        1.71297        0.23387        0.01919     1
   57519.361817       0.034672        2.02415        0.06763        0.29888     1
   57527.794749       0.035049        2.35524        0.11382        0.05826     0
   57527.797522       0.037679        1.83336        0.16638        0.02503     1
   57538.266643       0.005534        2.59907        0.11079        0.96797     1
   57542.321528       0.006217        3.14966        0.11331        0.97612     1
   57546.256381       0.005374        2.18125        0.09929        0.95664     1
   57547.117772       0.000093        3.36780        0.50898        0.95995     0
   57547.122806       0.004924        2.72741        0.11452        0.97008     1
   57554.824125       0.064106        4.32721        0.36684        0.00350     0
   57554.826916       0.066817        3.53475        0.11820        0.08860     1
   57561.922187       0.001220        2.63917        0.25645        0.94402     1
   57568.631902       0.132998        2.49591        0.53213        0.00045     0
   57568.634908       0.135900        1.47644        0.05638        0.04241     1
   57576.354523       0.276710        0.88405        0.03708        0.02831     1
   57582.094621       0.035805        0.57254        0.02619        0.16637     1
   57590.744181       0.039829        0.78405        0.02930        0.27772     1
   57593.974469       0.004648        0.97961        0.05102        0.98735     1
   57608.845488       0.003123        0.49852        0.03447        0.97743     1
   57611.450717       0.005520        0.98678        0.05584        0.96863     1
   57620.874581       0.003196        0.75078        0.05175        0.96434     1
   57629.514577       0.002760        1.61246        0.08845        0.97407     1
   57638.016891       0.002426        0.92945        0.08167        0.95870     1
   57642.607906       0.002280        0.83410        0.06833        0.95924     1
   57649.178673       0.003719        0.85598        0.05601        0.98433     1
   57656.023287       0.004706        0.48299        0.02760        0.97896     1
   57665.196363       0.005026        0.35442        0.02321        0.97993     1
   57745.062044       0.003907        1.05560        0.06444        0.98553     1
   57748.115947       0.000479        1.18282       -1.00000        0.09084     1
   57751.048701       0.006123        0.86399        0.03238        0.92439     0
   57754.439657       0.005434        0.96544        0.03878        0.93397     0
   57757.488859       0.005553        1.07820        0.04051        0.93434     0
   57760.540411       0.006102        0.98901        0.03793        0.88194     0
   57763.595940       0.005880        0.94154        0.03681        0.91880     0
   57766.387625       0.006120        1.57360        0.06347        0.90969     0
   57769.576797       0.005813        2.00516        0.06013        0.94774     0
   57772.308294       0.005547        1.36108        0.08979        0.89932     0
   57775.424376       0.005466        1.76888        0.10492        0.91265     0
   57778.744881       0.005802        1.20541        0.04468        0.92768     0
   57781.069689       0.005975        1.40004        0.08357        0.90605     0
   57784.923411       0.005726        0.91474        0.03672        0.92926     0
   57787.121429       0.005663        1.12438        0.08184        0.89780     0
   57793.636592       0.005784        0.92212        0.03691        0.91496     0
   57796.830825       0.140686        0.64169        0.02839        0.05197     0
   57799.675975       0.005929        0.87387        0.03528        0.92484     0
   57802.930349       0.005752        1.71096        0.04634        0.96076     0
   57805.454449       0.005926        1.03378        0.03815        0.93750     0
   57808.510235       0.005723        0.58139        0.02747        0.97750     1
   57811.499825       0.005679        0.55553        0.02694        0.98464     1
   57817.483711       0.000116        0.79941       -1.00000        0.99892     1
   57820.867347       0.006178        0.46475        0.02502        0.93583     0
   57823.456213       0.003785        0.57929        0.03621        0.92555     0
   57826.316926       0.005984        0.60598        0.02955        0.90619     0
   57832.892889       0.007083        0.86475        0.03249        0.92647     0
   57835.943822       0.002527        0.34130        0.03184        0.94570     1
   57837.476036       0.005897        0.35176        0.02120        0.97784     1
   57838.677632       0.006362        0.38871        0.02203        0.95844     1
   57841.007742       0.005418        0.41178        0.03679        0.89772     1
   57842.459295       0.005970        0.47031        0.02411        0.96362     1
   57847.444482       0.005505        0.45046        0.02504        0.98439     1
   57850.053702       0.001133        0.49204        0.05610        0.97914     1
   57853.101008       0.005897        0.40125        0.03168        0.97288     1
   57856.191354       0.039175        0.40362        0.02859        0.13505     1
   57859.334394       0.005839        0.46761        0.02468        0.96711     1
   57862.605450       0.004939        0.48683        0.04198        0.95584     1
   57865.379865       0.005505        0.53031        0.02657        0.97849     1
   57868.868232       0.105368        0.74067        0.03914        0.05332     1
   57870.362424       0.005607        0.95759        0.04775        0.94995     1
   57871.332265       0.043402        0.71334        0.03594        0.15898     1
   57874.961749       0.005592        0.72183        0.04143        0.96921     1
   57875.411297       0.005360        0.61010        0.02924        0.97291     1
   57877.234657       0.036139        0.82014        0.04072        0.15791     1
   57881.187135       0.069098        0.69392        0.03725        0.07551     1
   57883.913543       0.005186        0.98947        0.04932        0.96736     1
   57886.565857       0.000043        2.38049        0.61464        0.97591     0
   57886.571829       0.005912        0.99100        0.04572        0.97520     1
   57889.694377       0.005621        1.18088        0.05241        0.98215     1
   57892.629897       0.000043        3.06827        0.71544        0.97518     0
   57892.634418       0.004459        1.82229        0.09889        0.97420     1
   57898.267581       0.005287        2.05642        0.09949        0.93358     1
   57899.355980       0.167488        1.91510        0.41873        0.00045     0
   57899.359920       0.171299        2.09724        0.07734        0.04839     1
   57903.379805       0.004910        1.28547        0.06225        0.96570     1
   57906.977039       0.129184        1.42426        0.11109        0.00725     0
   57906.979899       0.131891        0.95341        0.04401        0.04835     1
   57913.211925       0.006130        1.33715        0.05495        0.97884     1
   57920.350082       0.036691        1.17861        0.04696        0.18720     1
   57922.281708       0.026102        1.12222        0.05385        0.21322     1
   57923.184922       0.005767        1.02242        0.04630        0.97737     1
   57924.083938       0.029239        1.19631        0.04146        0.18811     0
   57925.874374       0.112436        1.26903        0.04150        0.05308     0
   57926.629016       0.003588        1.29454        0.05573        0.92430     0
   57927.370491       0.063505        1.30781        0.04484        0.12984     1
   57934.499911       0.036172        1.58962        0.04405        0.15624     0
   57942.502738       0.000064        1.73392        0.44770        0.91123     0
   57942.511109       0.008294        1.31312        0.04462        0.97857     1
   57948.800631       0.034048        1.73598        0.07438        0.17407     1
   57953.202370       0.003849        1.43095        0.06764        0.99245     1
   57955.292029       0.031710        2.19603        0.31719        0.00476     0
   57955.295123       0.034730        1.87637        0.06714        0.20986     1
   57966.487701       0.003951        2.26820        0.11684        0.97246     1
   57967.020127       0.004837        2.26989        0.10584        0.97264     1
   57973.897427       0.102550        2.50645        0.09906        0.05805     1
   57982.097720       0.003660        3.22538        0.14395        0.97346     1
   57991.098398       0.102259        3.60048        0.14714        0.04061     1
   58010.004619       0.002295        3.79036        0.21430        0.84341     1
   58018.313803       0.006871        3.24121        0.10577        0.97833     1
   58130.293908       0.006057        2.35722        0.10108        0.95884     1
   58139.260461       0.006871        2.50158        0.10567        0.97040     1
   58148.094818       0.007234        1.97165        0.08287        0.95934     1
   58157.471037       0.202543        1.77690        0.05410        0.05655     1
   58166.236949       0.006725        2.00947        0.09499        0.96112     1
   58175.260864       0.007161        4.07605        0.12664        0.98113     1
   58179.680436       0.031881        2.69965        0.08295        0.24233     0
   58184.165110       0.000828        2.70035        0.60382        0.21834     1
   58192.466405       0.005084        2.33978        0.10526        0.95992     1
   58193.584846       0.000044        0.87846       -1.00000        0.99892     1
   58197.446035       0.005984        2.30910        0.09586        0.97087     1
   58202.426127       0.006493        2.21364        0.09325        0.97355     1
   58211.786098       0.000081        3.97172        0.63891        0.97763     0
   58211.789971       0.003777        3.22749        0.15052        0.98163     1
   58218.368289       0.001801        2.76851        0.26256        0.39695     1
   58220.490736       0.006449        2.62596        0.08637        0.98541     1
   58223.411690       0.005621        2.73879        0.11361        0.96110     1
   58228.460334       0.005563        2.35884        0.11491        0.95822     1
   58229.524043       0.007176        2.62934        0.09522        0.97308     1
   58233.440574       0.005955        3.01999        0.11583        0.96182     1
   58241.544135       0.007219        2.45361        0.10181        0.95741     1
   58250.714860       0.007335        2.49492        0.09027        0.96822     1
   58259.559889       0.005360        2.15426        0.08377        0.98283     1
   58268.384589       0.000055        3.52836        0.66896        0.99594     0
   58268.391634       0.006972        2.94407        0.10261        0.97115     1
   58277.138205       0.000130        2.84728        0.40605        0.94539     0
   58277.144176       0.005825        2.41760        0.10470        0.96349     1
   58286.053952       0.006391        2.09239        0.08921        0.98864     1
   58303.612078       0.041557        2.60931        0.24615        0.00726     0
   58303.615171       0.044521        2.57992        0.09407        0.15952     1
   58313.273757       0.006754        2.02029        0.08779        0.95645     1
   58322.913971       0.007510        1.85970        0.07965        0.95523     1
   58331.869411       0.006943        1.64478        0.07590        0.95987     1
   58340.270332       0.101184        1.23527        0.04784        0.06648     1
   58359.371178       0.000046        2.15125        0.56665        0.98541     0
   58359.377983       0.006740        1.50417        0.05314        0.97855     1
   58367.130535       0.000081        2.02106        0.42611        0.94395     0
   58367.132535       0.001903        1.36111        0.09513        0.97996     1
   58380.422129       0.008396        1.23631        0.04372        0.97875     1
   58385.530625       0.006841        1.30994        0.05674        0.96132     1
   58394.130760       0.102550        1.19018        0.04948        0.07446     1
   58516.099248       0.000055        2.56156        0.57713        0.99407     0
   58516.099656       0.000334        2.98898        0.46687        0.96656     1
   58520.280840       0.000055        2.04841        0.53971        0.94218     0
   58520.286972       0.006057        2.08754        0.09617        0.96823     1
   58524.460317       0.005607        2.44447        0.11410        0.97384     1
   58533.487255       0.003007        1.90256        0.11134        0.96235     1
   58542.719867       0.005781        2.45762        0.10446        0.95180     1
   58551.942143       0.000119        2.85565        0.42329        0.93287     0
   58551.948203       0.005926        3.03077        0.11284        0.98759     1
   58560.979850       0.005520        3.18023        0.11800        0.97854     1
   58569.094085       0.005186        3.12452        0.13354        0.97188     1
   58578.974823       0.000098        4.93744        0.77731        0.93676     0
   58578.980533       0.005592        4.10616        0.14678        0.97248     1
   58582.163107       0.000197        4.58796        0.41936        0.98470     0
   58582.169148       0.005825        4.09250        0.13793        0.97504     1
   58583.153503       0.000093        8.09367        2.03262        0.83384     0
   58583.159278       0.005665        4.05900        0.13065        0.98449     1
   58584.150872       0.000142        6.28635        0.85698        0.91323     0
   58584.156406       0.005374        3.08109        0.10261        0.98001     1
   58585.160637       0.005331        4.33168        0.13928        0.98961     1
   58586.214433       0.005679        4.34301        0.13598        0.97688     1
   58587.802431       0.000197        4.62074        0.41188        0.99987     0
   58587.808951       0.006304        4.17963        0.13680        0.96898     1
   58671.482815       0.006028        1.65506        0.08149        0.97545     1
   58680.640125       0.000032        3.86250        0.95447        0.94197     0
   58680.646462       0.006290        2.35965        0.09488        0.97446     1
   58689.907588       0.032211        2.10386        0.44859        0.00226     0
   58689.910650       0.035181        1.39389        0.05076        0.19277     1
   58694.131682       0.005723        1.52128        0.05965        0.97928     1
   58698.379061       0.007669        1.61773        0.07280        0.96212     1
   58707.678306       0.006391        1.99385        0.08635        0.98153     1
   58716.366473       0.132095        2.02293        0.09650        0.03925     1
   58725.132474       0.000075        1.96723        0.44470        0.93459     0
   58725.138839       0.006275        1.45025        0.05369        0.97658     1
   58735.100268       0.005273        1.55640        0.08589        0.96181     1
   58743.718214       0.197866        1.56643        0.08363        0.01379     1
   58752.351249       0.000087        0.43923       -1.00000        0.99892     1
   58761.194087       0.006580        2.16608        0.08970        0.96245     1
   58867.234943       0.006696        2.54690        0.09713        0.96742     1
   58874.206953       0.006217        2.13250        0.09632        0.96463     1
   58888.883888       0.005679        2.73862        0.10876        0.96206     1
   58897.713801       0.006290        2.95262        0.10927        0.91668     1
   58902.374762       0.033322        2.58754        0.36712        0.00396     0
   58902.378145       0.036415        2.11942        0.09251        0.16870     1
   58909.526307       0.003515        2.45286        0.13022        0.98335     1
   58916.667510       0.034505        1.96692        0.31254        0.00424     0
   58916.670332       0.037272        2.12431        0.08584        0.18080     1
   58930.182339       0.005810        1.74999        0.08552        0.97477     1
   58945.838947       0.005476        1.55233        0.08197        0.97103     1
   58974.722288       0.124306        3.12017        0.78004        0.00028     0
   58993.453940       0.462682        2.17169        0.41082        0.00022     0
   58993.456754       0.465454        2.17500        0.08738        0.01195     1
   59002.004539       0.002397        3.04607        0.17467        0.97800     1
   59010.448080       0.006754        2.55585        0.09509        0.98492     1
   59021.199741       0.003036        2.07992        0.13128        0.96851     1
   59028.842507       0.006783        2.06383        0.08679        0.96155     1
   59037.507432       0.100130        2.85970        0.71255        0.00048     0
   59037.510267       0.102898        1.89039        0.08030        0.06038     1
   59055.258453       0.007510        1.52966        0.07071        0.96537     1
   59064.295837       0.005549        1.42834        0.05606        0.97683     1
   59073.542648       0.105266        1.71011        0.05199        0.07498     1
   59089.314032       0.006072        1.22842        0.06040        0.95180     1
   59107.901317       0.000272        2.94820        0.28471        0.95312     0
   59107.908070       0.006464        2.62371        0.10312        0.96843     1
   59116.139237       0.005854        3.29932        0.12503        0.96503     1
   59125.965565       0.005926        3.70600        0.13655        0.98266     1
   59130.939202       0.136172        3.99321        0.43879        0.00110     0
   59130.943281       0.140011        3.17675        0.11132        0.04500     1
   59235.509084       0.470029        2.69751        0.03959        0.08879     1
   59237.459784       0.365330        4.01824        0.57028        0.00049     0
   59237.467402       0.372854        2.65970        0.06276        0.03987     1
   59240.387907       0.298605        2.00949        0.40019        0.00031     0
   59240.390846       0.301491        2.81463        0.07090        0.04953     1
   59241.553975       0.070986        2.70596        0.06570        0.23562     1
   59244.469176       0.465460        3.30208        0.17249        0.00191     0
   59244.472658       0.470334        2.88088        0.03474        0.12970     1
   59253.962692       0.004619        4.87204        0.17546        0.99021     1
   59262.321171       0.139895        4.33926        0.14266        0.04110     1
   59284.234562       0.000064        2.86550        0.58238        0.95539     0
   59284.238140       0.003501        3.42697        0.15177        0.98858     1
   59289.809860       0.006115        3.24594        0.11228        0.98846     1
   59307.528689       0.000049        2.33763        0.56696        0.98564     0
   59307.534508       0.005752        2.44721        0.10210        0.96862     1
   59312.079315       0.033090        2.68846        0.03699        0.40387     0
   59321.527184       0.000043        3.07131        0.73595        0.90759     0
   59321.532998       0.005752        2.76383        0.11046        0.95600     1
   59325.521379       0.006377        2.47953        0.09923        0.96020     1
   59334.486778       0.004183        1.91409        0.07826        0.98977     1
   59343.845424       0.005955        1.33901        0.04387        0.93197     0
   59352.938948       0.004797        2.09635        0.05613        0.96381     0
   59361.825258       0.000547        2.09606        0.17009        0.96131     0
   59367.002441       0.000116        1.65957       -1.00000        0.74892     1
   59371.390187       0.004222        1.67693        0.05497        0.93100     0
   59381.744518       0.004800        1.46882        0.04869        0.91448     0
   59395.272967       0.004774        1.62262        0.05035        0.94209     0
   59400.524569       0.000405        1.54785        0.16961        0.94439     0
   59408.278605       0.001936        1.71042        0.08059        0.96014     0
   59415.612394       0.368819        1.73965        0.04445        0.01707     0
   59426.066439       0.000897        3.02402        0.15955        0.93594     0
   59434.245356       0.135880        3.92807        0.09726        0.02119     0
   59441.002760       0.000436        4.06746        0.46850        0.99892     1
   59441.541092       0.537381        4.67806        0.08045        0.00995     0
   59453.644019       0.368455        2.79627        0.05441        0.01776     0
   59460.786725       0.006328        3.17606        0.06007        0.96113     0
   59469.754875       0.006215        2.94375        0.05943        0.96043     0
   59479.237205       0.006505        3.37061        0.06135        0.96708     0
   59487.860510       0.004740        2.79661        0.06739        0.93834     0
   59496.097827       0.006334        2.50748        0.05389        0.96300     0
   59647.528898       0.006507        2.97627        0.10431        0.97771     1
   59656.551051       0.001002        1.80779        0.21155        0.95949     1
   59661.593024       0.004881        2.50158        0.11033        0.97448     1
   59665.504871       0.005520        1.26308        0.06170        0.96998     1
   59673.457254       0.005200        1.43155        0.06796        0.96879     1
   59675.979369       0.006043        1.65864        0.05910        0.98591     1
   59683.938682       0.006435        1.76905        0.07096        0.97335     1
   59692.500739       0.006202        2.30243        0.09298        0.98856     1
   59693.075966       0.037897        3.16396        0.11326        0.14610     1
   59693.107433       0.000061        2.83991        0.70998        0.95344     0
   59701.097637       0.035171        2.66363        0.37900        0.00401     0
   59701.101477       0.038783        2.55361        0.08521        0.23151     1
   59702.395447       0.005200        2.92688        0.12158        0.98324     1
   59705.074492       0.034818        3.87042        1.02086        0.00224     0
   59705.079921       0.040192        2.67418        0.07612        0.27996     1
   59707.129739       0.033053        2.87425        0.53075        0.00250     0
   59707.133782       0.037040        2.75226        0.08453        0.28290     1
   59709.126432       0.031869        3.06796        0.07915        0.37352     1
   59731.372790       0.002876        2.95692        0.15874        0.98094     1
   59736.811645       0.002934        2.34812        0.12286        0.97611     1
   59743.396422       0.229910        2.95001        0.64604        0.00026     0
   59743.398541       0.231986        2.94610        0.13183        0.02061     1
   59752.067317       0.000075        2.92943        0.54400        0.89640     0
   59752.070850       0.003443        3.12451        0.14897        0.96213     1
   59760.550362       0.000069        5.05304        0.73075        0.92411     0
   59760.555777       0.005331        3.45889        0.12602        0.98460     1
   59767.502737       0.000211        4.43222        0.38381        0.99029     0
   59767.505970       0.003007        3.84963        0.17369        0.98543     1
   59769.101875       0.000136        4.71300        0.49224        0.97154     0
   59769.104832       0.002803        3.84966        0.18332        0.98012     1
   59776.791653       0.000162        3.95973        0.42593        0.96770     0
   59776.797974       0.006144        3.75167        0.12017        0.97854     1
   59794.550908       0.000113        4.43372        0.59510        0.97770     0
   59794.556758       0.005723        3.81722        0.12823        0.97761     1
   59803.642261       0.000116        3.94319        0.51705        0.90663     0
   59803.648246       0.005854        3.54402        0.12176        0.96774     1
   59812.519225       0.000069        3.81672        0.65169        0.92335     0
   59812.524930       0.005621        3.41758        0.12189        0.97687     1
   59821.551175       0.006420        3.62504        0.11642        0.99039     1
   59830.294672       0.266369        4.43725        0.52583        0.00041     0
   59830.298274       0.269767        4.34796        0.13199        0.02279     1
   59839.105908       0.659633        3.84691        0.50341        0.00018     0
   59839.109336       0.662870        3.63520        0.12254        0.01010     1
   59857.610907       0.000130        3.74193        0.45716        0.96642     0
   59857.616283       0.005229        3.71908        0.13232        0.95896     1
   59937.854768       0.000119        4.00216        0.49495        0.95752     0
   59937.860436       0.005534        3.35966        0.12379        0.96891     1
   59942.879686       0.000113        4.63714        0.53634        0.97766     0
   59942.887453       0.007640        3.27610        0.10388        0.98060     1
   59947.129733       0.000049        2.99011        0.67897        0.92744     0
   59947.137470       0.007669        3.46348        0.10363        0.97731     1
   59952.497908       0.196762        4.15488        0.33326        0.00137     0
   59952.500782       0.199173        3.96760        0.11185        0.03972     1
   59957.870822       0.007626        3.40973        0.10318        0.98453     1
   59987.984182       0.000038        3.58294        0.83590        0.96155     0
   59987.992094       0.007858        3.45041        0.10298        0.97941     1
   59992.636697       0.004968        3.76288        0.13320        0.98277     1
   59997.660414       0.000087        2.99688        0.50540        0.95254     0
   59997.668434       0.007916        4.14145        0.11115        0.99443     1
   59999.228643       0.037992        3.77468        0.06432        0.19703     0
   60000.156842       0.036198        3.53716        0.05891        0.20634     0
   60001.213438       0.037931        4.96156        0.06435        0.22172     0
   60002.209254       0.036534        4.98066        0.07156        0.19138     0
   60009.516902       0.000038        3.14316        0.77604        0.95882     0
   60009.522359       0.005403        4.36294        0.14254        0.97720     1
   60012.161821       0.000049        5.04986        0.82206        0.98585     0
   60012.169122       0.007234        4.02465        0.11398        0.98994     1
   60017.720218       0.000321        4.23902        0.30801        0.97015     0
   60017.727965       0.007408        3.29724        0.10492        0.98383     1
   60022.626159       0.007147        3.16833        0.10313        0.98573     1
   60027.175063       0.131528        4.36709        0.38010        0.00168     0
   60027.178384       0.134782        4.17992        0.13439        0.04191     1
   60031.413046       0.005011        4.49430        0.15843        0.96908     1
   60032.538138       0.000625        5.61596        0.25395        0.97371     0
   60032.543687       0.004910        4.87814        0.15736        0.98533     1
   60041.467302       0.196238        5.37548        0.30264        0.00210     0
   60041.472720       0.200873        4.86548        0.11789        0.04118     1
   60057.164586       0.000136        6.02818        0.56611        0.99276     0
   60057.166381       0.001641        5.92395        0.30583        0.99761     1
   60057.675657       0.000038        5.50690        1.07586        0.88299     0
   60057.681405       0.005694        5.75368        0.15279        0.99892     1
   60068.341321       0.337604        7.58686        0.16321        0.00601     0
   60068.341784       0.339460        7.09511        0.17168        0.01678     1
   60077.396804       0.001377        6.94682        0.19200        0.98691     0
   60077.403951       0.005752        6.19395        0.17425        0.99750     1
   60086.988521       0.000969        6.21059        0.21249        0.97578     0
   60086.994753       0.005244        5.69955        0.16080        0.99489     1
   60092.132526       0.068414        6.36845        0.20181        0.01538     0
   60092.138657       0.072613        5.41503        0.11545        0.13233     1
   60095.845209       0.000119        6.38933        0.61205        0.98217     0
   60095.851821       0.006478        4.72770        0.13283        0.98835     1
   60107.819805       0.005839        5.03492        0.14773        0.99460     1
   60113.511456       0.002426        4.55150        0.21257        0.99550     1
   60122.295513       0.000093        4.47553        0.60056        0.95973     0
   60122.302321       0.006696        3.47946        0.11766        0.98058     1
   60129.752534       0.000098        5.26363        0.62936        0.96627     0
   60129.760684       0.008033        3.74099        0.11157        0.94409     1
   60136.569263       0.007829        3.00751        0.09650        0.98343     1
   60143.443316       0.002949        6.85975        1.32016        0.03445     1
   60152.698706       0.000064        2.68878        0.58678        0.86610     0
   60152.703896       0.005113        2.79588        0.11544        0.97775     1
