61202.50  3.50  3.73e-07  1.88e-08    0.16    0.00
61209.50  3.50  3.43e-07  1.07e-08    0.14    0.00
61216.50  3.50  3.36e-07  3.93e-08    0.14    0.00
61223.50  3.50  4.50e-07  4.93e-08    0.19    0.00
61230.50  3.50  5.08e-07  4.41e-08    0.21    0.00
61237.50  3.50  5.81e-07  5.93e-08    0.24    0.00
61244.50  3.50  4.81e-07  6.31e-08    0.20    0.00
61251.50  3.50  2.58e-07  6.24e-08    0.11    0.00
61258.50  3.50  3.14e-07  2.81e-08    0.13    0.00
61265.50  3.50  3.27e-07  5.27e-08    0.14    0.00
61272.50  3.50  3.28e-07  5.13e-08    0.14    0.00
61279.50  3.50  3.39e-07  5.09e-08    0.14    0.00
61286.50  3.50  3.71e-07  5.61e-08    0.15    0.00
61293.50  3.50  5.32e-07  7.25e-08    0.22    0.00
