61202.50  3.50  1.25e-08  4.05e-09    0.12    0.00
61209.50  3.50  1.41e-08  4.13e-09    0.13    0.00
61216.50  3.50  1.20e-08  3.55e-09    0.11    0.00
61223.50  3.50  1.96e-08  5.36e-09    0.18    0.00
61230.50  3.50  1.84e-08  5.53e-09    0.17    0.00
61237.50  3.50  2.84e-08  3.84e-09    0.27    0.00
61244.50  3.50  2.46e-08  2.23e-09    0.23    0.00
61251.50  3.50  1.22e-08  4.75e-09    0.12    0.00
61258.50  3.50  1.53e-08  4.78e-09    0.14    0.00
61265.50  3.50  1.54e-08  3.60e-09    0.15    0.00
61272.50  3.50  1.65e-08  0.00e+00    0.00    0.00
61279.50  3.50  1.68e-08  5.51e-09    0.16    0.00
61286.50  3.50  1.27e-08  4.79e-09    0.12    0.00
61293.50  3.50  1.89e-08  0.00e+00    0.00    0.00
