61198.50  0.50  6.51e-07  0.00e+00    0.00    0.00
61199.50  0.50  6.92e-07  4.50e-08    0.29    0.00
61200.50  0.50  7.13e-07  0.00e+00    0.00    0.00
61201.50  0.50  4.51e-07  8.20e-08    0.19    0.00
61202.50  0.50  3.06e-07  0.00e+00    0.00    0.00
61203.50  0.50  3.71e-07  0.00e+00    0.00    0.00
61204.50  0.50  4.07e-07  0.00e+00    0.00    0.00
61205.50  0.50  4.47e-07  1.25e-07    0.19    0.00
61206.50  0.50  3.69e-07  0.00e+00    0.00    0.00
61207.50  0.50  4.08e-07  6.20e-08    0.17    0.00
61208.50  0.50  2.97e-07  0.00e+00    0.00    0.00
61209.50  0.50  3.98e-07  0.00e+00    0.00    0.00
61210.50  0.50  3.39e-07  8.81e-09    0.14    0.00
61211.50  0.50  4.07e-07  1.30e-07    0.17    0.00
61212.50  0.50  5.77e-07  6.91e-08    0.24    0.00
61213.50  0.50  2.98e-07  0.00e+00    0.00    0.00
61214.50  0.50  4.50e-07  0.00e+00    0.00    0.00
61215.50  0.50  3.86e-07  0.00e+00    0.00    0.00
61216.50  0.50  4.92e-07  5.21e-08    0.21    0.00
61217.50  0.50  6.21e-07  1.05e-08    0.26    0.00
61218.50  0.50  4.10e-07  6.42e-08    0.17    0.00
61219.50  0.50  2.54e-07  2.65e-08    0.11    0.00
61220.50  0.50  4.96e-07  1.17e-07    0.21    0.00
61221.50  0.50  3.48e-07  1.07e-07    0.15    0.00
61222.50  0.50  4.31e-07  3.07e-08    0.18    0.00
61223.50  0.50  3.85e-07  5.34e-08    0.16    0.00
61224.50  0.50  5.43e-07  1.64e-07    0.23    0.00
61225.50  0.50  4.38e-07  6.75e-08    0.18    0.00
61226.50  0.50  4.65e-07  4.19e-08    0.19    0.00
61227.50  0.50  5.05e-07  1.93e-07    0.21    0.00
61228.50  0.50  1.82e-07  0.00e+00    0.00    0.00
61229.50  0.50  6.97e-07  7.52e-08    0.29    0.00
61230.50  0.50  6.99e-07  0.00e+00    0.00    0.00
61231.50  0.50  4.02e-07  0.00e+00    0.00    0.00
61232.50  0.50  1.02e-06  8.49e-08    0.43    0.00
61233.50  0.50  7.21e-07  1.89e-07    0.30    0.00
61234.50  0.50  5.13e-07  1.49e-07    0.21    0.00
61235.50  0.50  6.27e-07  4.93e-08    0.26    0.00
61236.50  0.50  8.02e-07  1.82e-07    0.34    0.00
61237.50  0.50  7.86e-07  1.94e-07    0.33    0.00
61238.50  0.50  5.92e-07  0.00e+00    0.00    0.00
61239.50  0.50  5.61e-07  4.82e-08    0.23    0.00
61240.50  0.50  6.51e-07  1.74e-07    0.27    0.00
61241.50  0.50  6.41e-07  1.64e-08    0.27    0.00
61242.50  0.50  6.12e-07  5.85e-08    0.26    0.00
61243.50  0.50  8.36e-07  0.00e+00    0.00    0.00
61244.50  0.50  5.44e-07  7.40e-08    0.23    0.00
61245.50  0.50  3.06e-07  0.00e+00    0.00    0.00
61246.50  0.50  4.33e-07  0.00e+00    0.00    0.00
61247.50  0.50  6.30e-07  1.97e-07    0.26    0.00
61248.50  0.50  4.99e-07  0.00e+00    0.00    0.00
61249.50  0.50  4.44e-07  0.00e+00    0.00    0.00
61250.50  0.50  3.08e-07  0.00e+00    0.00    0.00
61251.50  0.50  4.56e-07  0.00e+00    0.00    0.00
61252.50  0.50  7.58e-07  2.45e-07    0.32    0.00
61253.50  0.50  4.44e-07  0.00e+00    0.00    0.00
61254.50  0.50  3.93e-07  0.00e+00    0.00    0.00
61255.50  0.50  4.40e-07  7.15e-08    0.18    0.00
61256.50  0.50  7.21e-07  0.00e+00    0.00    0.00
61257.50  0.50  7.12e-07  0.00e+00    0.00    0.00
61258.50  0.50  7.46e-07  0.00e+00    0.00    0.00
61259.50  0.50  2.76e-07  0.00e+00    0.00    0.00
61260.50  0.50  7.00e-07  0.00e+00    0.00    0.00
61261.50  0.50  5.04e-07  0.00e+00    0.00    0.00
61262.50  0.50  6.34e-07  0.00e+00    0.00    0.00
61263.50  0.50  4.83e-07  6.69e-08    0.20    0.00
61264.50  0.50  3.28e-07  1.26e-07    0.14    0.00
61265.50  0.50  4.80e-07  8.27e-08    0.20    0.00
61266.50  0.50  4.93e-07  0.00e+00    0.00    0.00
61267.50  0.50  1.05e-06  0.00e+00    0.00    0.00
61268.50  0.50  3.77e-07  0.00e+00    0.00    0.00
61269.50  0.50  4.37e-07  1.40e-07    0.18    0.00
61270.50  0.50  6.84e-07  0.00e+00    0.00    0.00
61271.50  0.50  3.41e-07  0.00e+00    0.00    0.00
61272.50  0.50  6.70e-07  0.00e+00    0.00    0.00
61273.50  0.50  6.38e-07  0.00e+00    0.00    0.00
61274.50  0.50  5.65e-07  0.00e+00    0.00    0.00
61275.50  0.50  4.67e-07  0.00e+00    0.00    0.00
61276.50  0.50  6.24e-07  0.00e+00    0.00    0.00
61277.50  0.50  7.27e-07  9.54e-08    0.30    0.00
61278.50  0.50  3.46e-07  3.18e-08    0.14    0.00
61279.50  0.50  4.22e-07  0.00e+00    0.00    0.00
61280.50  0.50  2.45e-07  0.00e+00    0.00    0.00
61281.50  0.50  4.18e-07  0.00e+00    0.00    0.00
61282.50  0.50  4.82e-07  1.11e-07    0.20    0.00
61283.50  0.50  5.08e-07  1.73e-07    0.21    0.00
61284.50  0.50  5.27e-07  0.00e+00    0.00    0.00
61285.50  0.50  4.66e-07  0.00e+00    0.00    0.00
61286.50  0.50  3.99e-07  1.48e-07    0.17    0.00
61287.50  0.50  4.07e-07  5.24e-08    0.17    0.00
61288.50  0.50  6.20e-07  0.00e+00    0.00    0.00
61289.50  0.50  8.03e-07  0.00e+00    0.00    0.00
61290.50  0.50  7.36e-07  0.00e+00    0.00    0.00
61291.50  0.50  8.08e-07  0.00e+00    0.00    0.00
61292.50  0.50  8.52e-07  0.00e+00    0.00    0.00
61293.50  0.50  8.40e-07  8.37e-08    0.35    0.00
61294.50  0.50  5.24e-07  0.00e+00    0.00    0.00
61295.50  0.50  8.83e-07  0.00e+00    0.00    0.00
61296.50  0.50  6.52e-07  2.33e-07    0.27    0.00
61297.50  0.50  7.37e-07  2.32e-07    0.31    0.00
