61202.50  0.50  1.27e-08  0.00e+00    0.00    0.00
61203.50  0.50  2.95e-08  0.00e+00    0.00    0.00
61204.50  0.50  3.75e-08  0.00e+00    0.00    0.00
61205.50  0.50  3.11e-08  4.43e-09    0.29    0.00
61206.50  0.50  4.30e-08  0.00e+00    0.00    0.00
61207.50  0.50  2.66e-08  0.00e+00    0.00    0.00
61208.50  0.50  3.02e-08  0.00e+00    0.00    0.00
61209.50  0.50  4.48e-08  0.00e+00    0.00    0.00
61210.50  0.50  6.00e-08  0.00e+00    0.00    0.00
61211.50  0.50  4.82e-08  0.00e+00    0.00    0.00
61212.50  0.50  4.02e-08  0.00e+00    0.00    0.00
61213.50  0.50  3.77e-08  0.00e+00    0.00    0.00
61214.50  0.50  2.51e-08  0.00e+00    0.00    0.00
61215.50  0.50  3.46e-08  0.00e+00    0.00    0.00
61216.50  0.50  3.04e-08  0.00e+00    0.00    0.00
61217.50  0.50  4.21e-08  0.00e+00    0.00    0.00
61218.50  0.50  5.30e-08  0.00e+00    0.00    0.00
61219.50  0.50  3.57e-08  0.00e+00    0.00    0.00
61220.50  0.50  1.15e-08  0.00e+00    0.00    0.00
61221.50  0.50  4.61e-08  0.00e+00    0.00    0.00
61222.50  0.50  5.85e-08  0.00e+00    0.00    0.00
61223.50  0.50  7.59e-08  0.00e+00    0.00    0.00
61224.50  0.50  6.27e-08  0.00e+00    0.00    0.00
61225.50  0.50  3.40e-08  0.00e+00    0.00    0.00
61226.50  0.50  1.30e-07  0.00e+00    0.00    0.00
61227.50  0.50  7.02e-08  0.00e+00    0.00    0.00
61228.50  0.50  5.27e-08  0.00e+00    0.00    0.00
61229.50  0.50  2.06e-08  0.00e+00    0.00    0.00
61230.50  0.50  1.72e-08  0.00e+00    0.00    0.00
61231.50  0.50  7.57e-08  0.00e+00    0.00    0.00
61232.50  0.50  8.33e-08  0.00e+00    0.00    0.00
61233.50  0.50  5.63e-08  0.00e+00    0.00    0.00
61234.50  0.50  6.83e-08  0.00e+00    0.00    0.00
61235.50  0.50  7.00e-08  0.00e+00    0.00    0.00
61236.50  0.50  4.60e-08  2.25e-08    0.43    0.00
61237.50  0.50  9.61e-08  0.00e+00    0.00    0.00
61238.50  0.50  5.79e-08  0.00e+00    0.00    0.00
61239.50  0.50  6.17e-08  0.00e+00    0.00    0.00
61240.50  0.50  5.44e-08  0.00e+00    0.00    0.00
61241.50  0.50  5.68e-08  0.00e+00    0.00    0.00
61242.50  0.50  6.07e-08  0.00e+00    0.00    0.00
61243.50  0.50  3.90e-08  0.00e+00    0.00    0.00
61244.50  0.50  9.25e-08  0.00e+00    0.00    0.00
61245.50  0.50  6.61e-08  0.00e+00    0.00    0.00
61246.50  0.50  4.93e-08  0.00e+00    0.00    0.00
61247.50  0.50  2.97e-08  0.00e+00    0.00    0.00
61248.50  0.50  1.93e-08  0.00e+00    0.00    0.00
61249.50  0.50  4.93e-08  0.00e+00    0.00    0.00
61250.50  0.50  7.10e-08  0.00e+00    0.00    0.00
61251.50  0.50  4.32e-08  0.00e+00    0.00    0.00
61252.50  0.50  4.89e-08  0.00e+00    0.00    0.00
61253.50  0.50  5.92e-08  0.00e+00    0.00    0.00
61254.50  0.50  6.33e-08  0.00e+00    0.00    0.00
61255.50  0.50  8.80e-08  0.00e+00    0.00    0.00
61256.50  0.50  5.63e-08  0.00e+00    0.00    0.00
61257.50  0.50  7.12e-08  0.00e+00    0.00    0.00
61258.50  0.50  1.78e-08  0.00e+00    0.00    0.00
61259.50  0.50  6.80e-08  0.00e+00    0.00    0.00
61260.50  0.50  3.58e-08  0.00e+00    0.00    0.00
61261.50  0.50  5.76e-08  0.00e+00    0.00    0.00
61262.50  0.50  1.36e-08  0.00e+00    0.00    0.00
61263.50  0.50  5.41e-08  0.00e+00    0.00    0.00
61264.50  0.50  6.49e-08  0.00e+00    0.00    0.00
61265.50  0.50  5.36e-08  0.00e+00    0.00    0.00
61266.50  0.50  6.81e-08  0.00e+00    0.00    0.00
61267.50  0.50  4.66e-08  0.00e+00    0.00    0.00
61268.50  0.50  4.78e-08  0.00e+00    0.00    0.00
61269.50  0.50  7.29e-08  0.00e+00    0.00    0.00
61270.50  0.50  1.92e-08  0.00e+00    0.00    0.00
61271.50  0.50  8.21e-08  0.00e+00    0.00    0.00
61272.50  0.50  1.92e-08  0.00e+00    0.00    0.00
61273.50  0.50  2.67e-08  0.00e+00    0.00    0.00
61274.50  0.50  1.60e-08  0.00e+00    0.00    0.00
61275.50  0.50  4.83e-08  0.00e+00    0.00    0.00
61276.50  0.50  1.72e-08  0.00e+00    0.00    0.00
61277.50  0.50  4.36e-08  0.00e+00    0.00    0.00
61278.50  0.50  6.69e-08  0.00e+00    0.00    0.00
61279.50  0.50  8.37e-08  0.00e+00    0.00    0.00
61280.50  0.50  6.47e-08  0.00e+00    0.00    0.00
61281.50  0.50  6.20e-08  0.00e+00    0.00    0.00
61282.50  0.50  5.93e-08  0.00e+00    0.00    0.00
61283.50  0.50  8.54e-08  0.00e+00    0.00    0.00
61284.50  0.50  2.04e-08  0.00e+00    0.00    0.00
61285.50  0.50  4.08e-08  0.00e+00    0.00    0.00
61286.50  0.50  4.60e-08  0.00e+00    0.00    0.00
61287.50  0.50  6.25e-08  0.00e+00    0.00    0.00
61288.50  0.50  4.96e-08  0.00e+00    0.00    0.00
61289.50  0.50  3.11e-08  0.00e+00    0.00    0.00
61290.50  0.50  4.47e-08  0.00e+00    0.00    0.00
61291.50  0.50  1.62e-08  0.00e+00    0.00    0.00
61292.50  0.50  2.42e-08  0.00e+00    0.00    0.00
61293.50  0.50  4.95e-08  0.00e+00    0.00    0.00
61294.50  0.50  4.63e-08  0.00e+00    0.00    0.00
61295.50  0.50  4.84e-08  0.00e+00    0.00    0.00
61296.50  0.50  7.45e-08  0.00e+00    0.00    0.00
61297.50  0.50  6.47e-08  0.00e+00    0.00    0.00
61298.50  0.50  1.72e-08  0.00e+00    0.00    0.00
61299.50  0.50  6.42e-08  0.00e+00    0.00    0.00
61300.50  0.50  3.66e-08  0.00e+00    0.00    0.00
61301.50  0.50  2.44e-08  0.00e+00    0.00    0.00
