61209.50  3.50  2.30e-06  0.00e+00    0.00    0.00
61216.50  3.50  1.65e-06  0.00e+00    0.00    0.00
61223.50  3.50  5.94e-08  0.00e+00    0.00    0.00
61230.50  3.50  3.09e-08  0.00e+00    0.00    0.00
61237.50  3.50  2.15e-07  0.00e+00    0.00    0.00
61244.50  3.50  3.07e-08  0.00e+00    0.00    0.00
61251.50  3.50  1.35e-07  0.00e+00    0.00    0.00
61258.50  3.50  4.39e-08  0.00e+00    0.00    0.00
61265.50  3.50  2.91e-08  0.00e+00    0.00    0.00
61272.50  3.50  2.48e-08  0.00e+00    0.00    0.00
61279.50  3.50  4.20e-08  0.00e+00    0.00    0.00
61286.50  3.50  4.82e-08  0.00e+00    0.00    0.00
61293.50  3.50  5.60e-08  0.00e+00    0.00    0.00
61300.50  3.50  2.17e-07  0.00e+00    0.00    0.00
