61191.50  0.50  1.95e-08  0.00e+00    0.00    0.00
61192.50  0.50  6.36e-08  0.00e+00    0.00    0.00
61193.50  0.50  5.43e-08  0.00e+00    0.00    0.00
61194.50  0.50  2.86e-08  0.00e+00    0.00    0.00
61195.50  0.50  3.50e-08  0.00e+00    0.00    0.00
61196.50  0.50  1.86e-08  0.00e+00    0.00    0.00
61197.50  0.50  5.08e-08  0.00e+00    0.00    0.00
61198.50  0.50  1.88e-08  0.00e+00    0.00    0.00
61199.50  0.50  3.71e-08  0.00e+00    0.00    0.00
61200.50  0.50  4.78e-08  0.00e+00    0.00    0.00
61201.50  0.50  5.35e-08  0.00e+00    0.00    0.00
61202.50  0.50  5.80e-08  0.00e+00    0.00    0.00
61203.50  0.50  1.66e-07  0.00e+00    0.00    0.00
61204.50  0.50  2.73e-07  0.00e+00    0.00    0.00
61205.50  0.50  1.95e-07  0.00e+00    0.00    0.00
61206.50  0.50  3.55e-07  0.00e+00    0.00    0.00
61207.50  0.50  9.11e-07  0.00e+00    0.00    0.00
61208.50  0.50  1.40e-05  0.00e+00    0.00    0.00
61216.50  0.50  9.15e-07  0.00e+00    0.00    0.00
61217.50  0.50  4.19e-07  0.00e+00    0.00    0.00
61218.50  0.50  2.03e-07  0.00e+00    0.00    0.00
61219.50  0.50  4.60e-07  0.00e+00    0.00    0.00
61220.50  0.50  4.57e-07  0.00e+00    0.00    0.00
61221.50  0.50  9.66e-08  0.00e+00    0.00    0.00
61222.50  0.50  2.81e-08  0.00e+00    0.00    0.00
61223.50  0.50  2.93e-08  0.00e+00    0.00    0.00
61224.50  0.50  8.43e-08  0.00e+00    0.00    0.00
61225.50  0.50  3.33e-08  0.00e+00    0.00    0.00
61226.50  0.50  4.88e-08  0.00e+00    0.00    0.00
61227.50  0.50  3.06e-08  0.00e+00    0.00    0.00
61228.50  0.50  2.22e-08  0.00e+00    0.00    0.00
61229.50  0.50  7.82e-08  0.00e+00    0.00    0.00
61230.50  0.50  2.29e-08  0.00e+00    0.00    0.00
61231.50  0.50  3.57e-08  0.00e+00    0.00    0.00
61232.50  0.50  3.87e-08  0.00e+00    0.00    0.00
61233.50  0.50  4.10e-08  0.00e+00    0.00    0.00
61234.50  0.50  8.44e-08  0.00e+00    0.00    0.00
61235.50  0.50  3.08e-08  0.00e+00    0.00    0.00
61236.50  0.50  5.06e-08  0.00e+00    0.00    0.00
61237.50  0.50  2.37e-08  0.00e+00    0.00    0.00
61238.50  0.50  5.19e-08  0.00e+00    0.00    0.00
61239.50  0.50  2.25e-08  0.00e+00    0.00    0.00
61240.50  0.50  2.26e-08  0.00e+00    0.00    0.00
61241.50  0.50  2.18e-08  0.00e+00    0.00    0.00
61242.50  0.50  2.90e-08  0.00e+00    0.00    0.00
61243.50  0.50  2.44e-08  0.00e+00    0.00    0.00
61244.50  0.50  5.85e-08  0.00e+00    0.00    0.00
61245.50  0.50  3.04e-08  0.00e+00    0.00    0.00
61246.50  0.50  4.54e-08  0.00e+00    0.00    0.00
61247.50  0.50  2.95e-08  0.00e+00    0.00    0.00
61248.50  0.50  1.53e-08  0.00e+00    0.00    0.00
61249.50  0.50  1.62e-08  0.00e+00    0.00    0.00
61250.50  0.50  3.87e-08  0.00e+00    0.00    0.00
61251.50  0.50  2.78e-08  0.00e+00    0.00    0.00
61252.50  0.50  1.13e-07  0.00e+00    0.00    0.00
61253.50  0.50  3.76e-08  0.00e+00    0.00    0.00
61254.50  0.50  3.54e-08  0.00e+00    0.00    0.00
61255.50  0.50  7.01e-08  0.00e+00    0.00    0.00
61256.50  0.50  4.06e-08  0.00e+00    0.00    0.00
61257.50  0.50  3.65e-08  0.00e+00    0.00    0.00
61258.50  0.50  6.80e-08  0.00e+00    0.00    0.00
61259.50  0.50  5.18e-08  0.00e+00    0.00    0.00
61260.50  0.50  2.98e-08  0.00e+00    0.00    0.00
61261.50  0.50  2.43e-08  0.00e+00    0.00    0.00
61262.50  0.50  5.27e-08  0.00e+00    0.00    0.00
61263.50  0.50  2.16e-08  0.00e+00    0.00    0.00
61264.50  0.50  2.28e-08  0.00e+00    0.00    0.00
61265.50  0.50  3.57e-08  0.00e+00    0.00    0.00
61266.50  0.50  1.47e-08  0.00e+00    0.00    0.00
61267.50  0.50  3.38e-08  0.00e+00    0.00    0.00
61268.50  0.50  1.58e-08  0.00e+00    0.00    0.00
61269.50  0.50  1.76e-08  0.00e+00    0.00    0.00
61270.50  0.50  6.39e-08  0.00e+00    0.00    0.00
61271.50  0.50  4.29e-08  0.00e+00    0.00    0.00
61272.50  0.50  5.53e-08  0.00e+00    0.00    0.00
61273.50  0.50  2.81e-08  0.00e+00    0.00    0.00
61274.50  0.50  1.94e-08  0.00e+00    0.00    0.00
61275.50  0.50  3.84e-08  0.00e+00    0.00    0.00
61276.50  0.50  5.91e-08  0.00e+00    0.00    0.00
61277.50  0.50  2.71e-08  0.00e+00    0.00    0.00
61278.50  0.50  2.53e-08  0.00e+00    0.00    0.00
61279.50  0.50  8.09e-08  0.00e+00    0.00    0.00
61280.50  0.50  6.87e-08  0.00e+00    0.00    0.00
61281.50  0.50  2.65e-08  0.00e+00    0.00    0.00
61282.50  0.50  7.05e-08  0.00e+00    0.00    0.00
61283.50  0.50  3.14e-08  0.00e+00    0.00    0.00
61284.50  0.50  3.58e-08  0.00e+00    0.00    0.00
61285.50  0.50  2.28e-08  0.00e+00    0.00    0.00
61286.50  0.50  7.47e-08  0.00e+00    0.00    0.00
61287.50  0.50  6.39e-08  0.00e+00    0.00    0.00
61288.50  0.50  3.86e-08  0.00e+00    0.00    0.00
61289.50  0.50  2.60e-08  0.00e+00    0.00    0.00
61290.50  0.50  1.08e-07  0.00e+00    0.00    0.00
61291.50  0.50  9.25e-08  0.00e+00    0.00    0.00
61292.50  0.50  2.66e-08  0.00e+00    0.00    0.00
61293.50  0.50  4.83e-08  0.00e+00    0.00    0.00
61294.50  0.50  2.97e-08  0.00e+00    0.00    0.00
61295.50  0.50  2.48e-08  0.00e+00    0.00    0.00
61296.50  0.50  4.54e-08  0.00e+00    0.00    0.00
61297.50  0.50  3.34e-08  0.00e+00    0.00    0.00
