61202.50  3.50  1.40e-08  0.00e+00    0.00    0.00
61209.50  3.50  2.36e-07  0.00e+00    0.00    0.00
61216.50  3.50  2.00e-07  0.00e+00    0.00    0.00
61223.50  3.50  1.62e-08  0.00e+00    0.00    0.00
61230.50  3.50  5.07e-09  0.00e+00    0.00    0.00
61237.50  3.50  1.11e-08  0.00e+00    0.00    0.00
61244.50  3.50  8.29e-09  0.00e+00    0.00    0.00
61251.50  3.50  1.20e-08  0.00e+00    0.00    0.00
61258.50  3.50  1.00e-08  0.00e+00    0.00    0.00
61265.50  3.50  4.28e-09  0.00e+00    0.00    0.00
61272.50  3.50  9.20e-09  0.00e+00    0.00    0.00
61279.50  3.50  1.14e-08  0.00e+00    0.00    0.00
61286.50  3.50  7.31e-09  0.00e+00    0.00    0.00
61293.50  3.50  1.38e-08  0.00e+00    0.00    0.00
