61202.50  0.50  5.75e-07  0.00e+00    0.00    0.00
61203.50  0.50  4.45e-07  0.00e+00    0.00    0.00
61204.50  0.50  3.26e-06  0.00e+00    0.00    0.00
61205.50  0.50  3.23e-06  0.00e+00    0.00    0.00
61206.50  0.50  3.29e-06  0.00e+00    0.00    0.00
61207.50  0.50  7.22e-06  0.00e+00    0.00    0.00
61208.50  0.50  1.14e-04  0.00e+00    0.00    0.00
61216.50  0.50  1.89e-05  0.00e+00    0.00    0.00
61217.50  0.50  6.63e-06  0.00e+00    0.00    0.00
61218.50  0.50  5.49e-06  0.00e+00    0.00    0.00
61219.50  0.50  2.40e-06  0.00e+00    0.00    0.00
61220.50  0.50  1.61e-06  0.00e+00    0.00    0.00
61221.50  0.50  6.24e-07  0.00e+00    0.00    0.00
61222.50  0.50  1.78e-07  0.00e+00    0.00    0.00
61223.50  0.50  3.08e-07  0.00e+00    0.00    0.00
61224.50  0.50  8.17e-07  0.00e+00    0.00    0.00
61225.50  0.50  1.46e-07  0.00e+00    0.00    0.00
61226.50  0.50  3.24e-07  0.00e+00    0.00    0.00
61227.50  0.50  1.22e-07  0.00e+00    0.00    0.00
61228.50  0.50  2.26e-07  0.00e+00    0.00    0.00
61229.50  0.50  2.25e-07  0.00e+00    0.00    0.00
61230.50  0.50  2.06e-07  0.00e+00    0.00    0.00
61231.50  0.50  2.28e-07  0.00e+00    0.00    0.00
61232.50  0.50  1.91e-07  0.00e+00    0.00    0.00
61233.50  0.50  1.50e-07  0.00e+00    0.00    0.00
61234.50  0.50  1.59e-07  0.00e+00    0.00    0.00
61235.50  0.50  2.83e-07  0.00e+00    0.00    0.00
61236.50  0.50  2.90e-07  0.00e+00    0.00    0.00
61237.50  0.50  6.82e-07  0.00e+00    0.00    0.00
61238.50  0.50  9.22e-07  0.00e+00    0.00    0.00
61239.50  0.50  2.13e-07  0.00e+00    0.00    0.00
61240.50  0.50  3.62e-07  0.00e+00    0.00    0.00
61241.50  0.50  9.78e-07  0.00e+00    0.00    0.00
61242.50  0.50  2.20e-07  0.00e+00    0.00    0.00
61243.50  0.50  8.13e-07  0.00e+00    0.00    0.00
61244.50  0.50  2.10e-07  0.00e+00    0.00    0.00
61245.50  0.50  1.96e-07  0.00e+00    0.00    0.00
61246.50  0.50  3.85e-07  0.00e+00    0.00    0.00
61247.50  0.50  4.98e-07  0.00e+00    0.00    0.00
61248.50  0.50  1.68e-07  0.00e+00    0.00    0.00
61249.50  0.50  8.97e-07  0.00e+00    0.00    0.00
61250.50  0.50  2.57e-07  0.00e+00    0.00    0.00
61251.50  0.50  6.29e-07  0.00e+00    0.00    0.00
61252.50  0.50  3.24e-07  0.00e+00    0.00    0.00
61253.50  0.50  5.34e-07  0.00e+00    0.00    0.00
61254.50  0.50  6.52e-07  0.00e+00    0.00    0.00
61255.50  0.50  7.05e-07  0.00e+00    0.00    0.00
61256.50  0.50  2.52e-07  0.00e+00    0.00    0.00
61257.50  0.50  4.08e-07  0.00e+00    0.00    0.00
61258.50  0.50  2.88e-07  0.00e+00    0.00    0.00
61259.50  0.50  1.94e-07  0.00e+00    0.00    0.00
61260.50  0.50  2.94e-07  0.00e+00    0.00    0.00
61261.50  0.50  1.80e-07  0.00e+00    0.00    0.00
61262.50  0.50  2.16e-07  0.00e+00    0.00    0.00
61263.50  0.50  8.72e-08  0.00e+00    0.00    0.00
61264.50  0.50  1.41e-07  0.00e+00    0.00    0.00
61265.50  0.50  1.44e-07  0.00e+00    0.00    0.00
61266.50  0.50  1.21e-07  0.00e+00    0.00    0.00
61267.50  0.50  2.39e-07  0.00e+00    0.00    0.00
61268.50  0.50  5.13e-07  0.00e+00    0.00    0.00
61269.50  0.50  2.65e-07  0.00e+00    0.00    0.00
61270.50  0.50  3.32e-07  0.00e+00    0.00    0.00
61271.50  0.50  3.65e-07  0.00e+00    0.00    0.00
61272.50  0.50  1.31e-07  0.00e+00    0.00    0.00
61273.50  0.50  1.66e-07  0.00e+00    0.00    0.00
61274.50  0.50  7.35e-07  0.00e+00    0.00    0.00
61275.50  0.50  2.63e-07  0.00e+00    0.00    0.00
61276.50  0.50  1.97e-07  0.00e+00    0.00    0.00
61277.50  0.50  2.76e-07  0.00e+00    0.00    0.00
61278.50  0.50  2.72e-07  0.00e+00    0.00    0.00
61279.50  0.50  2.52e-07  0.00e+00    0.00    0.00
61280.50  0.50  1.65e-07  0.00e+00    0.00    0.00
61281.50  0.50  3.85e-07  0.00e+00    0.00    0.00
61282.50  0.50  1.13e-06  0.00e+00    0.00    0.00
61283.50  0.50  1.14e-06  0.00e+00    0.00    0.00
61284.50  0.50  5.94e-07  0.00e+00    0.00    0.00
61285.50  0.50  1.29e-07  0.00e+00    0.00    0.00
61286.50  0.50  2.39e-07  0.00e+00    0.00    0.00
61287.50  0.50  1.52e-07  0.00e+00    0.00    0.00
61288.50  0.50  3.35e-07  0.00e+00    0.00    0.00
61289.50  0.50  1.59e-07  0.00e+00    0.00    0.00
61290.50  0.50  1.84e-07  0.00e+00    0.00    0.00
61291.50  0.50  2.04e-07  0.00e+00    0.00    0.00
61292.50  0.50  3.48e-07  0.00e+00    0.00    0.00
61293.50  0.50  2.41e-07  0.00e+00    0.00    0.00
61294.50  0.50  1.86e-07  0.00e+00    0.00    0.00
61295.50  0.50  2.56e-07  0.00e+00    0.00    0.00
61296.50  0.50  2.76e-07  0.00e+00    0.00    0.00
61297.50  0.50  2.64e-07  0.00e+00    0.00    0.00
61298.50  0.50  2.90e-07  0.00e+00    0.00    0.00
61299.50  0.50  3.22e-07  0.00e+00    0.00    0.00
61300.50  0.50  5.85e-07  0.00e+00    0.00    0.00
61301.50  0.50  2.53e-07  0.00e+00    0.00    0.00
61302.50  0.50  1.84e-07  0.00e+00    0.00    0.00
61303.50  0.50  6.95e-08  0.00e+00    0.00    0.00
61304.50  0.50  1.55e-07  0.00e+00    0.00    0.00
61305.50  0.50  1.91e-07  0.00e+00    0.00    0.00
61306.50  0.50  2.30e-07  0.00e+00    0.00    0.00
61307.50  0.50  6.19e-08  0.00e+00    0.00    0.00
61308.50  0.50  9.39e-07  0.00e+00    0.00    0.00
