61202.50  3.50  2.10e-09  0.00e+00    0.00    0.00
61209.50  3.50  2.45e-09  0.00e+00    0.00    0.00
61216.50  3.50  1.85e-09  0.00e+00    0.00    0.00
61223.50  3.50  3.82e-09  0.00e+00    0.00    0.00
61230.50  3.50  2.39e-09  0.00e+00    0.00    0.00
61237.50  3.50  2.67e-09  0.00e+00    0.00    0.00
61244.50  3.50  2.15e-09  0.00e+00    0.00    0.00
61251.50  3.50  2.19e-09  0.00e+00    0.00    0.00
61258.50  3.50  7.56e-09  0.00e+00    0.00    0.00
61265.50  3.50  2.22e-09  0.00e+00    0.00    0.00
61272.50  3.50  2.81e-09  0.00e+00    0.00    0.00
61279.50  3.50  4.75e-09  0.00e+00    0.00    0.00
61286.50  3.50  3.62e-09  0.00e+00    0.00    0.00
61293.50  3.50  2.71e-09  0.00e+00    0.00    0.00
