61209.50  3.50  7.94e-08  0.00e+00    0.00    0.00
61216.50  3.50  1.83e-08  0.00e+00    0.00    0.00
61223.50  3.50  1.01e-07  0.00e+00    0.00    0.00
61230.50  3.50  1.26e-07  0.00e+00    0.00    0.00
61237.50  3.50  5.49e-08  0.00e+00    0.00    0.00
61244.50  3.50  3.66e-08  0.00e+00    0.00    0.00
61251.50  3.50  1.29e-08  0.00e+00    0.00    0.00
61258.50  3.50  4.88e-08  0.00e+00    0.00    0.00
61265.50  3.50  3.10e-08  0.00e+00    0.00    0.00
61272.50  3.50  3.45e-08  0.00e+00    0.00    0.00
61279.50  3.50  1.12e-07  0.00e+00    0.00    0.00
61286.50  3.50  1.23e-07  0.00e+00    0.00    0.00
61293.50  3.50  3.14e-08  0.00e+00    0.00    0.00
61300.50  3.50  1.50e-07  0.00e+00    0.00    0.00
