61202.50  0.50  6.65e-08  0.00e+00    0.00    0.00
61203.50  0.50  6.71e-08  0.00e+00    0.00    0.00
61204.50  0.50  1.49e-07  0.00e+00    0.00    0.00
61205.50  0.50  7.81e-08  0.00e+00    0.00    0.00
61206.50  0.50  4.34e-08  0.00e+00    0.00    0.00
61207.50  0.50  6.43e-08  0.00e+00    0.00    0.00
61208.50  0.50  1.66e-07  0.00e+00    0.00    0.00
61209.50  0.50  2.53e-07  0.00e+00    0.00    0.00
61210.50  0.50  3.22e-07  0.00e+00    0.00    0.00
61211.50  0.50  9.09e-08  0.00e+00    0.00    0.00
61212.50  0.50  5.71e-08  0.00e+00    0.00    0.00
61213.50  0.50  5.53e-08  0.00e+00    0.00    0.00
61214.50  0.50  7.33e-08  0.00e+00    0.00    0.00
61215.50  0.50  9.45e-08  0.00e+00    0.00    0.00
61216.50  0.50  4.52e-08  0.00e+00    0.00    0.00
61217.50  0.50  9.98e-08  0.00e+00    0.00    0.00
61218.50  0.50  2.63e-07  0.00e+00    0.00    0.00
61219.50  0.50  8.14e-08  0.00e+00    0.00    0.00
61220.50  0.50  3.75e-07  0.00e+00    0.00    0.00
61221.50  0.50  2.66e-07  0.00e+00    0.00    0.00
61222.50  0.50  4.21e-07  0.00e+00    0.00    0.00
61223.50  0.50  4.23e-07  0.00e+00    0.00    0.00
61224.50  0.50  1.05e-07  0.00e+00    0.00    0.00
61225.50  0.50  6.51e-08  0.00e+00    0.00    0.00
61226.50  0.50  3.39e-07  0.00e+00    0.00    0.00
61227.50  0.50  5.77e-08  0.00e+00    0.00    0.00
61228.50  0.50  5.92e-07  0.00e+00    0.00    0.00
61229.50  0.50  6.58e-07  0.00e+00    0.00    0.00
61230.50  0.50  1.06e-07  0.00e+00    0.00    0.00
61231.50  0.50  6.49e-08  0.00e+00    0.00    0.00
61232.50  0.50  8.09e-08  0.00e+00    0.00    0.00
61233.50  0.50  1.52e-07  0.00e+00    0.00    0.00
61234.50  0.50  4.60e-08  0.00e+00    0.00    0.00
61235.50  0.50  1.44e-07  0.00e+00    0.00    0.00
61236.50  0.50  1.08e-07  0.00e+00    0.00    0.00
61237.50  0.50  1.27e-07  0.00e+00    0.00    0.00
61238.50  0.50  8.82e-08  0.00e+00    0.00    0.00
61239.50  0.50  7.09e-08  0.00e+00    0.00    0.00
61240.50  0.50  2.93e-07  0.00e+00    0.00    0.00
61241.50  0.50  1.86e-07  0.00e+00    0.00    0.00
61242.50  0.50  6.05e-08  0.00e+00    0.00    0.00
61243.50  0.50  7.18e-08  0.00e+00    0.00    0.00
61244.50  0.50  2.67e-07  0.00e+00    0.00    0.00
61245.50  0.50  1.46e-07  0.00e+00    0.00    0.00
61246.50  0.50  8.94e-08  0.00e+00    0.00    0.00
61247.50  0.50  3.01e-07  0.00e+00    0.00    0.00
61248.50  0.50  9.35e-08  0.00e+00    0.00    0.00
61249.50  0.50  9.05e-08  0.00e+00    0.00    0.00
61250.50  0.50  9.72e-08  0.00e+00    0.00    0.00
61251.50  0.50  8.22e-08  0.00e+00    0.00    0.00
61252.50  0.50  7.33e-08  0.00e+00    0.00    0.00
61253.50  0.50  9.37e-08  0.00e+00    0.00    0.00
61254.50  0.50  6.53e-08  0.00e+00    0.00    0.00
61255.50  0.50  3.68e-07  0.00e+00    0.00    0.00
61256.50  0.50  7.32e-07  0.00e+00    0.00    0.00
61257.50  0.50  5.51e-08  0.00e+00    0.00    0.00
61258.50  0.50  1.18e-07  0.00e+00    0.00    0.00
61259.50  0.50  7.53e-08  0.00e+00    0.00    0.00
61260.50  0.50  1.01e-07  0.00e+00    0.00    0.00
61261.50  0.50  1.10e-07  0.00e+00    0.00    0.00
61262.50  0.50  9.23e-08  0.00e+00    0.00    0.00
61263.50  0.50  5.85e-08  0.00e+00    0.00    0.00
61264.50  0.50  1.70e-07  0.00e+00    0.00    0.00
61265.50  0.50  1.34e-07  0.00e+00    0.00    0.00
61266.50  0.50  1.07e-07  0.00e+00    0.00    0.00
61267.50  0.50  6.76e-07  0.00e+00    0.00    0.00
61268.50  0.50  1.45e-07  0.00e+00    0.00    0.00
61269.50  0.50  1.04e-07  0.00e+00    0.00    0.00
61270.50  0.50  2.52e-07  0.00e+00    0.00    0.00
61271.50  0.50  1.01e-07  0.00e+00    0.00    0.00
61272.50  0.50  1.61e-07  0.00e+00    0.00    0.00
61273.50  0.50  3.43e-07  0.00e+00    0.00    0.00
61274.50  0.50  1.22e-07  0.00e+00    0.00    0.00
61275.50  0.50  1.95e-07  0.00e+00    0.00    0.00
61276.50  0.50  4.90e-07  0.00e+00    0.00    0.00
61277.50  0.50  9.57e-08  0.00e+00    0.00    0.00
61278.50  0.50  3.20e-07  0.00e+00    0.00    0.00
61279.50  0.50  3.81e-07  0.00e+00    0.00    0.00
61280.50  0.50  7.46e-08  0.00e+00    0.00    0.00
61281.50  0.50  3.13e-07  0.00e+00    0.00    0.00
61282.50  0.50  4.66e-07  0.00e+00    0.00    0.00
61283.50  0.50  6.20e-07  0.00e+00    0.00    0.00
61284.50  0.50  1.52e-07  0.00e+00    0.00    0.00
61285.50  0.50  1.79e-07  0.00e+00    0.00    0.00
61286.50  0.50  5.31e-07  0.00e+00    0.00    0.00
61287.50  0.50  1.07e-07  0.00e+00    0.00    0.00
61288.50  0.50  1.50e-07  0.00e+00    0.00    0.00
61289.50  0.50  2.55e-07  0.00e+00    0.00    0.00
61290.50  0.50  4.53e-07  0.00e+00    0.00    0.00
61291.50  0.50  3.66e-07  0.00e+00    0.00    0.00
61292.50  0.50  1.10e-07  0.00e+00    0.00    0.00
61293.50  0.50  8.56e-08  0.00e+00    0.00    0.00
61294.50  0.50  9.37e-08  0.00e+00    0.00    0.00
61295.50  0.50  1.73e-07  0.00e+00    0.00    0.00
61296.50  0.50  1.29e-07  0.00e+00    0.00    0.00
61297.50  0.50  1.10e-07  0.00e+00    0.00    0.00
61298.50  0.50  5.22e-07  0.00e+00    0.00    0.00
61299.50  0.50  6.87e-07  0.00e+00    0.00    0.00
61300.50  0.50  2.36e-07  0.00e+00    0.00    0.00
61301.50  0.50  4.74e-07  0.00e+00    0.00    0.00
