61202.50  0.50  6.91e-07  0.00e+00    0.00    0.00
61203.50  0.50  6.13e-07  0.00e+00    0.00    0.00
61204.50  0.50  2.93e-07  0.00e+00    0.00    0.00
61205.50  0.50  4.91e-07  0.00e+00    0.00    0.00
61206.50  0.50  4.12e-07  0.00e+00    0.00    0.00
61207.50  0.50  5.47e-07  0.00e+00    0.00    0.00
61208.50  0.50  2.97e-07  0.00e+00    0.00    0.00
61209.50  0.50  4.07e-07  0.00e+00    0.00    0.00
61210.50  0.50  3.40e-07  0.00e+00    0.00    0.00
61211.50  0.50  9.88e-08  0.00e+00    0.00    0.00
61212.50  0.50  2.44e-07  0.00e+00    0.00    0.00
61213.50  0.50  3.03e-07  0.00e+00    0.00    0.00
61214.50  0.50  2.23e-07  0.00e+00    0.00    0.00
61215.50  0.50  3.13e-07  0.00e+00    0.00    0.00
61216.50  0.50  5.59e-07  0.00e+00    0.00    0.00
61217.50  0.50  4.91e-07  0.00e+00    0.00    0.00
61218.50  0.50  2.77e-07  0.00e+00    0.00    0.00
61219.50  0.50  3.18e-07  0.00e+00    0.00    0.00
61220.50  0.50  2.17e-07  0.00e+00    0.00    0.00
61221.50  0.50  3.87e-07  0.00e+00    0.00    0.00
61222.50  0.50  6.09e-07  0.00e+00    0.00    0.00
61223.50  0.50  2.78e-07  0.00e+00    0.00    0.00
61224.50  0.50  2.31e-07  0.00e+00    0.00    0.00
61225.50  0.50  1.18e-07  0.00e+00    0.00    0.00
61226.50  0.50  5.55e-07  0.00e+00    0.00    0.00
61227.50  0.50  4.88e-07  0.00e+00    0.00    0.00
61228.50  0.50  6.92e-07  0.00e+00    0.00    0.00
61229.50  0.50  5.56e-07  0.00e+00    0.00    0.00
61230.50  0.50  2.78e-07  0.00e+00    0.00    0.00
61231.50  0.50  1.29e-06  1.21e-07    7.70    0.01
61232.50  0.50  9.26e-07  8.70e-08    5.52    0.01
61233.50  0.50  7.77e-07  1.97e-07    4.63    0.01
61234.50  0.50  3.51e-07  1.14e-07    2.09    0.00
61235.50  0.50  3.02e-07  3.35e-08    1.80    0.00
61236.50  0.50  3.55e-07  0.00e+00    0.00    0.00
61237.50  0.50  7.75e-07  0.00e+00    0.00    0.00
61238.50  0.50  3.18e-07  0.00e+00    0.00    0.00
61239.50  0.50  5.52e-07  0.00e+00    0.00    0.00
61240.50  0.50  3.10e-07  0.00e+00    0.00    0.00
61241.50  0.50  5.46e-07  1.28e-08    3.25    0.01
61242.50  0.50  5.77e-07  5.15e-08    3.44    0.01
61243.50  0.50  4.71e-07  0.00e+00    0.00    0.00
61244.50  0.50  8.89e-07  0.00e+00    0.00    0.00
61245.50  0.50  5.09e-07  1.64e-07    3.03    0.01
61246.50  0.50  4.74e-07  1.63e-07    2.83    0.00
61247.50  0.50  2.97e-07  1.39e-07    1.77    0.00
61248.50  0.50  3.25e-07  0.00e+00    0.00    0.00
61249.50  0.50  5.37e-07  0.00e+00    0.00    0.00
61250.50  0.50  9.02e-07  0.00e+00    0.00    0.00
61251.50  0.50  6.92e-07  0.00e+00    0.00    0.00
61252.50  0.50  1.11e-06  0.00e+00    0.00    0.00
61253.50  0.50  2.57e-07  0.00e+00    0.00    0.00
61254.50  0.50  4.95e-07  0.00e+00    0.00    0.00
61255.50  0.50  4.94e-07  0.00e+00    0.00    0.00
61256.50  0.50  8.02e-07  0.00e+00    0.00    0.00
61257.50  0.50  1.35e-06  0.00e+00    0.00    0.00
61258.50  0.50  1.26e-06  0.00e+00    0.00    0.00
61259.50  0.50  8.99e-07  0.00e+00    0.00    0.00
61260.50  0.50  9.28e-07  0.00e+00    0.00    0.00
61261.50  0.50  4.69e-07  0.00e+00    0.00    0.00
61262.50  0.50  4.89e-07  0.00e+00    0.00    0.00
61263.50  0.50  3.14e-07  0.00e+00    0.00    0.00
61264.50  0.50  5.54e-07  0.00e+00    0.00    0.00
61265.50  0.50  7.70e-07  0.00e+00    0.00    0.00
61266.50  0.50  4.52e-07  1.87e-07    2.69    0.00
61267.50  0.50  5.97e-07  0.00e+00    0.00    0.00
61268.50  0.50  3.29e-07  0.00e+00    0.00    0.00
61269.50  0.50  5.13e-07  0.00e+00    0.00    0.00
61270.50  0.50  8.73e-07  1.75e-07    5.20    0.01
61271.50  0.50  5.49e-07  7.34e-08    3.27    0.01
61272.50  0.50  5.67e-07  0.00e+00    0.00    0.00
61273.50  0.50  5.56e-07  0.00e+00    0.00    0.00
61274.50  0.50  5.13e-07  1.64e-07    3.06    0.01
61275.50  0.50  8.42e-07  2.04e-07    5.02    0.01
61276.50  0.50  8.34e-07  1.78e-07    4.96    0.01
61277.50  0.50  6.59e-07  8.93e-08    3.92    0.01
61278.50  0.50  4.63e-07  3.81e-08    2.76    0.00
61279.50  0.50  4.94e-07  1.68e-07    2.94    0.00
61280.50  0.50  3.78e-07  5.26e-08    2.25    0.00
61281.50  0.50  8.37e-07  2.14e-07    4.99    0.01
61282.50  0.50  4.06e-07  1.05e-07    2.42    0.00
61283.50  0.50  7.75e-07  0.00e+00    0.00    0.00
61284.50  0.50  1.05e-06  2.20e-07    6.26    0.01
61285.50  0.50  9.11e-07  1.03e-07    5.43    0.01
61286.50  0.50  8.33e-07  1.97e-07    4.96    0.01
61287.50  0.50  6.57e-07  6.74e-08    3.91    0.01
61288.50  0.50  9.53e-07  2.06e-07    5.68    0.01
61289.50  0.50  9.14e-07  8.80e-08    5.45    0.01
61290.50  0.50  4.76e-07  6.23e-08    2.83    0.00
61291.50  0.50  8.60e-07  6.75e-08    5.12    0.01
61292.50  0.50  5.30e-07  1.77e-07    3.15    0.01
61293.50  0.50  1.19e-06  9.21e-08    7.07    0.01
61294.50  0.50  6.43e-07  8.75e-08    3.83    0.01
61295.50  0.50  8.93e-07  0.00e+00    0.00    0.00
61296.50  0.50  8.47e-07  2.46e-07    5.05    0.01
61297.50  0.50  8.20e-07  2.26e-07    4.88    0.01
61298.50  0.50  9.80e-07  2.11e-07    5.83    0.01
61299.50  0.50  6.60e-07  4.82e-08    3.93    0.01
61300.50  0.50  7.58e-07  2.42e-07    4.51    0.01
61301.50  0.50  9.33e-07  0.00e+00    0.00    0.00
