61209.50  3.50  1.51e-07  9.22e-09    0.90    0.00
61216.50  3.50  1.90e-07  3.61e-08    1.13    0.00
61223.50  3.50  1.92e-07  0.00e+00    0.00    0.00
61230.50  3.50  6.17e-07  4.70e-08    3.67    0.01
61237.50  3.50  2.90e-07  4.55e-08    1.73    0.00
61244.50  3.50  4.38e-07  5.83e-08    2.61    0.00
61251.50  3.50  2.23e-07  6.68e-08    1.33    0.00
61258.50  3.50  3.51e-07  0.00e+00    0.00    0.00
61265.50  3.50  2.91e-07  5.45e-08    1.73    0.00
61272.50  3.50  4.89e-07  6.07e-08    2.91    0.00
61279.50  3.50  5.67e-07  6.13e-08    3.38    0.01
61286.50  3.50  8.02e-07  7.32e-08    4.77    0.01
61293.50  3.50  7.22e-07  7.72e-08    4.30    0.01
61300.50  3.50  7.19e-07  9.36e-08    4.28    0.01
