61202.50  3.50  1.56e-08  0.00e+00    0.00    0.00
61209.50  3.50  1.37e-08  0.00e+00    0.00    0.00
61216.50  3.50  1.38e-08  0.00e+00    0.00    0.00
61223.50  3.50  5.41e-09  0.00e+00    0.00    0.00
61230.50  3.50  2.57e-08  6.74e-09    4.02    0.01
61237.50  3.50  1.46e-08  2.86e-09    2.29    0.00
61244.50  3.50  2.39e-08  2.13e-09    3.74    0.01
61251.50  3.50  2.30e-08  0.00e+00    0.00    0.00
61258.50  3.50  1.53e-08  0.00e+00    0.00    0.00
61265.50  3.50  1.34e-08  3.58e-09    2.09    0.00
61272.50  3.50  1.11e-08  4.60e-09    1.73    0.00
61279.50  3.50  2.16e-08  0.00e+00    0.00    0.00
61286.50  3.50  2.31e-08  6.58e-09    3.62    0.01
61293.50  3.50  1.97e-08  2.93e-09    3.09    0.01
