61209.50  3.50  3.23e-09  0.00e+00    0.00    0.00
61216.50  3.50  1.97e-08  0.00e+00    0.00    0.00
61223.50  3.50  4.03e-09  0.00e+00    0.00    0.00
61230.50  3.50  1.12e-08  0.00e+00    0.00    0.00
61237.50  3.50  2.57e-09  0.00e+00    0.00    0.00
61244.50  3.50  5.49e-09  0.00e+00    0.00    0.00
61251.50  3.50  9.56e-09  3.39e-09    2.34    0.01
61258.50  3.50  8.96e-09  0.00e+00    0.00    0.00
61265.50  3.50  1.79e-08  0.00e+00    0.00    0.00
61272.50  3.50  2.18e-08  0.00e+00    0.00    0.00
61279.50  3.50  8.14e-09  0.00e+00    0.00    0.00
61286.50  3.50  9.61e-09  0.00e+00    0.00    0.00
61293.50  3.50  9.30e-09  1.40e-09    2.28    0.01
61300.50  3.50  4.04e-09  0.00e+00    0.00    0.00
