61202.50  0.50  2.12e-07  0.00e+00    0.00    0.00
61203.50  0.50  2.41e-07  0.00e+00    0.00    0.00
61204.50  0.50  9.19e-08  0.00e+00    0.00    0.00
61205.50  0.50  3.64e-07  0.00e+00    0.00    0.00
61206.50  0.50  4.77e-07  0.00e+00    0.00    0.00
61207.50  0.50  9.31e-08  0.00e+00    0.00    0.00
61208.50  0.50  3.89e-07  0.00e+00    0.00    0.00
61209.50  0.50  1.66e-07  0.00e+00    0.00    0.00
61210.50  0.50  2.79e-07  0.00e+00    0.00    0.00
61211.50  0.50  2.75e-07  0.00e+00    0.00    0.00
61212.50  0.50  1.25e-07  0.00e+00    0.00    0.00
61213.50  0.50  2.48e-07  0.00e+00    0.00    0.00
61214.50  0.50  1.68e-07  0.00e+00    0.00    0.00
61215.50  0.50  3.57e-07  0.00e+00    0.00    0.00
61216.50  0.50  2.62e-07  0.00e+00    0.00    0.00
61217.50  0.50  1.50e-07  0.00e+00    0.00    0.00
61218.50  0.50  5.89e-07  0.00e+00    0.00    0.00
61219.50  0.50  2.70e-07  0.00e+00    0.00    0.00
61220.50  0.50  1.30e-07  0.00e+00    0.00    0.00
61221.50  0.50  9.63e-08  0.00e+00    0.00    0.00
61222.50  0.50  1.36e-07  0.00e+00    0.00    0.00
61223.50  0.50  1.21e-07  0.00e+00    0.00    0.00
61224.50  0.50  2.00e-07  0.00e+00    0.00    0.00
61225.50  0.50  1.28e-07  0.00e+00    0.00    0.00
61226.50  0.50  1.51e-07  0.00e+00    0.00    0.00
61227.50  0.50  1.06e-07  0.00e+00    0.00    0.00
61228.50  0.50  1.74e-07  0.00e+00    0.00    0.00
61229.50  0.50  1.42e-07  0.00e+00    0.00    0.00
61230.50  0.50  2.99e-07  0.00e+00    0.00    0.00
61231.50  0.50  3.01e-07  0.00e+00    0.00    0.00
61232.50  0.50  1.30e-07  0.00e+00    0.00    0.00
61233.50  0.50  2.82e-07  0.00e+00    0.00    0.00
61234.50  0.50  2.57e-07  0.00e+00    0.00    0.00
61235.50  0.50  2.41e-07  0.00e+00    0.00    0.00
61236.50  0.50  5.94e-08  0.00e+00    0.00    0.00
61237.50  0.50  8.47e-08  0.00e+00    0.00    0.00
61238.50  0.50  6.22e-08  0.00e+00    0.00    0.00
61239.50  0.50  2.58e-07  0.00e+00    0.00    0.00
61240.50  0.50  2.62e-07  0.00e+00    0.00    0.00
61241.50  0.50  1.92e-07  0.00e+00    0.00    0.00
61242.50  0.50  7.43e-08  0.00e+00    0.00    0.00
61243.50  0.50  5.89e-08  0.00e+00    0.00    0.00
61244.50  0.50  1.05e-07  0.00e+00    0.00    0.00
61245.50  0.50  1.78e-07  0.00e+00    0.00    0.00
61246.50  0.50  8.68e-08  0.00e+00    0.00    0.00
61247.50  0.50  3.06e-07  0.00e+00    0.00    0.00
61248.50  0.50  2.64e-07  0.00e+00    0.00    0.00
61249.50  0.50  6.60e-08  0.00e+00    0.00    0.00
61250.50  0.50  5.95e-08  0.00e+00    0.00    0.00
61251.50  0.50  2.22e-07  0.00e+00    0.00    0.00
61252.50  0.50  4.67e-08  0.00e+00    0.00    0.00
61253.50  0.50  2.00e-07  0.00e+00    0.00    0.00
61254.50  0.50  1.21e-07  0.00e+00    0.00    0.00
61255.50  0.50  2.65e-07  0.00e+00    0.00    0.00
61256.50  0.50  1.75e-07  0.00e+00    0.00    0.00
61257.50  0.50  3.74e-07  0.00e+00    0.00    0.00
61258.50  0.50  2.46e-07  0.00e+00    0.00    0.00
61259.50  0.50  5.02e-08  0.00e+00    0.00    0.00
61260.50  0.50  2.60e-07  0.00e+00    0.00    0.00
61261.50  0.50  4.78e-07  0.00e+00    0.00    0.00
61262.50  0.50  3.34e-07  0.00e+00    0.00    0.00
61263.50  0.50  3.77e-07  0.00e+00    0.00    0.00
61264.50  0.50  2.29e-07  0.00e+00    0.00    0.00
61265.50  0.50  2.65e-07  0.00e+00    0.00    0.00
61266.50  0.50  5.66e-07  0.00e+00    0.00    0.00
61267.50  0.50  5.89e-07  0.00e+00    0.00    0.00
61268.50  0.50  3.55e-07  1.25e-08    4.22    0.01
61269.50  0.50  5.17e-07  0.00e+00    0.00    0.00
61270.50  0.50  4.59e-07  0.00e+00    0.00    0.00
61271.50  0.50  3.41e-07  0.00e+00    0.00    0.00
61272.50  0.50  5.91e-07  0.00e+00    0.00    0.00
61273.50  0.50  1.29e-07  0.00e+00    0.00    0.00
61274.50  0.50  2.95e-07  0.00e+00    0.00    0.00
61275.50  0.50  2.04e-07  0.00e+00    0.00    0.00
61276.50  0.50  3.79e-07  0.00e+00    0.00    0.00
61277.50  0.50  3.83e-07  0.00e+00    0.00    0.00
61278.50  0.50  6.48e-07  0.00e+00    0.00    0.00
61279.50  0.50  2.34e-07  0.00e+00    0.00    0.00
61280.50  0.50  2.33e-07  0.00e+00    0.00    0.00
61281.50  0.50  4.19e-07  0.00e+00    0.00    0.00
61282.50  0.50  1.98e-07  0.00e+00    0.00    0.00
61283.50  0.50  8.23e-08  0.00e+00    0.00    0.00
61284.50  0.50  2.94e-07  0.00e+00    0.00    0.00
61285.50  0.50  5.31e-07  0.00e+00    0.00    0.00
61286.50  0.50  5.25e-07  0.00e+00    0.00    0.00
61287.50  0.50  2.57e-07  0.00e+00    0.00    0.00
61288.50  0.50  2.93e-07  0.00e+00    0.00    0.00
61289.50  0.50  8.65e-08  0.00e+00    0.00    0.00
61290.50  0.50  1.29e-07  0.00e+00    0.00    0.00
61291.50  0.50  8.92e-08  0.00e+00    0.00    0.00
61292.50  0.50  3.09e-07  0.00e+00    0.00    0.00
61293.50  0.50  1.26e-07  5.52e-09    1.50    0.00
61294.50  0.50  1.92e-07  0.00e+00    0.00    0.00
61295.50  0.50  3.14e-07  0.00e+00    0.00    0.00
61296.50  0.50  1.89e-07  0.00e+00    0.00    0.00
61297.50  0.50  1.85e-07  0.00e+00    0.00    0.00
61298.50  0.50  1.17e-07  0.00e+00    0.00    0.00
61299.50  0.50  5.23e-07  0.00e+00    0.00    0.00
61300.50  0.50  3.09e-07  0.00e+00    0.00    0.00
61301.50  0.50  1.64e-07  0.00e+00    0.00    0.00
