61209.50  3.50  4.46e-08  0.00e+00    0.00    0.00
61216.50  3.50  9.92e-08  0.00e+00    0.00    0.00
61223.50  3.50  2.46e-08  0.00e+00    0.00    0.00
61230.50  3.50  6.46e-08  0.00e+00    0.00    0.00
61237.50  3.50  1.11e-07  0.00e+00    0.00    0.00
61244.50  3.50  4.33e-08  0.00e+00    0.00    0.00
61251.50  3.50  3.03e-08  1.05e-09    0.36    0.00
61258.50  3.50  1.27e-07  0.00e+00    0.00    0.00
61265.50  3.50  1.80e-07  4.06e-08    2.14    0.01
61272.50  3.50  1.19e-07  3.76e-08    1.41    0.00
61279.50  3.50  1.88e-07  0.00e+00    0.00    0.00
61286.50  3.50  1.55e-07  0.00e+00    0.00    0.00
61293.50  3.50  7.52e-08  7.48e-09    0.89    0.00
61300.50  3.50  1.71e-07  0.00e+00    0.00    0.00
