61196.50  0.50  6.55e-08  0.00e+00    0.00    0.00
61197.50  0.50  9.32e-08  0.00e+00    0.00    0.00
61198.50  0.50  9.51e-08  0.00e+00    0.00    0.00
61199.50  0.50  3.10e-07  0.00e+00    0.00    0.00
61200.50  0.50  5.17e-08  0.00e+00    0.00    0.00
61201.50  0.50  1.12e-07  0.00e+00    0.00    0.00
61210.50  0.50  5.85e-04  0.00e+00    0.00    0.00
61211.50  0.50  1.09e-06  0.00e+00    0.00    0.00
61212.50  0.50  2.91e-07  0.00e+00    0.00    0.00
61213.50  0.50  3.02e-07  0.00e+00    0.00    0.00
61214.50  0.50  9.19e-07  0.00e+00    0.00    0.00
61215.50  0.50  7.81e-06  0.00e+00    0.00    0.00
61216.50  0.50  1.96e-05  0.00e+00    0.00    0.00
61217.50  0.50  1.60e-06  0.00e+00    0.00    0.00
61218.50  0.50  6.44e-07  0.00e+00    0.00    0.00
61219.50  0.50  1.50e-06  0.00e+00    0.00    0.00
61220.50  0.50  1.41e-06  0.00e+00    0.00    0.00
61221.50  0.50  9.57e-07  0.00e+00    0.00    0.00
61222.50  0.50  1.34e-07  0.00e+00    0.00    0.00
61223.50  0.50  2.61e-07  0.00e+00    0.00    0.00
61224.50  0.50  6.53e-08  0.00e+00    0.00    0.00
61225.50  0.50  8.13e-08  0.00e+00    0.00    0.00
61226.50  0.50  3.26e-07  0.00e+00    0.00    0.00
61227.50  0.50  2.93e-07  0.00e+00    0.00    0.00
61228.50  0.50  1.66e-07  0.00e+00    0.00    0.00
61229.50  0.50  1.73e-07  0.00e+00    0.00    0.00
61230.50  0.50  1.81e-07  0.00e+00    0.00    0.00
61231.50  0.50  1.28e-07  0.00e+00    0.00    0.00
61232.50  0.50  6.73e-08  0.00e+00    0.00    0.00
61233.50  0.50  1.18e-07  0.00e+00    0.00    0.00
61234.50  0.50  9.85e-08  0.00e+00    0.00    0.00
61235.50  0.50  1.86e-07  0.00e+00    0.00    0.00
61236.50  0.50  6.43e-08  0.00e+00    0.00    0.00
61237.50  0.50  4.37e-07  0.00e+00    0.00    0.00
61238.50  0.50  1.19e-07  0.00e+00    0.00    0.00
61239.50  0.50  1.51e-07  0.00e+00    0.00    0.00
61240.50  0.50  8.75e-08  0.00e+00    0.00    0.00
61241.50  0.50  2.33e-07  0.00e+00    0.00    0.00
61242.50  0.50  1.33e-07  0.00e+00    0.00    0.00
61243.50  0.50  3.16e-07  0.00e+00    0.00    0.00
61244.50  0.50  8.69e-08  0.00e+00    0.00    0.00
61245.50  0.50  3.87e-07  0.00e+00    0.00    0.00
61246.50  0.50  8.41e-08  0.00e+00    0.00    0.00
61247.50  0.50  3.06e-07  0.00e+00    0.00    0.00
61248.50  0.50  1.48e-07  0.00e+00    0.00    0.00
61249.50  0.50  8.59e-08  0.00e+00    0.00    0.00
61250.50  0.50  6.41e-07  0.00e+00    0.00    0.00
61251.50  0.50  5.25e-07  0.00e+00    0.00    0.00
61252.50  0.50  3.14e-07  0.00e+00    0.00    0.00
61253.50  0.50  1.69e-07  0.00e+00    0.00    0.00
61254.50  0.50  1.43e-07  0.00e+00    0.00    0.00
61255.50  0.50  1.41e-07  0.00e+00    0.00    0.00
61256.50  0.50  5.13e-07  0.00e+00    0.00    0.00
61257.50  0.50  1.24e-06  0.00e+00    0.00    0.00
61258.50  0.50  2.60e-07  0.00e+00    0.00    0.00
61259.50  0.50  7.39e-06  0.00e+00    0.00    0.00
61265.50  0.50  4.37e-07  0.00e+00    0.00    0.00
61266.50  0.50  2.60e-07  0.00e+00    0.00    0.00
61267.50  0.50  1.72e-07  0.00e+00    0.00    0.00
61268.50  0.50  5.82e-08  0.00e+00    0.00    0.00
61269.50  0.50  9.82e-08  0.00e+00    0.00    0.00
61270.50  0.50  2.03e-07  0.00e+00    0.00    0.00
61271.50  0.50  2.16e-07  0.00e+00    0.00    0.00
61272.50  0.50  8.38e-08  0.00e+00    0.00    0.00
61273.50  0.50  1.34e-07  0.00e+00    0.00    0.00
61274.50  0.50  1.32e-07  0.00e+00    0.00    0.00
61275.50  0.50  1.28e-07  0.00e+00    0.00    0.00
61276.50  0.50  7.03e-08  0.00e+00    0.00    0.00
61277.50  0.50  4.51e-07  0.00e+00    0.00    0.00
61278.50  0.50  8.15e-08  0.00e+00    0.00    0.00
61279.50  0.50  1.49e-07  0.00e+00    0.00    0.00
61280.50  0.50  5.37e-08  0.00e+00    0.00    0.00
61281.50  0.50  8.33e-08  0.00e+00    0.00    0.00
61282.50  0.50  1.29e-07  0.00e+00    0.00    0.00
61283.50  0.50  6.69e-08  0.00e+00    0.00    0.00
61284.50  0.50  2.30e-07  0.00e+00    0.00    0.00
61285.50  0.50  2.96e-07  0.00e+00    0.00    0.00
61286.50  0.50  9.59e-08  0.00e+00    0.00    0.00
61287.50  0.50  2.60e-07  0.00e+00    0.00    0.00
61288.50  0.50  4.65e-07  0.00e+00    0.00    0.00
61289.50  0.50  3.35e-07  0.00e+00    0.00    0.00
61290.50  0.50  1.25e-07  0.00e+00    0.00    0.00
61291.50  0.50  1.55e-07  0.00e+00    0.00    0.00
61292.50  0.50  2.18e-07  0.00e+00    0.00    0.00
61293.50  0.50  1.72e-07  0.00e+00    0.00    0.00
61294.50  0.50  1.24e-07  0.00e+00    0.00    0.00
61295.50  0.50  5.29e-08  0.00e+00    0.00    0.00
61296.50  0.50  3.40e-07  0.00e+00    0.00    0.00
61297.50  0.50  1.34e-07  0.00e+00    0.00    0.00
61298.50  0.50  4.18e-08  0.00e+00    0.00    0.00
61299.50  0.50  3.92e-07  0.00e+00    0.00    0.00
61300.50  0.50  2.62e-07  0.00e+00    0.00    0.00
61301.50  0.50  9.30e-08  0.00e+00    0.00    0.00
61302.50  0.50  5.03e-08  0.00e+00    0.00    0.00
61303.50  0.50  1.85e-07  0.00e+00    0.00    0.00
61304.50  0.50  1.01e-07  0.00e+00    0.00    0.00
61305.50  0.50  9.47e-08  0.00e+00    0.00    0.00
61306.50  0.50  1.99e-07  0.00e+00    0.00    0.00
61307.50  0.50  1.80e-07  0.00e+00    0.00    0.00
61308.50  0.50  2.85e-07  0.00e+00    0.00    0.00
