61196.50  0.50  2.25e-08  0.00e+00    0.00    0.00
61197.50  0.50  1.50e-08  0.00e+00    0.00    0.00
61198.50  0.50  1.65e-08  0.00e+00    0.00    0.00
61199.50  0.50  1.42e-08  0.00e+00    0.00    0.00
61200.50  0.50  1.87e-08  0.00e+00    0.00    0.00
61201.50  0.50  2.36e-08  0.00e+00    0.00    0.00
61210.50  0.50  1.89e-04  0.00e+00    0.00    0.00
61211.50  0.50  2.30e-07  0.00e+00    0.00    0.00
61212.50  0.50  8.03e-08  0.00e+00    0.00    0.00
61213.50  0.50  1.10e-07  0.00e+00    0.00    0.00
61214.50  0.50  5.73e-08  0.00e+00    0.00    0.00
61215.50  0.50  1.86e-06  0.00e+00    0.00    0.00
61216.50  0.50  4.45e-06  0.00e+00    0.00    0.00
61217.50  0.50  1.13e-07  0.00e+00    0.00    0.00
61218.50  0.50  7.66e-08  0.00e+00    0.00    0.00
61219.50  0.50  7.66e-08  0.00e+00    0.00    0.00
61220.50  0.50  8.89e-08  0.00e+00    0.00    0.00
61221.50  0.50  1.54e-07  0.00e+00    0.00    0.00
61222.50  0.50  3.23e-08  0.00e+00    0.00    0.00
61223.50  0.50  2.44e-08  0.00e+00    0.00    0.00
61224.50  0.50  1.93e-08  0.00e+00    0.00    0.00
61225.50  0.50  1.61e-08  0.00e+00    0.00    0.00
61226.50  0.50  1.74e-08  0.00e+00    0.00    0.00
61227.50  0.50  1.59e-08  0.00e+00    0.00    0.00
61228.50  0.50  1.42e-08  0.00e+00    0.00    0.00
61229.50  0.50  1.53e-08  0.00e+00    0.00    0.00
61230.50  0.50  2.47e-08  0.00e+00    0.00    0.00
61231.50  0.50  1.53e-08  0.00e+00    0.00    0.00
61232.50  0.50  3.45e-08  0.00e+00    0.00    0.00
61233.50  0.50  3.76e-08  0.00e+00    0.00    0.00
61234.50  0.50  4.52e-08  0.00e+00    0.00    0.00
61235.50  0.50  1.75e-08  0.00e+00    0.00    0.00
61236.50  0.50  1.49e-08  0.00e+00    0.00    0.00
61237.50  0.50  2.53e-08  0.00e+00    0.00    0.00
61238.50  0.50  2.73e-08  0.00e+00    0.00    0.00
61239.50  0.50  1.37e-08  0.00e+00    0.00    0.00
61240.50  0.50  1.55e-08  0.00e+00    0.00    0.00
61241.50  0.50  2.26e-08  0.00e+00    0.00    0.00
61242.50  0.50  2.38e-08  0.00e+00    0.00    0.00
61243.50  0.50  1.82e-08  0.00e+00    0.00    0.00
61244.50  0.50  1.70e-08  0.00e+00    0.00    0.00
61245.50  0.50  1.48e-08  0.00e+00    0.00    0.00
61246.50  0.50  2.34e-08  0.00e+00    0.00    0.00
61247.50  0.50  4.96e-08  0.00e+00    0.00    0.00
61248.50  0.50  2.15e-08  0.00e+00    0.00    0.00
61249.50  0.50  2.20e-08  0.00e+00    0.00    0.00
61250.50  0.50  4.36e-08  0.00e+00    0.00    0.00
61251.50  0.50  4.40e-08  0.00e+00    0.00    0.00
61252.50  0.50  5.65e-08  0.00e+00    0.00    0.00
61253.50  0.50  8.30e-08  0.00e+00    0.00    0.00
61254.50  0.50  3.66e-08  0.00e+00    0.00    0.00
61255.50  0.50  6.02e-08  0.00e+00    0.00    0.00
61256.50  0.50  9.24e-08  0.00e+00    0.00    0.00
61257.50  0.50  7.34e-08  0.00e+00    0.00    0.00
61258.50  0.50  1.28e-07  0.00e+00    0.00    0.00
61259.50  0.50  1.56e-06  0.00e+00    0.00    0.00
61265.50  0.50  3.42e-08  0.00e+00    0.00    0.00
61266.50  0.50  2.53e-08  0.00e+00    0.00    0.00
61267.50  0.50  5.70e-08  0.00e+00    0.00    0.00
61268.50  0.50  1.57e-08  0.00e+00    0.00    0.00
61269.50  0.50  1.68e-08  0.00e+00    0.00    0.00
61270.50  0.50  3.79e-08  0.00e+00    0.00    0.00
61271.50  0.50  1.64e-08  0.00e+00    0.00    0.00
61272.50  0.50  1.66e-08  0.00e+00    0.00    0.00
61273.50  0.50  1.56e-08  0.00e+00    0.00    0.00
61274.50  0.50  3.73e-08  0.00e+00    0.00    0.00
61275.50  0.50  1.85e-08  0.00e+00    0.00    0.00
61276.50  0.50  1.52e-08  0.00e+00    0.00    0.00
61277.50  0.50  1.88e-08  0.00e+00    0.00    0.00
61278.50  0.50  4.00e-08  0.00e+00    0.00    0.00
61279.50  0.50  2.11e-08  0.00e+00    0.00    0.00
61280.50  0.50  1.69e-08  0.00e+00    0.00    0.00
61281.50  0.50  1.63e-08  0.00e+00    0.00    0.00
61282.50  0.50  1.62e-08  0.00e+00    0.00    0.00
61283.50  0.50  2.41e-08  0.00e+00    0.00    0.00
61284.50  0.50  1.55e-08  0.00e+00    0.00    0.00
61285.50  0.50  1.49e-08  0.00e+00    0.00    0.00
61286.50  0.50  1.21e-08  0.00e+00    0.00    0.00
61287.50  0.50  1.68e-08  0.00e+00    0.00    0.00
61288.50  0.50  2.86e-08  0.00e+00    0.00    0.00
61289.50  0.50  1.23e-08  0.00e+00    0.00    0.00
61290.50  0.50  4.08e-08  0.00e+00    0.00    0.00
61291.50  0.50  1.63e-08  0.00e+00    0.00    0.00
61292.50  0.50  1.33e-08  0.00e+00    0.00    0.00
61293.50  0.50  2.17e-08  0.00e+00    0.00    0.00
61294.50  0.50  1.47e-08  0.00e+00    0.00    0.00
61295.50  0.50  1.63e-08  0.00e+00    0.00    0.00
61296.50  0.50  1.74e-08  0.00e+00    0.00    0.00
61297.50  0.50  3.96e-08  0.00e+00    0.00    0.00
61298.50  0.50  1.36e-08  0.00e+00    0.00    0.00
61299.50  0.50  1.12e-08  0.00e+00    0.00    0.00
61300.50  0.50  1.21e-08  0.00e+00    0.00    0.00
61301.50  0.50  1.25e-08  0.00e+00    0.00    0.00
61302.50  0.50  2.54e-08  0.00e+00    0.00    0.00
61303.50  0.50  9.96e-09  0.00e+00    0.00    0.00
61304.50  0.50  1.30e-08  0.00e+00    0.00    0.00
61305.50  0.50  1.50e-08  0.00e+00    0.00    0.00
61306.50  0.50  1.96e-08  0.00e+00    0.00    0.00
61307.50  0.50  4.84e-08  0.00e+00    0.00    0.00
61308.50  0.50  4.53e-08  0.00e+00    0.00    0.00
