61188.50  3.50  2.28e-09  0.00e+00    0.00    0.00
61216.50  3.50  1.18e-08  0.00e+00    0.00    0.00
61223.50  3.50  3.74e-09  0.00e+00    0.00    0.00
61237.50  3.50  4.67e-09  0.00e+00    0.00    0.00
61244.50  3.50  5.37e-09  0.00e+00    0.00    0.00
61251.50  3.50  9.93e-09  0.00e+00    0.00    0.00
61258.50  3.50  2.09e-08  0.00e+00    0.00    0.00
61265.50  3.50  4.48e-09  0.00e+00    0.00    0.00
61272.50  3.50  7.03e-09  0.00e+00    0.00    0.00
61279.50  3.50  5.31e-09  0.00e+00    0.00    0.00
61286.50  3.50  2.96e-09  0.00e+00    0.00    0.00
61300.50  3.50  6.33e-09  0.00e+00    0.00    0.00
61307.50  3.50  4.08e-09  0.00e+00    0.00    0.00
61314.50  3.50  5.80e-09  0.00e+00    0.00    0.00
