61167.50  3.50  3.41e-08  0.00e+00    0.00    0.00
61174.50  3.50  9.42e-08  0.00e+00    0.00    0.00
61181.50  3.50  3.37e-08  0.00e+00    0.00    0.00
61188.50  3.50  4.65e-08  0.00e+00    0.00    0.00
61216.50  3.50  4.00e-07  0.00e+00    0.00    0.00
61223.50  3.50  4.48e-08  0.00e+00    0.00    0.00
61237.50  3.50  2.97e-08  0.00e+00    0.00    0.00
61244.50  3.50  9.68e-08  0.00e+00    0.00    0.00
61251.50  3.50  3.81e-08  0.00e+00    0.00    0.00
61258.50  3.50  2.62e-07  0.00e+00    0.00    0.00
61265.50  3.50  1.55e-07  0.00e+00    0.00    0.00
61272.50  3.50  5.59e-08  0.00e+00    0.00    0.00
61279.50  3.50  2.02e-08  0.00e+00    0.00    0.00
61286.50  3.50  1.60e-07  0.00e+00    0.00    0.00
