61209.50  3.50  5.62e-09  0.00e+00    0.00    0.00
61216.50  3.50  2.07e-09  0.00e+00    0.00    0.00
61223.50  3.50  2.38e-09  0.00e+00    0.00    0.00
61230.50  3.50  2.93e-09  0.00e+00    0.00    0.00
61237.50  3.50  4.52e-09  0.00e+00    0.00    0.00
61244.50  3.50  5.94e-09  0.00e+00    0.00    0.00
61251.50  3.50  2.27e-08  0.00e+00    0.00    0.00
61258.50  3.50  6.24e-09  0.00e+00    0.00    0.00
61265.50  3.50  1.57e-08  0.00e+00    0.00    0.00
61272.50  3.50  3.18e-09  0.00e+00    0.00    0.00
61279.50  3.50  2.79e-09  0.00e+00    0.00    0.00
61286.50  3.50  1.02e-08  0.00e+00    0.00    0.00
61293.50  3.50  8.11e-09  0.00e+00    0.00    0.00
61300.50  3.50  2.39e-09  0.00e+00    0.00    0.00
