61209.50  3.50  1.52e-08  0.00e+00    0.00    0.00
61216.50  3.50  7.61e-09  0.00e+00    0.00    0.00
61223.50  3.50  1.70e-08  0.00e+00    0.00    0.00
61230.50  3.50  1.20e-07  0.00e+00    0.00    0.00
61237.50  3.50  1.37e-07  0.00e+00    0.00    0.00
61244.50  3.50  5.32e-08  0.00e+00    0.00    0.00
61251.50  3.50  7.28e-08  0.00e+00    0.00    0.00
61258.50  3.50  2.07e-07  0.00e+00    0.00    0.00
61265.50  3.50  1.27e-07  0.00e+00    0.00    0.00
61272.50  3.50  2.20e-08  0.00e+00    0.00    0.00
61279.50  3.50  1.86e-08  0.00e+00    0.00    0.00
61286.50  3.50  4.73e-08  0.00e+00    0.00    0.00
61293.50  3.50  2.23e-08  0.00e+00    0.00    0.00
61300.50  3.50  1.19e-08  0.00e+00    0.00    0.00
