61202.50  3.50  5.47e-08  7.45e-09    0.68    0.01
61209.50  3.50  4.05e-08  0.00e+00    0.00    0.00
61216.50  3.50  6.79e-08  0.00e+00    0.00    0.00
61223.50  3.50  4.49e-08  0.00e+00    0.00    0.00
61230.50  3.50  1.11e-07  0.00e+00    0.00    0.00
61237.50  3.50  3.51e-08  0.00e+00    0.00    0.00
61244.50  3.50  1.40e-08  0.00e+00    0.00    0.00
61251.50  3.50  2.19e-08  0.00e+00    0.00    0.00
61258.50  3.50  3.14e-08  0.00e+00    0.00    0.00
61265.50  3.50  6.93e-08  0.00e+00    0.00    0.00
61272.50  3.50  1.01e-07  0.00e+00    0.00    0.00
61279.50  3.50  3.00e-08  0.00e+00    0.00    0.00
61286.50  3.50  1.30e-07  0.00e+00    0.00    0.00
61293.50  3.50  7.04e-08  0.00e+00    0.00    0.00
