61202.50  3.50  9.83e-09  0.00e+00    0.00    0.00
61209.50  3.50  6.10e-09  0.00e+00    0.00    0.00
61216.50  3.50  2.49e-09  0.00e+00    0.00    0.00
61223.50  3.50  8.64e-09  0.00e+00    0.00    0.00
61230.50  3.50  2.33e-09  0.00e+00    0.00    0.00
61237.50  3.50  5.82e-09  0.00e+00    0.00    0.00
61244.50  3.50  4.69e-09  0.00e+00    0.00    0.00
61251.50  3.50  3.66e-09  0.00e+00    0.00    0.00
61258.50  3.50  2.79e-09  0.00e+00    0.00    0.00
61265.50  3.50  4.18e-09  0.00e+00    0.00    0.00
61272.50  3.50  3.09e-09  0.00e+00    0.00    0.00
61279.50  3.50  4.74e-09  0.00e+00    0.00    0.00
61286.50  3.50  1.36e-08  0.00e+00    0.00    0.00
61293.50  3.50  4.43e-09  0.00e+00    0.00    0.00
