61202.50  3.50  1.35e-08  3.58e-09    19.98    0.04
61209.50  3.50  3.72e-08  0.00e+00    0.00    0.00
61216.50  3.50  2.69e-08  0.00e+00    0.00    0.00
61223.50  3.50  2.38e-08  0.00e+00    0.00    0.00
61230.50  3.50  1.30e-08  5.40e-09    19.27    0.04
61237.50  3.50  1.23e-08  5.12e-09    18.11    0.03
61244.50  3.50  3.33e-08  5.18e-09    49.14    0.09
61251.50  3.50  2.18e-08  5.20e-09    32.22    0.06
61258.50  3.50  2.47e-08  0.00e+00    0.00    0.00
61265.50  3.50  2.32e-08  0.00e+00    0.00    0.00
61272.50  3.50  1.63e-08  5.76e-09    24.02    0.05
61279.50  3.50  1.10e-08  0.00e+00    0.00    0.00
61286.50  3.50  1.32e-08  0.00e+00    0.00    0.00
61293.50  3.50  1.09e-08  4.83e-09    16.08    0.03
