61198.50  0.50  5.24e-07  0.00e+00    0.00    0.00
61199.50  0.50  6.02e-07  0.00e+00    0.00    0.00
61200.50  0.50  6.34e-07  0.00e+00    0.00    0.00
61201.50  0.50  4.98e-07  4.47e-08    73.32    0.14
61202.50  0.50  5.41e-07  0.00e+00    0.00    0.00
61203.50  0.50  3.28e-07  0.00e+00    0.00    0.00
61204.50  0.50  5.71e-07  1.90e-07    84.02    0.16
61205.50  0.50  1.49e-07  0.00e+00    0.00    0.00
61206.50  0.50  4.25e-07  0.00e+00    0.00    0.00
61207.50  0.50  1.02e-06  0.00e+00    0.00    0.00
61208.50  0.50  2.39e-07  0.00e+00    0.00    0.00
61209.50  0.50  1.76e-06  0.00e+00    0.00    0.00
61210.50  0.50  8.45e-07  0.00e+00    0.00    0.00
61211.50  0.50  6.24e-07  0.00e+00    0.00    0.00
61212.50  0.50  6.10e-07  0.00e+00    0.00    0.00
61213.50  0.50  8.92e-07  0.00e+00    0.00    0.00
61214.50  0.50  1.46e-06  0.00e+00    0.00    0.00
61215.50  0.50  2.48e-07  0.00e+00    0.00    0.00
61216.50  0.50  5.81e-07  0.00e+00    0.00    0.00
61217.50  0.50  4.04e-07  0.00e+00    0.00    0.00
61218.50  0.50  8.36e-07  0.00e+00    0.00    0.00
61219.50  0.50  7.71e-07  0.00e+00    0.00    0.00
61220.50  0.50  6.14e-07  0.00e+00    0.00    0.00
61221.50  0.50  3.56e-07  0.00e+00    0.00    0.00
61222.50  0.50  2.69e-07  0.00e+00    0.00    0.00
61223.50  0.50  6.96e-07  0.00e+00    0.00    0.00
61224.50  0.50  6.20e-07  0.00e+00    0.00    0.00
61225.50  0.50  3.41e-07  0.00e+00    0.00    0.00
61226.50  0.50  5.60e-07  0.00e+00    0.00    0.00
61227.50  0.50  3.58e-07  0.00e+00    0.00    0.00
61228.50  0.50  2.26e-07  0.00e+00    0.00    0.00
61229.50  0.50  2.51e-07  0.00e+00    0.00    0.00
61230.50  0.50  5.43e-07  0.00e+00    0.00    0.00
61231.50  0.50  4.38e-07  0.00e+00    0.00    0.00
61232.50  0.50  1.77e-07  0.00e+00    0.00    0.00
61233.50  0.50  4.43e-07  0.00e+00    0.00    0.00
61234.50  0.50  5.58e-07  0.00e+00    0.00    0.00
61235.50  0.50  4.72e-07  0.00e+00    0.00    0.00
61236.50  0.50  2.89e-07  0.00e+00    0.00    0.00
61237.50  0.50  7.44e-07  0.00e+00    0.00    0.00
61238.50  0.50  1.47e-07  0.00e+00    0.00    0.00
61239.50  0.50  4.46e-07  1.57e-07    65.67    0.13
61240.50  0.50  2.99e-07  0.00e+00    0.00    0.00
61241.50  0.50  6.47e-07  0.00e+00    0.00    0.00
61242.50  0.50  7.34e-07  1.83e-07    108.16    0.21
61243.50  0.50  7.83e-07  4.44e-08    115.36    0.22
61244.50  0.50  2.48e-07  1.04e-07    36.45    0.07
61245.50  0.50  5.57e-07  0.00e+00    0.00    0.00
61246.50  0.50  5.36e-07  1.82e-07    78.98    0.15
61247.50  0.50  1.61e-07  0.00e+00    0.00    0.00
61248.50  0.50  4.04e-07  1.22e-07    59.53    0.11
61249.50  0.50  4.03e-07  8.96e-09    59.38    0.11
61250.50  0.50  5.42e-07  0.00e+00    0.00    0.00
61251.50  0.50  3.03e-07  0.00e+00    0.00    0.00
61252.50  0.50  4.43e-07  4.70e-08    65.30    0.13
61253.50  0.50  8.33e-07  0.00e+00    0.00    0.00
61254.50  0.50  3.07e-07  2.25e-08    45.21    0.09
61255.50  0.50  6.20e-07  0.00e+00    0.00    0.00
61256.50  0.50  4.93e-07  0.00e+00    0.00    0.00
61257.50  0.50  3.78e-07  0.00e+00    0.00    0.00
61258.50  0.50  3.68e-07  0.00e+00    0.00    0.00
61259.50  0.50  1.54e-07  0.00e+00    0.00    0.00
61260.50  0.50  3.60e-07  4.96e-08    53.03    0.10
61261.50  0.50  4.99e-07  0.00e+00    0.00    0.00
61262.50  0.50  3.21e-07  0.00e+00    0.00    0.00
61263.50  0.50  1.00e-07  0.00e+00    0.00    0.00
61264.50  0.50  5.34e-07  0.00e+00    0.00    0.00
61265.50  0.50  1.37e-07  0.00e+00    0.00    0.00
61266.50  0.50  9.13e-07  0.00e+00    0.00    0.00
61267.50  0.50  6.11e-07  0.00e+00    0.00    0.00
61268.50  0.50  3.13e-07  0.00e+00    0.00    0.00
61269.50  0.50  5.39e-07  0.00e+00    0.00    0.00
61270.50  0.50  5.19e-07  0.00e+00    0.00    0.00
61271.50  0.50  2.01e-07  1.03e-07    29.54    0.06
61272.50  0.50  2.64e-07  0.00e+00    0.00    0.00
61273.50  0.50  4.41e-07  0.00e+00    0.00    0.00
61274.50  0.50  2.80e-07  0.00e+00    0.00    0.00
61275.50  0.50  3.72e-07  0.00e+00    0.00    0.00
61276.50  0.50  2.10e-07  0.00e+00    0.00    0.00
61277.50  0.50  3.08e-07  0.00e+00    0.00    0.00
61278.50  0.50  1.89e-07  0.00e+00    0.00    0.00
61279.50  0.50  1.08e-06  0.00e+00    0.00    0.00
61280.50  0.50  1.39e-07  0.00e+00    0.00    0.00
61281.50  0.50  7.96e-07  0.00e+00    0.00    0.00
61282.50  0.50  3.06e-07  0.00e+00    0.00    0.00
61283.50  0.50  2.68e-07  0.00e+00    0.00    0.00
61284.50  0.50  1.92e-07  0.00e+00    0.00    0.00
61285.50  0.50  3.34e-07  0.00e+00    0.00    0.00
61286.50  0.50  5.37e-07  0.00e+00    0.00    0.00
61287.50  0.50  5.73e-07  0.00e+00    0.00    0.00
61288.50  0.50  4.70e-07  0.00e+00    0.00    0.00
61289.50  0.50  3.35e-07  0.00e+00    0.00    0.00
61290.50  0.50  5.14e-07  0.00e+00    0.00    0.00
61291.50  0.50  4.13e-07  0.00e+00    0.00    0.00
61292.50  0.50  5.80e-07  0.00e+00    0.00    0.00
61293.50  0.50  6.80e-07  0.00e+00    0.00    0.00
61294.50  0.50  4.33e-07  0.00e+00    0.00    0.00
61295.50  0.50  1.39e-07  0.00e+00    0.00    0.00
61296.50  0.50  2.10e-07  0.00e+00    0.00    0.00
61297.50  0.50  2.99e-07  0.00e+00    0.00    0.00
