61209.50  3.50  2.58e-07  9.86e-08    38.06    0.07
61216.50  3.50  3.60e-07  0.00e+00    0.00    0.00
61223.50  3.50  1.95e-07  1.87e-08    28.67    0.06
61230.50  3.50  1.07e-07  4.35e-08    15.78    0.03
61237.50  3.50  2.66e-07  5.29e-08    39.19    0.08
61244.50  3.50  5.38e-07  6.58e-08    79.28    0.15
61251.50  3.50  3.49e-07  5.08e-08    51.34    0.10
61258.50  3.50  2.04e-07  4.90e-08    30.09    0.06
61265.50  3.50  1.45e-07  1.28e-08    21.40    0.04
61272.50  3.50  8.84e-08  1.85e-08    13.02    0.03
61279.50  3.50  2.32e-07  0.00e+00    0.00    0.00
61286.50  3.50  1.51e-07  4.90e-08    22.19    0.04
61293.50  3.50  1.73e-07  5.53e-09    25.49    0.05
61300.50  3.50  1.42e-07  4.59e-08    20.92    0.04
