61209.50  0.50  9.56e-08  0.00e+00    0.00    0.00
61210.50  0.50  1.20e-07  0.00e+00    0.00    0.00
61211.50  0.50  9.37e-08  0.00e+00    0.00    0.00
61212.50  0.50  1.54e-07  0.00e+00    0.00    0.00
61213.50  0.50  1.28e-07  0.00e+00    0.00    0.00
61214.50  0.50  7.91e-08  0.00e+00    0.00    0.00
61215.50  0.50  3.51e-08  0.00e+00    0.00    0.00
61216.50  0.50  6.19e-08  0.00e+00    0.00    0.00
61217.50  0.50  8.85e-08  0.00e+00    0.00    0.00
61218.50  0.50  2.24e-08  0.00e+00    0.00    0.00
61219.50  0.50  5.33e-08  0.00e+00    0.00    0.00
61220.50  0.50  3.52e-08  0.00e+00    0.00    0.00
61221.50  0.50  4.14e-08  0.00e+00    0.00    0.00
61222.50  0.50  2.89e-08  0.00e+00    0.00    0.00
61223.50  0.50  2.07e-08  0.00e+00    0.00    0.00
61224.50  0.50  4.45e-08  0.00e+00    0.00    0.00
61225.50  0.50  4.42e-08  0.00e+00    0.00    0.00
61226.50  0.50  7.81e-08  3.37e-08    115.31    0.22
61227.50  0.50  4.64e-08  0.00e+00    0.00    0.00
61228.50  0.50  4.55e-08  0.00e+00    0.00    0.00
61229.50  0.50  2.00e-08  0.00e+00    0.00    0.00
61230.50  0.50  4.95e-08  0.00e+00    0.00    0.00
61231.50  0.50  5.24e-08  0.00e+00    0.00    0.00
61232.50  0.50  6.22e-08  0.00e+00    0.00    0.00
61233.50  0.50  8.79e-08  0.00e+00    0.00    0.00
61234.50  0.50  7.05e-08  0.00e+00    0.00    0.00
61235.50  0.50  2.38e-08  0.00e+00    0.00    0.00
61236.50  0.50  5.96e-08  0.00e+00    0.00    0.00
61237.50  0.50  4.81e-08  0.00e+00    0.00    0.00
61238.50  0.50  1.98e-08  0.00e+00    0.00    0.00
61239.50  0.50  8.96e-08  0.00e+00    0.00    0.00
61240.50  0.50  4.80e-08  0.00e+00    0.00    0.00
61241.50  0.50  5.61e-08  0.00e+00    0.00    0.00
61242.50  0.50  7.32e-08  3.12e-08    108.06    0.21
61243.50  0.50  6.67e-08  0.00e+00    0.00    0.00
61244.50  0.50  6.45e-08  1.00e-08    95.21    0.18
61245.50  0.50  2.52e-08  0.00e+00    0.00    0.00
61246.50  0.50  1.02e-07  0.00e+00    0.00    0.00
61247.50  0.50  5.90e-08  0.00e+00    0.00    0.00
61248.50  0.50  7.11e-08  0.00e+00    0.00    0.00
61249.50  0.50  4.02e-08  0.00e+00    0.00    0.00
61250.50  0.50  1.51e-08  0.00e+00    0.00    0.00
61251.50  0.50  5.53e-08  0.00e+00    0.00    0.00
61252.50  0.50  5.98e-08  0.00e+00    0.00    0.00
61253.50  0.50  2.93e-08  0.00e+00    0.00    0.00
61254.50  0.50  5.39e-08  2.19e-08    79.67    0.15
61255.50  0.50  5.99e-08  0.00e+00    0.00    0.00
61256.50  0.50  5.71e-08  0.00e+00    0.00    0.00
61257.50  0.50  2.00e-08  0.00e+00    0.00    0.00
61258.50  0.50  4.82e-08  0.00e+00    0.00    0.00
61259.50  0.50  4.31e-08  0.00e+00    0.00    0.00
61260.50  0.50  7.88e-08  0.00e+00    0.00    0.00
61261.50  0.50  6.51e-08  0.00e+00    0.00    0.00
61262.50  0.50  6.97e-08  0.00e+00    0.00    0.00
61263.50  0.50  3.35e-08  0.00e+00    0.00    0.00
61264.50  0.50  6.04e-08  0.00e+00    0.00    0.00
61265.50  0.50  6.07e-08  0.00e+00    0.00    0.00
61266.50  0.50  3.32e-08  0.00e+00    0.00    0.00
61267.50  0.50  3.24e-08  0.00e+00    0.00    0.00
61268.50  0.50  4.65e-08  0.00e+00    0.00    0.00
61269.50  0.50  7.82e-08  0.00e+00    0.00    0.00
61270.50  0.50  4.75e-08  0.00e+00    0.00    0.00
61271.50  0.50  6.40e-08  2.83e-08    94.51    0.18
61272.50  0.50  6.63e-08  0.00e+00    0.00    0.00
61273.50  0.50  1.74e-08  0.00e+00    0.00    0.00
61274.50  0.50  4.45e-08  0.00e+00    0.00    0.00
61275.50  0.50  3.26e-08  0.00e+00    0.00    0.00
61276.50  0.50  4.35e-08  0.00e+00    0.00    0.00
61277.50  0.50  5.90e-08  0.00e+00    0.00    0.00
61278.50  0.50  1.92e-08  0.00e+00    0.00    0.00
61279.50  0.50  3.72e-08  0.00e+00    0.00    0.00
61280.50  0.50  2.83e-08  0.00e+00    0.00    0.00
61281.50  0.50  3.76e-08  0.00e+00    0.00    0.00
61282.50  0.50  4.15e-08  0.00e+00    0.00    0.00
61283.50  0.50  2.35e-08  0.00e+00    0.00    0.00
61284.50  0.50  4.85e-08  0.00e+00    0.00    0.00
61285.50  0.50  2.16e-08  0.00e+00    0.00    0.00
61286.50  0.50  1.82e-08  0.00e+00    0.00    0.00
61287.50  0.50  2.05e-08  0.00e+00    0.00    0.00
61288.50  0.50  7.89e-08  0.00e+00    0.00    0.00
61289.50  0.50  1.74e-08  0.00e+00    0.00    0.00
61290.50  0.50  5.66e-08  0.00e+00    0.00    0.00
61291.50  0.50  5.86e-08  0.00e+00    0.00    0.00
61292.50  0.50  2.63e-08  0.00e+00    0.00    0.00
61293.50  0.50  4.85e-08  0.00e+00    0.00    0.00
61294.50  0.50  9.27e-08  0.00e+00    0.00    0.00
61295.50  0.50  1.93e-08  0.00e+00    0.00    0.00
61296.50  0.50  5.18e-08  0.00e+00    0.00    0.00
61297.50  0.50  6.81e-08  0.00e+00    0.00    0.00
61298.50  0.50  5.88e-08  0.00e+00    0.00    0.00
61299.50  0.50  3.32e-08  0.00e+00    0.00    0.00
61300.50  0.50  2.92e-08  0.00e+00    0.00    0.00
61301.50  0.50  1.30e-08  0.00e+00    0.00    0.00
61302.50  0.50  2.87e-08  0.00e+00    0.00    0.00
61303.50  0.50  1.36e-08  0.00e+00    0.00    0.00
61304.50  0.50  1.15e-08  0.00e+00    0.00    0.00
61305.50  0.50  4.00e-08  0.00e+00    0.00    0.00
61306.50  0.50  6.75e-08  0.00e+00    0.00    0.00
61307.50  0.50  3.16e-08  0.00e+00    0.00    0.00
61308.50  0.50  2.17e-08  0.00e+00    0.00    0.00
