61197.50  0.50  1.28e-06  0.00e+00    0.00    0.00
61198.50  0.50  1.95e-06  0.00e+00    0.00    0.00
61199.50  0.50  1.59e-06  0.00e+00    0.00    0.00
61200.50  0.50  1.32e-06  0.00e+00    0.00    0.00
61201.50  0.50  8.46e-07  0.00e+00    0.00    0.00
61202.50  0.50  7.95e-07  0.00e+00    0.00    0.00
61203.50  0.50  2.40e-06  0.00e+00    0.00    0.00
61204.50  0.50  1.53e-06  0.00e+00    0.00    0.00
61205.50  0.50  1.45e-06  0.00e+00    0.00    0.00
61206.50  0.50  2.79e-06  0.00e+00    0.00    0.00
61207.50  0.50  2.45e-06  0.00e+00    0.00    0.00
61208.50  0.50  1.26e-06  0.00e+00    0.00    0.00
61209.50  0.50  1.06e-05  0.00e+00    0.00    0.00
61211.50  0.50  1.72e-04  0.00e+00    0.00    0.00
61212.50  0.50  3.10e-05  0.00e+00    0.00    0.00
61213.50  0.50  9.78e-06  0.00e+00    0.00    0.00
61214.50  0.50  3.50e-06  0.00e+00    0.00    0.00
61215.50  0.50  4.59e-06  0.00e+00    0.00    0.00
61216.50  0.50  9.69e-07  0.00e+00    0.00    0.00
61217.50  0.50  2.41e-06  0.00e+00    0.00    0.00
61218.50  0.50  3.65e-06  0.00e+00    0.00    0.00
61219.50  0.50  1.83e-06  0.00e+00    0.00    0.00
61220.50  0.50  4.56e-06  0.00e+00    0.00    0.00
61221.50  0.50  3.20e-06  0.00e+00    0.00    0.00
61222.50  0.50  1.18e-06  0.00e+00    0.00    0.00
61223.50  0.50  6.71e-07  0.00e+00    0.00    0.00
61224.50  0.50  7.50e-07  0.00e+00    0.00    0.00
61225.50  0.50  7.36e-07  0.00e+00    0.00    0.00
61226.50  0.50  5.64e-07  0.00e+00    0.00    0.00
61227.50  0.50  1.30e-06  0.00e+00    0.00    0.00
61228.50  0.50  6.83e-07  0.00e+00    0.00    0.00
61229.50  0.50  8.25e-07  0.00e+00    0.00    0.00
61230.50  0.50  1.10e-06  0.00e+00    0.00    0.00
61231.50  0.50  7.03e-07  0.00e+00    0.00    0.00
61232.50  0.50  9.95e-07  0.00e+00    0.00    0.00
61233.50  0.50  8.97e-07  0.00e+00    0.00    0.00
61234.50  0.50  9.53e-07  0.00e+00    0.00    0.00
61235.50  0.50  6.63e-07  0.00e+00    0.00    0.00
61236.50  0.50  3.55e-07  0.00e+00    0.00    0.00
61237.50  0.50  5.46e-07  0.00e+00    0.00    0.00
61238.50  0.50  6.03e-07  0.00e+00    0.00    0.00
61239.50  0.50  5.90e-07  0.00e+00    0.00    0.00
61240.50  0.50  4.18e-07  0.00e+00    0.00    0.00
61241.50  0.50  8.88e-07  0.00e+00    0.00    0.00
61242.50  0.50  7.45e-07  0.00e+00    0.00    0.00
61243.50  0.50  5.26e-07  0.00e+00    0.00    0.00
61244.50  0.50  6.62e-07  0.00e+00    0.00    0.00
61245.50  0.50  9.73e-07  0.00e+00    0.00    0.00
61246.50  0.50  1.01e-06  0.00e+00    0.00    0.00
61247.50  0.50  5.82e-07  0.00e+00    0.00    0.00
61248.50  0.50  4.02e-07  0.00e+00    0.00    0.00
61249.50  0.50  3.35e-07  0.00e+00    0.00    0.00
61250.50  0.50  4.37e-07  0.00e+00    0.00    0.00
61251.50  0.50  4.67e-07  0.00e+00    0.00    0.00
61252.50  0.50  2.18e-07  0.00e+00    0.00    0.00
61253.50  0.50  4.47e-07  0.00e+00    0.00    0.00
61254.50  0.50  9.15e-07  0.00e+00    0.00    0.00
61255.50  0.50  9.17e-07  0.00e+00    0.00    0.00
61256.50  0.50  1.13e-06  0.00e+00    0.00    0.00
61257.50  0.50  1.80e-06  0.00e+00    0.00    0.00
61258.50  0.50  2.05e-06  0.00e+00    0.00    0.00
61259.50  0.50  2.27e-06  0.00e+00    0.00    0.00
61260.50  0.50  1.14e-06  0.00e+00    0.00    0.00
61261.50  0.50  1.78e-06  0.00e+00    0.00    0.00
61262.50  0.50  7.84e-07  0.00e+00    0.00    0.00
61263.50  0.50  8.96e-07  0.00e+00    0.00    0.00
61264.50  0.50  6.53e-07  0.00e+00    0.00    0.00
61265.50  0.50  9.46e-07  0.00e+00    0.00    0.00
61266.50  0.50  9.61e-07  0.00e+00    0.00    0.00
61267.50  0.50  7.06e-07  0.00e+00    0.00    0.00
61268.50  0.50  3.11e-07  0.00e+00    0.00    0.00
61269.50  0.50  6.98e-07  0.00e+00    0.00    0.00
61270.50  0.50  7.42e-07  0.00e+00    0.00    0.00
61271.50  0.50  7.85e-07  0.00e+00    0.00    0.00
61272.50  0.50  8.84e-07  0.00e+00    0.00    0.00
61273.50  0.50  6.47e-07  0.00e+00    0.00    0.00
61274.50  0.50  6.73e-07  0.00e+00    0.00    0.00
61275.50  0.50  7.69e-07  0.00e+00    0.00    0.00
61276.50  0.50  3.40e-07  0.00e+00    0.00    0.00
61277.50  0.50  1.14e-06  0.00e+00    0.00    0.00
61278.50  0.50  8.77e-07  0.00e+00    0.00    0.00
61279.50  0.50  9.00e-07  0.00e+00    0.00    0.00
61280.50  0.50  4.77e-07  0.00e+00    0.00    0.00
61281.50  0.50  1.03e-06  0.00e+00    0.00    0.00
61282.50  0.50  9.10e-07  0.00e+00    0.00    0.00
61283.50  0.50  6.66e-07  0.00e+00    0.00    0.00
61284.50  0.50  5.85e-07  0.00e+00    0.00    0.00
61285.50  0.50  9.01e-07  0.00e+00    0.00    0.00
61286.50  0.50  1.03e-06  0.00e+00    0.00    0.00
61287.50  0.50  3.91e-07  0.00e+00    0.00    0.00
61288.50  0.50  1.96e-06  0.00e+00    0.00    0.00
61289.50  0.50  1.97e-06  0.00e+00    0.00    0.00
61290.50  0.50  2.99e-06  0.00e+00    0.00    0.00
61291.50  0.50  1.87e-06  0.00e+00    0.00    0.00
61292.50  0.50  1.76e-06  0.00e+00    0.00    0.00
61293.50  0.50  2.41e-06  0.00e+00    0.00    0.00
61294.50  0.50  2.85e-06  0.00e+00    0.00    0.00
61295.50  0.50  3.36e-06  0.00e+00    0.00    0.00
61296.50  0.50  2.59e-06  0.00e+00    0.00    0.00
61297.50  0.50  2.14e-06  0.00e+00    0.00    0.00
