61209.50  3.50  4.42e-08  0.00e+00    0.00    0.00
61216.50  3.50  1.50e-07  0.00e+00    0.00    0.00
61223.50  3.50  3.89e-08  0.00e+00    0.00    0.00
61230.50  3.50  1.54e-08  0.00e+00    0.00    0.00
61237.50  3.50  2.50e-08  0.00e+00    0.00    0.00
61244.50  3.50  2.50e-08  0.00e+00    0.00    0.00
61251.50  3.50  1.79e-08  0.00e+00    0.00    0.00
61258.50  3.50  1.07e-07  0.00e+00    0.00    0.00
61265.50  3.50  2.86e-08  0.00e+00    0.00    0.00
61272.50  3.50  4.76e-08  0.00e+00    0.00    0.00
61279.50  3.50  3.72e-08  0.00e+00    0.00    0.00
61286.50  3.50  9.28e-08  0.00e+00    0.00    0.00
61293.50  3.50  2.73e-07  0.00e+00    0.00    0.00
61300.50  3.50  1.68e-07  0.00e+00    0.00    0.00
