61202.50  3.50  1.20e-06  0.00e+00    0.00    0.00
61209.50  3.50  1.51e-06  0.00e+00    0.00    0.00
61216.50  3.50  7.61e-07  0.00e+00    0.00    0.00
61223.50  3.50  8.48e-07  0.00e+00    0.00    0.00
61230.50  3.50  6.10e-07  0.00e+00    0.00    0.00
61237.50  3.50  3.77e-07  0.00e+00    0.00    0.00
61244.50  3.50  5.98e-07  0.00e+00    0.00    0.00
61251.50  3.50  3.02e-07  0.00e+00    0.00    0.00
61258.50  3.50  1.60e-06  0.00e+00    0.00    0.00
61265.50  3.50  7.20e-07  0.00e+00    0.00    0.00
61272.50  3.50  7.10e-07  0.00e+00    0.00    0.00
61279.50  3.50  6.22e-07  0.00e+00    0.00    0.00
61286.50  3.50  1.08e-06  0.00e+00    0.00    0.00
61293.50  3.50  2.54e-06  0.00e+00    0.00    0.00
