61209.50  3.50  4.22e-08  0.00e+00    0.00    0.00
61216.50  3.50  1.10e-07  0.00e+00    0.00    0.00
61223.50  3.50  4.78e-08  0.00e+00    0.00    0.00
61230.50  3.50  5.30e-08  0.00e+00    0.00    0.00
61237.50  3.50  1.16e-07  0.00e+00    0.00    0.00
61244.50  3.50  1.16e-07  2.17e-09    16.89    0.06
61251.50  3.50  2.96e-07  2.03e-08    43.04    0.16
61258.50  3.50  1.65e-07  1.35e-08    24.00    0.09
61265.50  3.50  1.02e-07  2.37e-09    14.78    0.06
61272.50  3.50  1.06e-07  0.00e+00    0.00    0.00
61279.50  3.50  6.84e-08  0.00e+00    0.00    0.00
61286.50  3.50  3.04e-08  0.00e+00    0.00    0.00
61293.50  3.50  3.85e-08  0.00e+00    0.00    0.00
61300.50  3.50  2.62e-08  0.00e+00    0.00    0.00
