61209.50  3.50  7.45e-09  0.00e+00    0.00    0.00
61216.50  3.50  2.00e-09  0.00e+00    0.00    0.00
61223.50  3.50  6.14e-09  0.00e+00    0.00    0.00
61230.50  3.50  6.63e-09  0.00e+00    0.00    0.00
61237.50  3.50  1.38e-08  0.00e+00    0.00    0.00
61244.50  3.50  1.18e-08  1.03e-09    14.92    0.06
61251.50  3.50  1.87e-08  2.00e-09    23.75    0.09
61258.50  3.50  1.25e-08  2.88e-09    15.81    0.06
61265.50  3.50  9.97e-09  2.20e-09    12.64    0.05
61272.50  3.50  6.33e-09  0.00e+00    0.00    0.00
61279.50  3.50  1.06e-08  0.00e+00    0.00    0.00
61286.50  3.50  3.55e-09  0.00e+00    0.00    0.00
61293.50  3.50  6.89e-09  0.00e+00    0.00    0.00
61300.50  3.50  3.10e-09  0.00e+00    0.00    0.00
