61167.50  3.50  2.96e-09  0.00e+00    0.00    0.00
61174.50  3.50  1.48e-08  0.00e+00    0.00    0.00
61181.50  3.50  4.24e-09  0.00e+00    0.00    0.00
61188.50  3.50  9.36e-09  0.00e+00    0.00    0.00
61195.50  3.50  2.40e-09  0.00e+00    0.00    0.00
61202.50  3.50  1.51e-08  0.00e+00    0.00    0.00
61223.50  3.50  1.08e-08  0.00e+00    0.00    0.00
61237.50  3.50  8.37e-09  0.00e+00    0.00    0.00
61244.50  3.50  9.54e-09  0.00e+00    0.00    0.00
61251.50  3.50  3.97e-09  0.00e+00    0.00    0.00
61265.50  3.50  3.80e-09  0.00e+00    0.00    0.00
61272.50  3.50  4.91e-09  0.00e+00    0.00    0.00
61279.50  3.50  1.11e-08  0.00e+00    0.00    0.00
61286.50  3.50  5.75e-09  0.00e+00    0.00    0.00
