61189.50  0.50  1.63e-08  0.00e+00    0.00    0.00
61190.50  0.50  2.22e-08  0.00e+00    0.00    0.00
61191.50  0.50  5.01e-08  0.00e+00    0.00    0.00
61192.50  0.50  1.96e-08  0.00e+00    0.00    0.00
61193.50  0.50  1.63e-08  0.00e+00    0.00    0.00
61194.50  0.50  1.58e-08  0.00e+00    0.00    0.00
61195.50  0.50  2.26e-08  0.00e+00    0.00    0.00
61196.50  0.50  1.48e-08  0.00e+00    0.00    0.00
61197.50  0.50  1.83e-08  0.00e+00    0.00    0.00
61198.50  0.50  1.85e-08  0.00e+00    0.00    0.00
61199.50  0.50  2.62e-08  0.00e+00    0.00    0.00
61200.50  0.50  3.04e-08  0.00e+00    0.00    0.00
61201.50  0.50  7.58e-08  0.00e+00    0.00    0.00
61221.50  0.50  2.00e-04  0.00e+00    0.00    0.00
61222.50  0.50  2.27e-08  0.00e+00    0.00    0.00
61223.50  0.50  1.73e-08  0.00e+00    0.00    0.00
61224.50  0.50  4.87e-08  0.00e+00    0.00    0.00
61225.50  0.50  3.81e-08  0.00e+00    0.00    0.00
61226.50  0.50  2.03e-08  0.00e+00    0.00    0.00
61227.50  0.50  1.93e-08  0.00e+00    0.00    0.00
61228.50  0.50  2.55e-08  0.00e+00    0.00    0.00
61229.50  0.50  2.69e-08  0.00e+00    0.00    0.00
61230.50  0.50  2.91e-08  0.00e+00    0.00    0.00
61231.50  0.50  1.58e-08  0.00e+00    0.00    0.00
61232.50  0.50  1.63e-08  0.00e+00    0.00    0.00
61233.50  0.50  1.85e-08  0.00e+00    0.00    0.00
61234.50  0.50  4.03e-08  0.00e+00    0.00    0.00
61235.50  0.50  2.30e-08  0.00e+00    0.00    0.00
61236.50  0.50  3.38e-08  0.00e+00    0.00    0.00
61237.50  0.50  1.80e-08  0.00e+00    0.00    0.00
61238.50  0.50  4.54e-08  0.00e+00    0.00    0.00
61239.50  0.50  1.58e-08  0.00e+00    0.00    0.00
61240.50  0.50  1.44e-08  0.00e+00    0.00    0.00
61241.50  0.50  2.43e-08  0.00e+00    0.00    0.00
61242.50  0.50  4.86e-08  0.00e+00    0.00    0.00
61243.50  0.50  2.31e-08  0.00e+00    0.00    0.00
61244.50  0.50  3.76e-08  0.00e+00    0.00    0.00
61245.50  0.50  1.57e-08  0.00e+00    0.00    0.00
61246.50  0.50  3.14e-08  0.00e+00    0.00    0.00
61247.50  0.50  1.96e-08  0.00e+00    0.00    0.00
61248.50  0.50  1.85e-08  0.00e+00    0.00    0.00
61249.50  0.50  1.70e-08  0.00e+00    0.00    0.00
61250.50  0.50  1.94e-08  0.00e+00    0.00    0.00
61251.50  0.50  2.42e-08  0.00e+00    0.00    0.00
61252.50  0.50  4.28e-08  0.00e+00    0.00    0.00
61253.50  0.50  6.39e-08  0.00e+00    0.00    0.00
61254.50  0.50  3.56e-08  0.00e+00    0.00    0.00
61256.50  0.50  2.85e-08  0.00e+00    0.00    0.00
61257.50  0.50  3.71e-08  0.00e+00    0.00    0.00
61258.50  0.50  2.34e-08  0.00e+00    0.00    0.00
61259.50  0.50  3.36e-08  0.00e+00    0.00    0.00
61260.50  0.50  2.96e-08  0.00e+00    0.00    0.00
61261.50  0.50  8.27e-08  0.00e+00    0.00    0.00
61262.50  0.50  3.49e-08  0.00e+00    0.00    0.00
61263.50  0.50  3.44e-08  0.00e+00    0.00    0.00
61264.50  0.50  4.31e-08  0.00e+00    0.00    0.00
61265.50  0.50  3.48e-08  0.00e+00    0.00    0.00
61266.50  0.50  2.06e-08  0.00e+00    0.00    0.00
61267.50  0.50  2.07e-08  0.00e+00    0.00    0.00
61268.50  0.50  1.72e-08  0.00e+00    0.00    0.00
61269.50  0.50  1.97e-08  0.00e+00    0.00    0.00
61270.50  0.50  2.13e-08  0.00e+00    0.00    0.00
61271.50  0.50  6.16e-08  0.00e+00    0.00    0.00
61272.50  0.50  2.02e-08  0.00e+00    0.00    0.00
61273.50  0.50  2.26e-08  0.00e+00    0.00    0.00
61274.50  0.50  1.57e-08  0.00e+00    0.00    0.00
61275.50  0.50  1.83e-08  0.00e+00    0.00    0.00
61276.50  0.50  1.65e-08  0.00e+00    0.00    0.00
61277.50  0.50  3.36e-08  0.00e+00    0.00    0.00
61278.50  0.50  2.04e-08  0.00e+00    0.00    0.00
61279.50  0.50  4.30e-08  0.00e+00    0.00    0.00
61280.50  0.50  1.51e-08  0.00e+00    0.00    0.00
61281.50  0.50  4.79e-08  0.00e+00    0.00    0.00
61282.50  0.50  3.08e-08  0.00e+00    0.00    0.00
61283.50  0.50  1.42e-08  0.00e+00    0.00    0.00
61284.50  0.50  1.48e-08  0.00e+00    0.00    0.00
61285.50  0.50  1.46e-08  0.00e+00    0.00    0.00
61286.50  0.50  2.19e-08  0.00e+00    0.00    0.00
61287.50  0.50  1.46e-08  0.00e+00    0.00    0.00
61288.50  0.50  4.56e-08  0.00e+00    0.00    0.00
61289.50  0.50  1.68e-08  0.00e+00    0.00    0.00
61290.50  0.50  2.20e-08  0.00e+00    0.00    0.00
61291.50  0.50  1.40e-08  0.00e+00    0.00    0.00
61292.50  0.50  1.40e-08  0.00e+00    0.00    0.00
61293.50  0.50  1.30e-08  0.00e+00    0.00    0.00
61294.50  0.50  1.52e-08  0.00e+00    0.00    0.00
61295.50  0.50  6.53e-08  0.00e+00    0.00    0.00
61296.50  0.50  1.55e-08  0.00e+00    0.00    0.00
61297.50  0.50  1.63e-08  0.00e+00    0.00    0.00
61298.50  0.50  1.31e-08  0.00e+00    0.00    0.00
61299.50  0.50  1.39e-08  0.00e+00    0.00    0.00
61300.50  0.50  3.17e-08  0.00e+00    0.00    0.00
61301.50  0.50  1.22e-08  0.00e+00    0.00    0.00
61302.50  0.50  4.68e-08  0.00e+00    0.00    0.00
61303.50  0.50  1.21e-08  0.00e+00    0.00    0.00
61304.50  0.50  3.40e-08  0.00e+00    0.00    0.00
61305.50  0.50  1.54e-08  0.00e+00    0.00    0.00
61306.50  0.50  1.89e-08  0.00e+00    0.00    0.00
61307.50  0.50  1.59e-08  0.00e+00    0.00    0.00
61308.50  0.50  1.52e-08  0.00e+00    0.00    0.00
