61178.50  0.50  2.03e-07  0.00e+00    0.00    0.00
61179.50  0.50  8.37e-08  0.00e+00    0.00    0.00
61180.50  0.50  1.29e-07  0.00e+00    0.00    0.00
61181.50  0.50  8.55e-08  0.00e+00    0.00    0.00
61182.50  0.50  6.34e-08  0.00e+00    0.00    0.00
61183.50  0.50  8.58e-07  0.00e+00    0.00    0.00
61184.50  0.50  9.69e-08  0.00e+00    0.00    0.00
61185.50  0.50  1.21e-07  0.00e+00    0.00    0.00
61186.50  0.50  1.49e-07  0.00e+00    0.00    0.00
61187.50  0.50  1.73e-07  0.00e+00    0.00    0.00
61188.50  0.50  1.15e-07  0.00e+00    0.00    0.00
61189.50  0.50  1.02e-07  0.00e+00    0.00    0.00
61190.50  0.50  1.57e-07  0.00e+00    0.00    0.00
61191.50  0.50  2.10e-07  0.00e+00    0.00    0.00
61192.50  0.50  1.54e-07  0.00e+00    0.00    0.00
61193.50  0.50  3.28e-07  0.00e+00    0.00    0.00
61194.50  0.50  2.43e-07  0.00e+00    0.00    0.00
61195.50  0.50  3.49e-07  0.00e+00    0.00    0.00
61196.50  0.50  1.65e-07  0.00e+00    0.00    0.00
61197.50  0.50  3.28e-07  0.00e+00    0.00    0.00
61198.50  0.50  1.09e-07  0.00e+00    0.00    0.00
61199.50  0.50  6.36e-08  0.00e+00    0.00    0.00
61200.50  0.50  9.94e-08  0.00e+00    0.00    0.00
61201.50  0.50  2.40e-07  0.00e+00    0.00    0.00
61221.50  0.50  5.42e-04  0.00e+00    0.00    0.00
61222.50  0.50  5.23e-07  0.00e+00    0.00    0.00
61223.50  0.50  5.40e-07  0.00e+00    0.00    0.00
61224.50  0.50  1.38e-07  0.00e+00    0.00    0.00
61225.50  0.50  1.31e-07  0.00e+00    0.00    0.00
61226.50  0.50  5.24e-07  0.00e+00    0.00    0.00
61227.50  0.50  8.07e-08  0.00e+00    0.00    0.00
61228.50  0.50  1.33e-07  0.00e+00    0.00    0.00
61229.50  0.50  7.58e-08  0.00e+00    0.00    0.00
61230.50  0.50  6.12e-07  0.00e+00    0.00    0.00
61231.50  0.50  3.95e-07  0.00e+00    0.00    0.00
61232.50  0.50  9.49e-08  0.00e+00    0.00    0.00
61233.50  0.50  8.03e-07  0.00e+00    0.00    0.00
61234.50  0.50  1.30e-07  0.00e+00    0.00    0.00
61235.50  0.50  5.03e-07  0.00e+00    0.00    0.00
61236.50  0.50  1.66e-07  0.00e+00    0.00    0.00
61237.50  0.50  7.60e-08  0.00e+00    0.00    0.00
61238.50  0.50  1.33e-07  0.00e+00    0.00    0.00
61239.50  0.50  1.72e-07  0.00e+00    0.00    0.00
61240.50  0.50  9.68e-08  0.00e+00    0.00    0.00
61241.50  0.50  3.19e-07  0.00e+00    0.00    0.00
61242.50  0.50  3.11e-07  0.00e+00    0.00    0.00
61243.50  0.50  7.40e-07  0.00e+00    0.00    0.00
61244.50  0.50  5.86e-07  0.00e+00    0.00    0.00
61245.50  0.50  5.22e-07  0.00e+00    0.00    0.00
61246.50  0.50  6.40e-07  0.00e+00    0.00    0.00
61247.50  0.50  2.55e-07  0.00e+00    0.00    0.00
61248.50  0.50  1.89e-07  0.00e+00    0.00    0.00
61249.50  0.50  8.77e-08  0.00e+00    0.00    0.00
61250.50  0.50  4.54e-08  0.00e+00    0.00    0.00
61251.50  0.50  1.02e-06  0.00e+00    0.00    0.00
61252.50  0.50  1.74e-07  0.00e+00    0.00    0.00
61253.50  0.50  2.88e-07  0.00e+00    0.00    0.00
61254.50  0.50  1.30e-07  0.00e+00    0.00    0.00
61256.50  0.50  1.06e-07  0.00e+00    0.00    0.00
61257.50  0.50  7.09e-07  0.00e+00    0.00    0.00
61258.50  0.50  7.21e-08  0.00e+00    0.00    0.00
61259.50  0.50  1.30e-07  0.00e+00    0.00    0.00
61260.50  0.50  2.35e-07  0.00e+00    0.00    0.00
61261.50  0.50  7.36e-07  0.00e+00    0.00    0.00
61262.50  0.50  1.15e-07  0.00e+00    0.00    0.00
61263.50  0.50  2.15e-07  0.00e+00    0.00    0.00
61264.50  0.50  3.46e-07  0.00e+00    0.00    0.00
61265.50  0.50  4.76e-07  0.00e+00    0.00    0.00
61266.50  0.50  4.33e-07  0.00e+00    0.00    0.00
61267.50  0.50  5.34e-08  0.00e+00    0.00    0.00
61268.50  0.50  1.22e-07  0.00e+00    0.00    0.00
61269.50  0.50  4.87e-08  0.00e+00    0.00    0.00
61270.50  0.50  3.19e-07  0.00e+00    0.00    0.00
61271.50  0.50  1.58e-07  0.00e+00    0.00    0.00
61272.50  0.50  7.95e-08  0.00e+00    0.00    0.00
61273.50  0.50  1.17e-07  0.00e+00    0.00    0.00
61274.50  0.50  8.57e-08  0.00e+00    0.00    0.00
61275.50  0.50  1.28e-07  0.00e+00    0.00    0.00
61276.50  0.50  3.47e-08  0.00e+00    0.00    0.00
61277.50  0.50  8.10e-08  0.00e+00    0.00    0.00
61278.50  0.50  1.21e-07  0.00e+00    0.00    0.00
61279.50  0.50  1.03e-07  0.00e+00    0.00    0.00
61280.50  0.50  6.39e-08  0.00e+00    0.00    0.00
61281.50  0.50  1.15e-07  0.00e+00    0.00    0.00
61282.50  0.50  1.51e-07  0.00e+00    0.00    0.00
61283.50  0.50  3.43e-08  0.00e+00    0.00    0.00
61284.50  0.50  8.51e-08  0.00e+00    0.00    0.00
61285.50  0.50  5.32e-07  0.00e+00    0.00    0.00
61286.50  0.50  7.96e-08  0.00e+00    0.00    0.00
61287.50  0.50  7.37e-08  0.00e+00    0.00    0.00
61288.50  0.50  9.04e-08  0.00e+00    0.00    0.00
61289.50  0.50  1.50e-07  0.00e+00    0.00    0.00
61290.50  0.50  7.98e-08  0.00e+00    0.00    0.00
61291.50  0.50  8.75e-08  0.00e+00    0.00    0.00
61292.50  0.50  5.17e-07  0.00e+00    0.00    0.00
61293.50  0.50  8.89e-08  0.00e+00    0.00    0.00
61294.50  0.50  2.27e-07  0.00e+00    0.00    0.00
61295.50  0.50  4.68e-07  0.00e+00    0.00    0.00
61296.50  0.50  5.04e-08  0.00e+00    0.00    0.00
61297.50  0.50  1.01e-07  0.00e+00    0.00    0.00
