61167.50  3.50  8.17e-08  0.00e+00    0.00    0.00
61174.50  3.50  3.95e-08  0.00e+00    0.00    0.00
61181.50  3.50  2.62e-08  0.00e+00    0.00    0.00
61188.50  3.50  3.99e-08  0.00e+00    0.00    0.00
61195.50  3.50  4.64e-08  0.00e+00    0.00    0.00
61202.50  3.50  3.38e-08  0.00e+00    0.00    0.00
61223.50  3.50  2.51e-07  0.00e+00    0.00    0.00
61237.50  3.50  3.69e-08  0.00e+00    0.00    0.00
61244.50  3.50  2.18e-07  0.00e+00    0.00    0.00
61251.50  3.50  4.51e-08  0.00e+00    0.00    0.00
61265.50  3.50  1.60e-08  0.00e+00    0.00    0.00
61272.50  3.50  1.84e-08  0.00e+00    0.00    0.00
61279.50  3.50  1.85e-08  0.00e+00    0.00    0.00
61286.50  3.50  1.26e-08  0.00e+00    0.00    0.00
