61209.50  3.50  6.72e-08  0.00e+00    0.00    0.00
61216.50  3.50  1.13e-07  0.00e+00    0.00    0.00
61223.50  3.50  1.71e-07  0.00e+00    0.00    0.00
61230.50  3.50  2.27e-08  0.00e+00    0.00    0.00
61237.50  3.50  1.89e-07  0.00e+00    0.00    0.00
61244.50  3.50  1.11e-07  0.00e+00    0.00    0.00
61251.50  3.50  3.97e-08  0.00e+00    0.00    0.00
61258.50  3.50  5.50e-08  0.00e+00    0.00    0.00
61265.50  3.50  6.90e-08  0.00e+00    0.00    0.00
61272.50  3.50  2.89e-08  0.00e+00    0.00    0.00
61279.50  3.50  5.93e-08  0.00e+00    0.00    0.00
61286.50  3.50  7.09e-08  0.00e+00    0.00    0.00
61293.50  3.50  1.48e-07  0.00e+00    0.00    0.00
61300.50  3.50  1.67e-07  0.00e+00    0.00    0.00
