61202.50  3.50  3.39e-09  0.00e+00    0.00    0.00
61209.50  3.50  6.41e-09  0.00e+00    0.00    0.00
61216.50  3.50  2.47e-09  0.00e+00    0.00    0.00
61223.50  3.50  2.84e-09  0.00e+00    0.00    0.00
61230.50  3.50  5.48e-09  0.00e+00    0.00    0.00
61237.50  3.50  2.54e-09  0.00e+00    0.00    0.00
61244.50  3.50  6.09e-09  0.00e+00    0.00    0.00
61251.50  3.50  1.19e-08  0.00e+00    0.00    0.00
61258.50  3.50  4.97e-09  0.00e+00    0.00    0.00
61265.50  3.50  9.87e-09  0.00e+00    0.00    0.00
61272.50  3.50  3.21e-09  0.00e+00    0.00    0.00
61279.50  3.50  9.63e-09  0.00e+00    0.00    0.00
61286.50  3.50  5.47e-09  0.00e+00    0.00    0.00
61293.50  3.50  5.01e-09  0.00e+00    0.00    0.00
