61209.50  3.50  1.21e-08  0.00e+00    0.00    0.00
61216.50  3.50  6.43e-09  0.00e+00    0.00    0.00
61223.50  3.50  8.22e-09  0.00e+00    0.00    0.00
61230.50  3.50  6.32e-09  0.00e+00    0.00    0.00
61237.50  3.50  4.85e-09  0.00e+00    0.00    0.00
61244.50  3.50  3.11e-09  0.00e+00    0.00    0.00
61251.50  3.50  1.20e-08  3.72e-09    0.96    0.01
61258.50  3.50  7.81e-09  0.00e+00    0.00    0.00
61265.50  3.50  5.63e-09  0.00e+00    0.00    0.00
61272.50  3.50  4.52e-09  0.00e+00    0.00    0.00
61279.50  3.50  9.30e-09  0.00e+00    0.00    0.00
61286.50  3.50  9.77e-09  0.00e+00    0.00    0.00
61293.50  3.50  2.20e-09  0.00e+00    0.00    0.00
61300.50  3.50  1.01e-08  0.00e+00    0.00    0.00
