61202.50  3.50  1.53e-07  0.00e+00    0.00    0.00
61209.50  3.50  1.36e-07  0.00e+00    0.00    0.00
61216.50  3.50  9.67e-08  0.00e+00    0.00    0.00
61223.50  3.50  1.12e-07  0.00e+00    0.00    0.00
61230.50  3.50  8.79e-08  0.00e+00    0.00    0.00
61237.50  3.50  2.34e-07  0.00e+00    0.00    0.00
61244.50  3.50  2.10e-07  0.00e+00    0.00    0.00
61251.50  3.50  7.44e-08  8.58e-09    0.34    0.00
61258.50  3.50  1.27e-07  3.00e-08    0.58    0.01
61265.50  3.50  1.87e-07  0.00e+00    0.00    0.00
61272.50  3.50  1.17e-07  0.00e+00    0.00    0.00
61279.50  3.50  1.74e-07  0.00e+00    0.00    0.00
61286.50  3.50  7.06e-08  0.00e+00    0.00    0.00
61293.50  3.50  1.63e-08  0.00e+00    0.00    0.00
