61202.50  3.50  1.33e-08  0.00e+00    0.00    0.00
61209.50  3.50  3.42e-09  0.00e+00    0.00    0.00
61216.50  3.50  2.69e-09  0.00e+00    0.00    0.00
61223.50  3.50  3.71e-09  0.00e+00    0.00    0.00
61230.50  3.50  5.70e-09  0.00e+00    0.00    0.00
61237.50  3.50  5.70e-09  0.00e+00    0.00    0.00
61244.50  3.50  2.48e-09  0.00e+00    0.00    0.00
61251.50  3.50  1.23e-07  0.00e+00    0.00    0.00
61258.50  3.50  1.95e-04  0.00e+00    0.00    0.00
61265.50  3.50  8.06e-09  0.00e+00    0.00    0.00
61272.50  3.50  2.61e-09  0.00e+00    0.00    0.00
61279.50  3.50  6.96e-09  1.76e-09    1.10    0.03
61286.50  3.50  1.96e-09  0.00e+00    0.00    0.00
61293.50  3.50  6.30e-09  0.00e+00    0.00    0.00
