61202.50  3.50  4.96e-08  0.00e+00    0.00    0.00
61209.50  3.50  1.35e-07  0.00e+00    0.00    0.00
61216.50  3.50  1.36e-07  0.00e+00    0.00    0.00
61223.50  3.50  3.35e-08  0.00e+00    0.00    0.00
61230.50  3.50  1.95e-07  0.00e+00    0.00    0.00
61237.50  3.50  1.63e-08  0.00e+00    0.00    0.00
61244.50  3.50  4.28e-08  0.00e+00    0.00    0.00
61251.50  3.50  4.09e-07  0.00e+00    0.00    0.00
61258.50  3.50  5.64e-04  0.00e+00    0.00    0.00
61265.50  3.50  3.52e-08  0.00e+00    0.00    0.00
61272.50  3.50  9.00e-08  0.00e+00    0.00    0.00
61279.50  3.50  1.82e-08  5.25e-09    0.22    0.01
61286.50  3.50  1.32e-07  0.00e+00    0.00    0.00
61293.50  3.50  2.02e-07  0.00e+00    0.00    0.00
