/*
**
**  Swift/XRT light curve for OJ 287.
**
**  Data taken from the automatic processing at http://www.swift.psu.edu/monitoring/
**
**  When using these data and results in publications, please reference M.C. Stroh & A.D. Falcone 2013, ApJS, 207, 28; arXiv: 1305.4949.
**
**  Key:
**
**   BinCenter      - Center of time bin (MJD)
**   BinHW          - One-half of the full time bin size (days)
**   Rate           - The background subtracted, PSF corrected and pile-up corrected source count rate (cts/s).
**   RateError      - 1 sigma error in source count rate (cts/s)
**   FracExp        - Conversion factor between bin size and observing time
**   Mode           - 0 if in Windowed Timing (WT)
**                    1 if in Photon Counting (PC)
**
**
**  Upper limits have an error listed as -1.00000.
**
*/
      BinCenter          BinHW           Rate      RateError        FracExp  Mode
   53510.609146       0.337761        0.08797        0.00561        0.06057     1
   53516.720375       0.001148        0.33473       -1.00000        0.26554     1
   53528.576849       0.007263        0.13670        0.01164        0.98262     1
   54055.686960       0.011533        0.07643        0.00709        0.96553     1
   54056.159880       0.142190        0.08622        0.00733        0.08897     1
   54057.857464       0.104322        0.09261        0.00699        0.17013     1
   54165.378687       0.239365        0.06105        0.00590        0.06231     1
   54169.138551       0.094779        0.05775        0.00629        0.12071     1
   54177.870219       0.000073        0.52708       -1.00000        0.99892     1
   54180.654397       0.042792        0.05731        0.00537        0.37112     1
   54396.518801       0.471424        0.11806        0.00611        0.05045     1
   54403.443573       0.171008        0.11650        0.00696        0.10109     1
   54410.634530       0.066498        0.13116        0.01224        0.09404     1
   54411.206754       0.042516        0.15196        0.01018        0.24617     1
   54413.242521       0.061632        0.13298        0.01088        0.13169     1
   54415.156731       0.043940        0.08417        0.00706        0.27177     1
   54417.170664       0.039030        0.11879        0.00994        0.22243     1
   54419.179692       0.039030        0.08890        0.00873        0.21835     1
   54421.221831       0.072627        0.10513        0.00840        0.15142     1
   54423.285921       0.059903        0.10750        0.01069        0.15654     1
   54425.134386       0.039190        0.10112        0.00863        0.24899     1
   54435.246585       0.106152        0.14054        0.01085        0.14821     1
   54437.421375       0.268707        0.11256        0.00784        0.05038     1
   54439.246786       0.037926        0.10886        0.00968        0.35369     1
   54441.198081       0.036619        0.09743        0.00653        0.45225     1
   54443.237386       0.060499        0.10248        0.00667        0.27665     1
   54445.186726       0.072990        0.10279        0.00677        0.22340     1
   54448.661316       0.070623        0.13292        0.00959        0.14863     1
   54451.498001       0.038071        0.13984        0.01054        0.29546     1
   54453.081698       0.070347        0.10074        0.00860        0.15257     1
   54455.088422       0.070579        0.12377        0.00841        0.18044     1
   54763.706946       0.037490        0.18549        0.01419        0.17472     1
   54764.037797       0.036473        0.15126        0.01383        0.15409     1
   54765.850284       0.035805        0.17580        0.01505        0.15378     1
   54766.619314       0.070245        0.15152        0.01533        0.06599     1
   54767.016387       0.002571        0.13971        0.02017        0.93836     1
   54768.022594       0.005854        0.18388        0.01510        0.97993     1
   54769.080381       0.005694        0.21981        0.01672        0.97924     1
   54770.168021       0.005520        0.28054        0.01899        0.98537     1
   54771.707783       0.005389        0.22928        0.01754        0.97305     1
   54772.711067       0.006202        0.26759        0.01763        0.97660     1
   54773.714908       0.005897        0.27453        0.01837        0.97438     1
   54774.301830       0.004372        0.31332        0.02331        0.96333     1
   54777.646847       0.005738        0.30032        0.01958        0.98953     1
   54778.129065       0.005738        0.32116        0.02579        0.97463     1
   54779.134486       0.005694        0.27243        0.01900        0.97044     1
   54780.312943       0.034701        0.32759        0.03052        0.14117     1
   54781.211745       0.072264        0.30374        0.01462        0.14007     1
   54781.952950       0.201701        0.27526        0.01696        0.03406     1
   54784.127650       0.101475        0.21143        0.01673        0.05326     1
   54785.064091       0.036241        0.22946        0.01825        0.13518     1
   54813.808274       0.006972        0.29429        0.01958        0.97690     1
   54819.628309       0.005709        0.25930        0.01839        0.96744     1
   54826.789829       0.135145        0.30370        0.02269        0.05181     1
   54840.367975       0.007001        0.27315        0.01678        0.97197     1
   54849.915592       0.036488        0.27122        0.02262        0.15452     1
   54854.185512       0.035965        0.34977        0.02410        0.14183     1
   54864.141714       0.203386        0.31717        0.01012        0.13730     1
   54867.321171       0.037142        0.32272        0.01806        0.19214     1
   54875.920124       0.006231        0.42891        0.02351        0.98548     1
   54884.374535       0.036561        0.37357        0.02378        0.15099     1
   54889.127328       0.037243        0.32427        0.02109        0.14330     1
   54895.862537       0.000494        0.43111        0.10456        0.96952     1
   54903.087690       0.009514        0.25099        0.01403        0.96992     1
   54917.303634       0.037330        0.26462        0.01557        0.20977     1
   55129.910985       0.131339        0.41740        0.01024        0.21785     1
   55132.560589       0.107416        0.33570        0.00933        0.25635     1
   55132.727443       0.014932        0.31841        0.01258        0.97221     1
   55134.100460       0.098120        0.32363        0.00957        0.28292     1
   55153.634922       0.238668        0.27955        0.00897        0.11995     1
   55168.465123       0.005665        0.31025        0.02023        0.98156     1
   55175.168658       0.005636        0.29675        0.02295        0.93826     1
   55181.054188       0.005520        0.25446        0.01850        0.97928     1
   55183.832985       0.041862        0.22577        0.01021        0.36893     1
   55184.465021       0.534958        0.23432        0.00962        0.03563     1
   55185.600890       0.538648        0.33112        0.07626        0.00088     1
   55188.549849       0.006333        0.28809        0.01818        0.97599     1
   55195.497296       0.006130        0.25710        0.02710        0.96405     1
   55208.415863       0.005650        0.24408        0.01789        0.97718     1
   55209.485567       0.071146        0.23279        0.01083        0.22732     1
   55217.387048       0.005287        0.23756        0.01832        0.97421     1
   55234.164277       0.039175        0.24154        0.01344        0.24644     1
   55235.766048       0.042966        0.28404        0.01044        0.43583     1
   55252.115857       0.004953        0.19720        0.01714        0.97663     1
   55259.826920       0.006362        0.18378        0.01453        0.98166     1
   55266.512145       0.005897        0.21667        0.01657        0.96135     1
   55273.016544       0.005665        0.19440        0.02151        0.96197     1
   55276.242725       0.036430        0.16325        0.01442        0.15670     1
   55278.231029       0.007132        0.21469        0.01495        0.97519     1
   55296.592201       0.103596        0.20355        0.01078        0.12246     1
   55312.250242       0.039291        0.16901        0.01028        0.29000     1
   55340.844499       0.033321        0.15111        0.00878        0.42304     1
   55488.061153       0.040802        0.13165        0.00831        0.34325     1
   55501.804873       0.143555        0.16714        0.00879        0.10795     1
   55536.591992       0.004532        0.30856        0.02207        0.98124     1
   55543.620377       0.004605        0.23900        0.01966        0.98933     1
   55549.854704       0.008439        0.27945        0.01646        0.98725     1
   55557.809630       0.004241        0.18592        0.01803        0.98095     1
   55564.838414       0.003762        0.22262        0.02075        0.97330     1
   55571.793265       0.006740        0.22086        0.01595        0.98090     1
   55577.614011       0.006130        0.19277        0.01522        0.96452     1
   55585.306706       0.006464        0.24741        0.01684        0.98623     1
   55592.074346       0.005476        0.24727        0.01831        0.97342     1
   55606.395770       0.005578        0.18342        0.01578        0.97917     1
   55613.486913       0.007539        0.24972        0.01570        0.97120     1
   55620.777425       0.006536        0.20534        0.01934        0.97333     1
   55627.536468       0.007263        0.22869        0.01665        0.97253     1
   55641.855009       0.008846        0.16676        0.01189        0.96837     1
   55647.067385       0.001336        0.14071        0.02872        0.94120     1
   55878.724660       0.544051        0.40074        0.01646        0.01948     1
   55880.428819       0.311426        0.32721        0.01132        0.05924     1
   55900.191655       0.004125        0.26081        0.02131        0.98588     1
   55900.911577       0.001612        0.28107        0.03595        0.95997     1
   55907.501447       0.038798        0.28208        0.01599        0.20401     1
   55914.820703       0.005679        0.22008        0.01669        0.97757     1
   55921.722389       0.006072        0.14657        0.01323        0.97866     1
   55928.798680       0.005447        0.20138        0.01832        0.97597     1
   55934.345727       0.006290        0.10883        0.01447        0.96659     1
   55942.449409       0.004706        0.19408        0.01782        0.98763     1
   55948.791653       0.006217        0.27986        0.01822        0.98326     1
   55957.817982       0.001453        0.24943        0.04371        0.97149     1
   55970.377403       0.005215        0.21613        0.01892        0.97269     1
   55984.547837       0.005621        0.21510        0.01685        0.96672     1
   55998.457090       0.135929        0.32040        0.01770        0.05874     1
   56005.071255       0.005825        0.33762        0.02079        0.97798     1
   56012.626710       0.005302        0.37866        0.02344        0.97003     1
   56040.934943       0.087995        0.38503        0.01829        0.09423     1
   56266.748852       0.002237        0.32052        0.03242        0.98594     1
   56271.229579       0.005825        0.25525        0.01787        0.97773     1
   56285.510332       0.005636        0.20157        0.01620        0.96951     1
   56294.591908       0.006667        0.23205        0.01617        0.98665     1
   56299.465143       0.006348        0.18441        0.01496        0.96543     1
   56306.749312       0.002760        0.27379        0.03485        0.97462     1
   56313.222898       0.003486        0.20770        0.02262        0.99255     1
   56321.572934       0.006231        0.17726        0.01468        0.97302     1
   56334.791062       0.002469        0.17823        0.02337        0.95155     1
   56341.811408       0.005926        0.19368        0.01549        0.98422     1
   56349.297388       0.003951        0.19684        0.01988        0.98147     1
   56355.369297       0.005679        0.17783        0.01511        0.97196     1
   56369.488362       0.170645        0.21078        0.01520        0.03866     1
   56376.139773       0.005345        0.19951        0.01669        0.96550     1
   56437.643225       0.006057        0.36282        0.02141        0.97708     1
   56628.388387       0.006043        0.23602        0.01751        0.98108     1
   56635.335108       0.005839        0.28738        0.01902        0.97654     1
   56642.140180       0.005650        0.27774        0.01913        0.96726     1
   56649.742247       0.005636        0.21853        0.01805        0.95827     1
   56656.623578       0.003486        0.12086        0.01637        0.95857     1
   56663.209309       0.003167        0.18026        0.02096        0.96354     1
   56670.864903       0.035762        0.17179        0.02122        0.16977     1
   56677.488559       0.005839        0.21736        0.01656        0.98226     1
   56683.904559       0.006536        0.16788        0.01406        0.97367     1
   56698.571377       0.005694        0.16116        0.01978        0.96701     1
   56705.969565       0.006130        0.14115        0.01291        0.97876     1
   56726.691166       0.305354        0.16851        0.01305        0.02401     1
   56733.181207       0.005563        0.30046        0.02401        0.98136     1
   56740.395320       0.006057        0.41196        0.02231        0.96887     1
   56753.791562       0.141754        0.27225        0.01515        0.06331     1
   56760.410164       0.036227        0.21737        0.01713        0.15089     1
   56763.223479       0.104264        0.21427        0.01249        0.09774     1
   56770.476982       0.434791        0.30186        0.01637        0.01944     1
   56775.546686       0.436635        0.26926        0.02049        0.01102     1
   56992.947725       0.005040        0.31491        0.02155        0.97135     1
   57013.245942       0.001060        0.41899        0.05340        0.99705     1
   57020.965689       0.005839        0.30236        0.02003        0.94868     1
   57034.416242       0.005258        0.34317        0.02206        0.96855     1
   57041.623312       0.004416        0.24822        0.02065        0.97033     1
   57062.252351       0.003893        0.26672        0.02337        0.96321     1
   57069.507549       0.005621        0.25173        0.01922        0.96872     1
   57090.302818       0.036052        0.31479        0.02319        0.14834     1
   57104.911236       0.002963        0.28955        0.02650        0.98912     1
   57140.369193       0.006478        0.23147        0.01620        0.97721     1
   57140.781400       0.005360        0.23347        0.02062        0.96980     1
   57141.100558       0.004968        0.22869        0.01871        0.96979     1
   57141.639943       0.005839        0.25539        0.01799        0.97956     1
   57142.364787       0.006028        0.29115        0.01916        0.97363     1
   57142.844936       0.005738        0.21330        0.01660        0.96997     1
   57143.362523       0.004822        0.22586        0.01841        0.98540     1
   57143.773210       0.005215        0.20612        0.01725        0.97170     1
   57144.239613       0.005491        0.18342        0.01563        0.97845     1
   57144.701094       0.005113        0.20469        0.01753        0.97136     1
   57145.426382       0.005534        0.23796        0.01822        0.97532     1
   57145.699709       0.005810        0.23559        0.01725        0.98445     1
   57146.357678       0.006173        0.19772        0.01528        0.98099     1
   57146.765894       0.005621        0.21248        0.01660        0.98713     1
   57147.355299       0.006478        0.20338        0.01598        0.96860     1
   57147.725869       0.106762        0.18829        0.01646        0.04751     1
   57148.352665       0.005665        0.18081        0.01623        0.96221     1
   57148.760411       0.005534        0.19029        0.01613        0.95779     1
   57149.017403       0.006188        0.20406        0.01589        0.97655     1
   57150.026167       0.006435        0.17138        0.01406        0.97476     1
   57150.879257       0.005433        0.20141        0.01661        0.96996     1
   57151.513262       0.440180        0.19669        0.01093        0.02707     1
   57152.014834       0.005999        0.19751        0.01558        0.97359     1
   57152.681047       0.005679        0.17906        0.01524        0.97591     1
   57153.085039       0.007989        0.20437        0.01400        0.97447     1
   57153.547269       0.006202        0.19623        0.01539        0.96819     1
   57154.206137       0.005665        0.19990        0.01635        0.96704     1
   57154.542783       0.006522        0.21932        0.01558        0.98230     1
   57155.070840       0.005534        0.25850        0.01841        0.98462     1
   57155.604203       0.005476        0.22070        0.01752        0.94918     1
   57156.340917       0.006290        0.21382        0.01638        0.96564     1
   57156.539133       0.005955        0.21266        0.01657        0.97063     1
   57157.132195       0.005999        0.22519        0.01656        0.98362     1
   57157.797465       0.005999        0.18451        0.01514        0.97872     1
   57158.393366       0.002818        0.21834        0.02700        0.94500     1
   57158.862005       0.005345        0.18896        0.01612        0.98100     1
   57159.007408       0.005084        0.19255        0.01715        0.93492     1
   57159.542036       0.005854        0.15656        0.01423        0.98011     1
   57160.139776       0.006043        0.20449        0.01577        0.98330     1
   57160.805218       0.005883        0.21092        0.01625        0.97621     1
   57161.122231       0.004852        0.20104        0.01749        0.96831     1
   57161.589901       0.005897        0.20661        0.02494        0.95522     1
   57162.069284       0.005694        0.16246        0.01440        0.97517     1
   57162.535242       0.005679        0.18562        0.01532        0.98463     1
   57163.052773       0.005549        0.21516        0.01698        0.97162     1
   57163.585169       0.005767        0.23072        0.01725        0.97457     1
   57167.653905       0.003922        0.29564        0.02418        0.98424     1
   57168.186785       0.006943        0.30764        0.01822        0.97234     1
   57168.653193       0.006522        0.30162        0.01897        0.97162     1
   57169.043535       0.005723        0.29162        0.02067        0.97177     1
   57169.579778       0.005984        0.24056        0.03613        0.22990     1
   57170.103503       0.005476        0.25364        0.01849        0.97584     1
   57170.640680       0.005839        0.24372        0.01860        0.96074     1
   57171.234448       0.005781        0.18200        0.01937        0.96965     1
   57171.699572       0.005287        0.21827        0.01769        0.97281     1
   57172.032788       0.005403        0.22478        0.01754        0.96886     1
   57172.577681       0.006348        0.17402        0.01490        0.97275     1
   57173.429551       0.005868        0.18004        0.01522        0.95329     1
   57173.633588       0.008033        0.16549        0.01213        0.98519     1
   57174.026029       0.003820        0.17918        0.01870        0.98497     1
   57174.825761       0.005491        0.16057        0.01477        0.95567     1
   57175.025939       0.005955        0.17332        0.01472        0.98036     1
   57175.698013       0.012361        0.13832        0.01111        0.65646     1
   57176.023856       0.005955        0.16266        0.01424        0.97304     1
   57176.622544       0.005926        0.15441        0.01401        0.95854     1
   57177.029529       0.005854        0.15533        0.01411        0.97466     1
   57179.628288       0.005694        0.22774        0.01737        0.96066     1
   57180.548493       0.006391        0.23339        0.01661        0.98046     1
   57181.020939       0.006115        0.26289        0.01834        0.93619     1
   57181.546054       0.006725        0.30433        0.01840        0.96835     1
   57182.084107       0.007568        0.32737        0.01816        0.98104     1
   57182.549103       0.007800        0.28823        0.01653        0.96648     1
   57183.075764       0.005447        0.33408        0.02138        0.98128     1
   57183.549697       0.005854        0.33876        0.02068        0.96814     1
   57184.007742       0.005418        0.33803        0.02242        0.90864     1
   57184.548304       0.005839        0.31401        0.02076        0.96870     1
   57185.071879       0.005854        0.27801        0.01872        0.97467     1
   57185.938431       0.005984        0.32871        0.02065        0.96753     1
   57186.069981       0.005679        0.27433        0.01873        0.98163     1
   57186.610829       0.000305        0.43842        0.10768        0.89581     1
   57187.070539       0.005839        0.26193        0.01864        0.96841     1
   57187.612940       0.005781        0.22958        0.01717        0.97883     1
   57354.071291       0.068967        0.28714        0.02340        0.05586     1
   57358.981587       0.009369        0.28347        0.01474        0.97912     1
   57359.617538       0.037301        0.30974        0.01472        0.27536     1
   57360.686330       0.038638        0.35263        0.01690        0.29966     1
   57361.477213       0.045654        0.48058        0.02315        0.24072     1
   57362.273455       0.104293        0.35690        0.02610        0.05124     1
   57363.243469       0.069025        0.34457        0.01595        0.15248     1
   57364.335554       0.034556        0.36166        0.01512        0.33790     1
   57365.455108       0.035166        0.30576        0.01474        0.31329     1
   57366.294678       0.071262        0.28152        0.01440        0.13707     1
   57367.029789       0.007684        0.31754        0.01821        0.98109     1
   57369.374804       0.034135        0.25876        0.01592        0.24484     1
   57370.421187       0.059525        0.22708        0.01506        0.14122     1
   57371.292689       0.000349        0.34133       -1.00000        0.93249     1
   57377.806801       0.002905        0.29417        0.02747        0.98099     1
   57386.913544       0.004488        0.20330        0.01951        0.96573     1
   57388.789004       0.035282        0.19943        0.01856        0.27709     1
   57390.419107       0.069766        0.19232        0.01222        0.13528     1
   57392.487415       0.009776        0.18557        0.01189        0.97435     1
   57394.278540       0.003384        0.16814        0.01904        0.98423     1
   57396.950032       0.007597        0.21650        0.01472        0.97697     1
   57397.737262       0.073150        0.21737        0.01379        0.12682     1
   57400.333549       0.009471        0.21320        0.01321        0.96147     1
   57402.857053       0.138065        0.17568        0.01677        0.03350     1
   57404.095741       0.036866        0.18797        0.01241        0.24924     1
   57406.061290       0.006043        0.19533        0.01559        0.97742     1
   57408.404207       0.037418        0.17859        0.01177        0.25601     1
   57429.756398       0.037345        0.24503        0.01398        0.24228     1
   57432.237787       0.205942        0.21174        0.01404        0.03829     1
   57435.524867       0.102172        0.17643        0.01342        0.07217     1
   57441.642557       0.035921        0.17998        0.01383        0.18691     1
   57444.266860       0.137367        0.18027        0.01992        0.04481     1
   57447.210649       0.200437        0.22645        0.01776        0.03050     1
   57451.783213       0.001409        0.14954        0.02837        0.97599     1
   57453.906453       0.201134        0.19116        0.01600        0.02757     1
   57459.705645       0.006130        0.18195        0.01528        0.98104     1
   57462.116313       0.102419        0.24088        0.01388        0.08922     1
   57464.014446       0.005694        0.28159        0.01962        0.98228     1
   57468.901003       0.037156        0.23237        0.01400        0.22941     1
   57471.955560       0.036067        0.23965        0.01498        0.21351     1
   57475.308887       0.004968        0.28453        0.02067        0.97902     1
   57501.099816       0.004314        0.15236        0.02331        0.95939     1
   57507.942818       0.005040        0.16257        0.01575        0.95965     1
   57514.523282       0.004445        0.16041        0.01638        0.96725     1
   57522.966413       0.005781        0.19786        0.01636        0.96878     1
   57528.013637       0.004401        0.15914        0.01628        0.98747     1
   57535.255264       0.004401        0.18020        0.01916        0.96370     1
   57546.422663       0.005098        0.19625        0.01716        0.97209     1
   57552.941512       0.008425        0.31238        0.01807        0.96379     1
   57673.356811       0.073746        1.12265        0.03692        0.14673     1
   57676.380487       0.243113        0.66039        0.02570        0.04706     1
   57677.080295       0.005781        0.91209        0.03654        0.92793     0
   57678.408089       0.005781        0.89351        0.03585        0.92643     0
   57679.565041       0.032867        0.92244        0.02580        0.32486     0
   57680.788790       0.005639        1.29023        0.04352        0.94356     0
   57681.226314       0.033420        1.20677        0.03150        0.34008     0
   57682.093613       0.032037        0.96846        0.02598        0.34729     0
   57686.438990       0.006128        0.53663        0.02755        0.92776     0
   57687.564917       0.005203        0.71028        0.03307        0.93382     0
   57688.230693       0.004714        0.82843        0.04402        0.92263     0
   57689.429288       0.004022        0.86525        0.04213        0.93674     0
   57690.696641       0.006131        0.71182        0.03104        0.94195     0
   57691.748079       0.002604        0.70745        0.05956        0.92567     0
   57692.748107       0.006042        0.52217        0.03018        0.94301     0
   57694.608068       0.005119        0.79933        0.03706        0.96608     0
   57695.014489       0.005639        0.63364        0.03054        0.94869     0
   57696.141326       0.005897        0.63327        0.02824        0.94063     0
   57699.857891       0.005263        0.56725        0.03482        0.92578     0
   57700.071282       0.005781        0.73448        0.03889        0.91091     0
   57702.780962       0.004453        0.56971        0.03306        0.93070     0
   57703.846306       0.005058        0.57323        0.03127        0.90675     0
   57704.776657       0.005955        0.72154        0.03250        0.92080     0
   57705.836771       0.002080        0.77084        0.05768        0.90821     0
   57706.705017       0.005402        0.90403        0.03747        0.93305     0
   57709.963954       0.006183        1.38213        0.04014        0.95601     0
   57713.884668       0.005608        0.77351        0.03350        0.94995     0
   57715.742057       0.005842        0.86085        0.03483        0.94799     0
   57717.866366       0.005810        0.89487        0.03564        0.94970     0
   57719.865738       0.005090        1.29022        0.04551        0.94770     0
   57721.058223       0.005666        1.26489        0.04298        0.94178     0
   57723.323314       0.005839        1.04878        0.03678        0.94797     0
   57725.377632       0.004308        0.74006        0.04155        0.91296     0
   57727.703294       0.005694        0.53200        0.02604        0.95630     0
   57729.563745       0.006363        0.43898        0.02397        0.93133     0
   57731.817768       0.006534        0.44991        0.02378        0.94907     0
   57733.549845       0.005692        0.49462        0.02534        0.94306     0
   57735.939418       0.005026        0.38435        0.02574        0.93437     0
   57741.252679       0.005608        0.54763        0.02731        0.92931     0
   57743.977024       0.006276        0.92492        0.03516        0.93407     0
   57745.773503       0.005663        1.07750        0.04562        0.94021     0
   57747.961890       0.005466        0.69114        0.03255        0.93700     0
   57751.626782       0.132234        0.96235        0.03843        0.03783     0
   57753.346099       0.005770        1.01921        0.03935        0.93079     0
   57755.020070       0.005608        1.17581        0.03966        0.95046     0
   57757.939259       0.005868        0.89997        0.03421        0.94280     0
   57759.734862       0.004716        0.69644        0.03588        0.93742     0
   57763.793255       0.005350        0.66741        0.03225        0.94700     0
   57768.696407       0.005668        0.32582        0.02886        0.92802     0
   57770.698202       0.005744        0.43174        0.02676        0.92494     0
   57775.349861       0.005694        0.31767        0.02258        0.88059     0
   57777.600896       0.005336        0.46242        0.02702        0.94740     0
   57779.994632       0.005347        0.65327        0.04959        0.91991     0
   57781.781689       0.005804        0.76401        0.03349        0.93021     0
   57783.376501       0.005402        1.07410        0.04093        0.94376     0
   57786.370108       0.011568        1.74270        0.03327        0.95523     0
   57787.361621       0.005781        1.48259        0.04399        0.95495     0
   57788.259747       0.106548        1.37671        0.04276        0.05160     0
   57789.437460       0.004858        1.44407        0.04698        0.95354     0
   57791.081550       0.004543        1.52193        0.05012        0.94662     0
   57792.343878       0.069991        1.38589        0.03751        0.09610     0
   57797.368314       0.378215        1.52015        0.04427        0.01604     0
   57799.189188       0.005231        1.33794        0.04708        0.93584     0
   57799.595091       0.005608        1.24087        0.04120        0.94943     0
   57800.185420       0.005544        1.19426        0.04040        0.94572     0
   57801.249141       0.005495        1.13202        0.04186        0.92680     0
   57802.247816       0.007028        1.00751        0.03486        0.94524     0
   57803.310057       0.005897        0.83956        0.03516        0.93916     0
   57804.241264       0.006652        0.82833        0.03020        0.94824     0
   57805.303825       0.005868        0.77610        0.03393        0.91765     0
   57806.300612       0.005639        0.93125        0.03889        0.94972     0
   57807.297099       0.005666        0.98822        0.04578        0.92237     0
   57808.497215       0.209734        1.20097        0.04500        0.02375     0
   57809.290572       0.005923        0.98239        0.03753        0.94187     0
   57810.287509       0.005521        0.91092        0.03736        0.94078     0
   57811.295666       0.005726        0.85742        0.03360        0.93128     0
   57814.334207       0.000489        0.89439        0.12450        0.93870     0
   57815.264876       0.000399        0.71365        0.12664        0.91838     0
   57816.460591       0.000521        0.87905        0.12035        0.94064     0
   57817.932722       0.001270        0.80162        0.06835        0.96005     0
   57818.726293       0.005608        0.83348        0.03593        0.92518     0
   57819.519728       0.003845        0.81345        0.03909        0.96668     0
   57823.242964       0.005608        0.75088        0.03368        0.93395     0
   57824.639254       0.073249        0.53006        0.03206        0.08218     0
   57825.179098       0.005582        0.56914        0.02976        0.92017     0
   57826.377440       0.005891        0.45673        0.02975        0.90815     0
   57827.107900       0.005715        0.59916        0.03009        0.92203     0
   57828.173092       0.005775        0.70102        0.03038        0.93136     0
   57829.152941       0.006045        0.59530        0.02885        0.93346     0
   57830.216616       0.005394        0.58077        0.02926        0.92489     0
   57831.146381       0.005692        0.68199        0.03013        0.92984     0
   57832.143569       0.005000        0.70295        0.03301        0.92245     0
   57833.138957       0.005492        0.68297        0.03056        0.94468     0
   57834.135989       0.005639        0.58703        0.03031        0.91278     0
   57835.198904       0.005955        0.57407        0.02654        0.95335     0
   57836.195501       0.005871        0.65764        0.02877        0.93938     0
   57837.133558       0.006016        0.56758        0.02859        0.91775     0
   57838.187965       0.005749        0.49451        0.02707        0.93156     0
   57839.194768       0.005203        0.52510        0.02928        0.92047     0
   57840.221052       0.044123        0.51306        0.02678        0.12844     0
   57841.185956       0.005694        0.49572        0.02588        0.92429     0
   57842.174079       0.005752        0.50476        0.03228        0.91147     0
   57843.237159       0.005203        0.43749        0.02679        0.93270     0
   57845.628044       0.005330        0.40857        0.02579        0.92888     0
   57852.717108       0.037723        0.43141        0.01672        0.30212     1
   57857.191372       0.005842        0.53047        0.03422        0.92273     0
   57859.413404       0.036557        0.47266        0.02647        0.14720     0
   57861.127699       0.003530        0.59554        0.04186        0.81725     0
   57863.639294       0.004456        0.74216        0.15481        0.87876     0
   57865.559584       0.002891        0.37079        0.03390        0.89403     0
   57867.090262       0.005547        0.35517        0.02365        0.92384     0
   57869.611405       0.334421        0.28477        0.02173        0.01452     0
   57871.480897       0.006580        0.22885        0.01599        0.98415     1
   57873.070517       0.006566        0.26594        0.01758        0.97802     1
   57877.989299       0.006522        0.26596        0.01886        0.98229     1
   57879.710945       0.005723        0.34340        0.02112        0.97721     1
   57881.442787       0.005810        0.32528        0.02022        0.97526     1
   57883.066127       0.037330        0.31733        0.01920        0.16461     1
   57886.496483       0.266688        0.45856        0.02391        0.02255     1
   57887.027709       0.006319        0.45611        0.02323        0.98860     1
   57889.483550       0.006725        0.46964        0.02249        0.98289     1
   57894.225504       0.036270        0.47316        0.02452        0.15894     1
   57897.048760       0.005403        0.42377        0.02404        0.98160     1
   57899.375361       0.005810        0.36639        0.02131        0.97750     1
   57901.579333       0.006072        0.34998        0.02077        0.96665     1
   57905.024878       0.005665        0.38788        0.02292        0.96740     1
   57906.355359       0.134215        0.39490        0.02253        0.04384     1
   57909.347980       0.006188        0.31223        0.01915        0.97889     1
   57911.269105       0.005883        0.38961        0.02393        0.96311     1
   57913.261787       0.006231        0.39921        0.02182        0.97182     1
   57915.055449       0.006246        0.44598        0.02367        0.96869     1
   57917.387216       0.005839        0.31212        0.01975        0.98515     1
   58033.164462       0.005636        0.22494        0.01778        0.97057     1
   58036.255136       0.030939        0.20205        0.01764        0.14877     1
   58042.803363       0.006333        0.20822        0.01582        0.97596     1
   58045.128843       0.005868        0.24004        0.01758        0.96289     1
   58048.185223       0.005738        0.21974        0.01733        0.96462     1
   58051.962272       0.005781        0.24219        0.01759        0.98358     1
   58054.316513       0.035529        0.23946        0.01830        0.16064     1
   58057.873043       0.006086        0.22594        0.02178        0.97355     1
   58078.605291       0.005098        0.20361        0.02406        0.95719     1
   58084.188001       0.005723        0.19059        0.01556        0.98624     1
   58087.100510       0.005723        0.24279        0.01788        0.95730     1
   58090.288681       0.005752        0.19611        0.01657        0.96981     1
   58099.978924       0.000930        0.26809        0.04816        0.96211     1
   58116.010526       0.003341        0.22223        0.02325        0.89259     1
   58117.386674       0.136220        0.20852        0.01585        0.04436     1
   58124.904527       0.005854        0.23056        0.01723        0.97237     1
   58130.341204       0.005302        0.27304        0.03079        0.96763     1
   58133.333867       0.002237        0.23735        0.02790        0.97542     1
   58136.454450       0.003878        0.34361        0.02594        0.96330     1
   58139.440502       0.006014        0.34133        0.02028        0.99045     1
   58142.438739       0.002920        0.42479        0.03379        0.97174     1
   58146.347315       0.006144        0.44771        0.03703        0.95573     1
   58152.519182       0.000291        0.13177       -1.00000        0.99892     1
   58155.182000       0.005462        0.25205        0.01856        0.97060     1
   58158.068867       0.036677        0.29400        0.02506        0.13187     1
   58161.759945       0.003922        0.27235        0.02267        0.98154     1
   58167.613487       0.006609        0.26453        0.01708        0.98202     1
   58171.794479       0.005650        0.28636        0.02151        0.98702     1
   58174.178727       0.004706        0.18059        0.02486        0.97897     1
   58180.630485       0.006275        0.26682        0.01767        0.98569     1
   58183.026433       0.004096        0.28534        0.02246        0.98281     1
   58186.408068       0.006493        0.17482        0.01404        0.98164     1
   58188.201126       0.005796        0.19295        0.01573        0.96996     1
   58189.862633       0.006115        0.20905        0.02068        0.96695     1
   58191.262378       0.006333        0.19090        0.01476        0.99078     1
   58194.181354       0.006144        0.19194        0.01549        0.96707     1
   58195.644517       0.138108        0.22825        0.01643        0.04639     1
   58197.295709       0.005665        0.19132        0.01588        0.97474     1
   58199.483676       0.006566        0.17246        0.01387        0.98205     1
   58205.993287       0.004270        0.19574        0.01831        0.96953     1
   58206.398147       0.007364        0.18634        0.01370        0.97782     1
   58209.720580       0.003472        0.18356        0.01973        0.97918     1
   58212.449961       0.002092        0.15686        0.02464        0.95242     1
   58214.167565       0.006043        0.15609        0.01386        0.97870     1
   58215.633190       0.008454        0.13015        0.01204        0.96707     1
   58217.150976       0.005955        0.17074        0.01510        0.96601     1
   58220.140906       0.006319        0.22670        0.01698        0.97243     1
   58221.101410       0.035994        0.27114        0.01668        0.20438     1
   58223.129213       0.005505        0.17490        0.01531        0.97672     1
   58225.323022       0.000247        0.46081       -1.00000        0.89635     1
   58226.521154       0.009369        0.15676        0.01120        0.97948     1
   58227.284631       0.102143        0.17624        0.01070        0.11073     1
   58228.684484       0.034948        0.17532        0.01078        0.31988     1
   58229.639161       0.071930        0.15742        0.01028        0.15324     1
   58233.925508       0.037665        0.17726        0.00982        0.35065     1
   58234.790970       0.038158        0.15275        0.01179        0.28428     1
   58235.186384       0.034425        0.16858        0.01055        0.32824     1
   58236.445226       0.435299        0.17532        0.01062        0.02601     1
   58237.177385       0.034382        0.16492        0.01054        0.31189     1
   58238.110685       0.033060        0.18373        0.01107        0.34728     1
   58246.108776       0.007205        0.20036        0.01432        0.98395     1
   58249.038725       0.006086        0.16750        0.01422        0.96659     1
   58252.746829       0.002920        0.25995        0.02629        0.97182     1
   58255.404738       0.270261        0.27537        0.01695        0.02549     1
   58261.381685       0.005781        0.30987        0.01985        0.97685     1
   58264.574075       0.005738        0.30044        0.02012        0.97694     1
   58267.035316       0.005621        0.26350        0.01880        0.98411     1
   58270.484420       0.005113        0.26680        0.01968        0.97986     1
   58276.267434       0.133228        0.25119        0.01542        0.05776     1
   58280.247423       0.005999        0.29240        0.02007        0.97815     1
   58282.244963       0.070986        0.25824        0.01608        0.10245     1
   58387.581250       0.006188        0.36477        0.02090        0.97653     1
   58390.106479       0.005984        0.31321        0.01977        0.98029     1
   58393.314492       0.036183        0.36948        0.02219        0.15702     1
   58397.808030       0.006522        0.33239        0.01954        0.97935     1
   58402.775589       0.005650        0.35212        0.02172        0.97693     1
   58405.108038       0.005825        0.37627        0.02534        0.96627     1
   58408.757386       0.005781        0.43111        0.02348        0.96221     1
   58411.810118       0.003065        0.29222        0.04280        0.97262     1
   58414.007742       0.005418        0.35950        0.02268        0.93520     1
   58417.856758       0.005694        0.36232        0.02159        0.97680     1
   58420.042810       0.005752        0.39658        0.02254        0.97722     1
   58424.830792       0.005999        0.35859        0.02883        0.96643     1
   58426.690179       0.003457        0.32057        0.02722        0.98212     1
   58429.543862       0.003341        0.21639        0.02202        0.97962     1
   58433.458950       0.005621        0.28834        0.02022        0.96909     1
   58436.447549       0.005229        0.40472        0.03031        0.96396     1
   58446.939669       0.006115        0.24930        0.01736        0.97608     1
   58454.313053       0.005694        0.23149        0.01781        0.97228     1
   58458.434678       0.005592        0.25339        0.01848        0.98251     1
   58462.746455       0.005592        0.26175        0.01864        0.99183     1
   58466.462279       0.005752        0.26622        0.01850        0.97956     1
   58468.520505       0.005883        0.33160        0.02989        0.98046     1
   58474.698235       0.005215        0.28165        0.02105        0.98333     1
   58479.825195       0.006043        0.33342        0.02216        0.96887     1
   58482.801663       0.005941        0.35645        0.02167        0.98739     1
   58486.866777       0.005418        0.32209        0.02115        0.97851     1
   58490.241361       0.005854        0.27988        0.02013        0.98037     1
   58494.029933       0.005433        0.33275        0.02189        0.96473     1
   58515.343240       0.006043        0.23556        0.01735        0.97971     1
   58524.310606       0.006014        0.27585        0.01821        0.98031     1
   58534.608850       0.005723        0.31877        0.02064        0.98734     1
   58536.934175       0.006086        0.22542        0.01849        0.96696     1
   58538.721709       0.205303        0.27609        0.02010        0.02952     1
   58540.081344       0.030460        0.29592        0.01871        0.20511     1
   58541.984772       0.006173        0.29772        0.01901        0.96866     1
   58542.115395       0.006086        0.29782        0.01921        0.96620     1
   58544.430119       0.005984        0.29599        0.01939        0.98105     1
   58548.091142       0.006057        0.35251        0.02102        0.97943     1
   58551.265970       0.006202        0.38254        0.02230        0.96480     1
   58552.338018       0.006406        0.32819        0.01933        0.98009     1
   58554.923168       0.005999        0.36823        0.02163        0.96853     1
   58556.177675       0.002862        0.47899        0.03485        0.99315     1
   58561.425840       0.006072        0.33283        0.02014        0.98272     1
   58569.272759       0.006333        0.23112        0.01648        0.97369     1
   58572.347556       0.632962        0.29181        0.01893        0.00952     1
   58577.030028       0.003995        0.28276        0.02269        0.99352     1
   58579.594325       0.039684        0.28192        0.02245        0.10147     1
   58581.758739       0.005839        0.29883        0.01955        0.97571     1
   58583.616409       0.004895        0.27233        0.02020        0.98803     1
   58585.268248       0.006043        0.26752        0.01840        0.97869     1
   58589.994536       0.005418        0.21580        0.01733        0.97814     1
   58591.685113       0.177356        0.23287        0.01486        0.04411     1
   58593.641092       0.006086        0.23110        0.01675        0.97555     1
   58595.368295       0.006682        0.27561        0.01750        0.96371     1
   58597.286340       0.005970        0.30114        0.01941        0.98536     1
   58599.804339       0.000654        0.32913        0.06112        0.97778     1
   58601.148853       0.005302        0.28933        0.02600        0.98367     1
   58603.807798       0.000508        0.36821        0.07428        0.94059     1
   58607.921018       0.003268        0.24938        0.02559        0.95197     1
   58618.605093       0.005984        0.26584        0.01808        0.98247     1
   58622.460863       0.006464        0.28157        0.01828        0.98143     1
   58624.908115       0.004372        0.33082        0.02328        0.98699     1
   58626.240477       0.006028        0.34724        0.02346        0.96880     1
   58628.430263       0.005839        0.47209        0.02420        0.98561     1
   58630.291241       0.005970        0.40638        0.02256        0.98065     1
   58632.020332       0.006043        0.46098        0.02389        0.97658     1
   58636.895668       0.037635        0.52665        0.02391        0.17995     1
   58638.529106       0.005592        0.45581        0.02461        0.98130     1
   58643.573654       0.003704        0.39479        0.02819        0.97285     1
   58645.899141       0.005694        0.36580        0.02169        0.98903     1
   58647.964381       0.006420        0.38487        0.02112        0.97903     1
   58749.218126       0.138776        0.18797        0.01458        0.04647     1
   58753.671338       0.004329        0.22252        0.02061        0.98650     1
   58757.531861       0.000479        0.17611        0.05624        0.92573     1
   58761.574494       0.006043        0.20093        0.01586        0.96435     1
   58765.219213       0.005084        0.17891        0.01719        0.97515     1
   58769.796716       0.006028        0.16374        0.01417        0.97544     1
   58773.586193       0.071276        0.17068        0.01848        0.05238     1
   58776.634627       0.004910        0.19937        0.01729        0.98210     1
   58781.885189       0.005040        0.16764        0.02804        0.96803     1
   58785.678467       0.004852        0.19621        0.01716        0.97942     1
   58793.254311       0.000508        0.27516        0.06349        0.97036     1
   58797.964352       0.005752        0.18908        0.01637        0.98437     1
   58801.680412       0.004285        0.24255        0.02726        0.97104     1
   58813.299082       0.005055        0.18468        0.01639        0.97600     1
   58815.877056       0.004881        0.16102        0.01599        0.96185     1
   58819.467062       0.005854        0.17959        0.01499        0.97785     1
   58823.583291       0.005534        0.14535        0.01431        0.98688     1
   58825.710188       0.005040        0.14999        0.01477        0.97968     1
   58827.762188       0.004445        0.16801        0.01675        0.98299     1
   58829.423297       0.005825        0.16486        0.01425        0.99201     1
   58830.889302       0.005825        0.19376        0.01573        0.98267     1
   58837.868836       0.003384        0.17770        0.01953        0.98413     1
   58845.106774       0.005621        0.28889        0.01967        0.98342     1
   58847.828507       0.006188        0.27000        0.01820        0.98255     1
   58849.019294       0.005694        0.20784        0.01706        0.97261     1
   58853.927325       0.004619        0.25578        0.02041        0.97665     1
   58854.860624       0.006043        0.20724        0.01637        0.97850     1
   58855.730808       0.005970        0.22459        0.01646        0.98535     1
   58856.713800       0.005621        0.22323        0.01772        0.96907     1
   58857.052535       0.000218        0.49502       -1.00000        0.94567     1
   58858.509076       0.005462        0.23019        0.01754        0.97555     1
   58861.893676       0.006290        0.20983        0.01561        0.98803     1
   58862.496288       0.005781        0.20227        0.01633        0.99276     1
   58869.394401       0.006246        0.25341        0.01735        0.97440     1
   58870.320501       0.002411        0.22779        0.02638        0.96488     1
   58871.982655       0.004808        0.23636        0.01893        0.97556     1
   58879.683140       0.136292        0.27355        0.02221        0.04273     1
   58883.477819       0.006173        0.33156        0.02070        0.98330     1
   58892.269321       0.101489        0.24352        0.01784        0.05593     1
   58894.700666       0.003486        0.40529        0.03863        0.98468     1
   58898.689890       0.005200        0.38411        0.02328        0.99133     1
   58900.274773       0.006464        0.31775        0.01977        0.98446     1
   58902.007059       0.004735        0.25753        0.02146        0.92843     1
   58908.519253       0.005040        0.20961        0.01799        0.98300     1
   58910.243071       0.002760        0.30747        0.02893        0.97438     1
   58912.231678       0.005810        0.24087        0.01785        0.97510     1
   58918.940409       0.005374        0.24936        0.01928        0.98097     1
   58920.387622       0.006101        0.28384        0.01867        0.97997     1
   58945.297677       0.005084        0.54124        0.02855        0.98063     1
   58948.285430       0.001365        0.61823        0.05859        0.98095     1
   58951.008466       0.006769        0.47097        0.02272        0.97577     1
   58954.260658       0.008091        0.60046        0.02338        0.97136     1
   58957.642119       0.006478        0.70712        0.03704        0.97332     1
   58960.301596       0.005345        1.11444        0.05201        0.97867     1
   58961.302888       0.005433        0.92020        0.04638        0.97884     1
   58962.351923       0.005694        0.89330        0.04538        0.97993     1
   58963.019038       0.001461        1.53165        0.42379        0.82970     0
   58964.884457       0.005781        1.02502        0.05890        0.89339     0
   58965.678906       0.006505        1.22876        0.04032        0.92571     0
   58967.731984       0.006215        1.09772        0.03865        0.93529     0
   58972.654958       0.005433        0.89820        0.04613        0.97753     1
   58973.518051       0.005549        0.91630        0.04531        0.96622     1
   58974.181378       0.005389        1.09957        0.05120        0.97564     1
   58976.175646       0.002818        0.96806        0.06728        0.95513     1
   58977.027465       0.005127        0.79200        0.06184        0.97967     1
   58978.023258       0.005142        0.61858        0.04281        0.96610     1
   58980.685158       0.003007        0.78705        0.05679        0.96734     1
   58982.609816       0.005839        0.83683        0.04616        0.83133     1
   58983.528023       0.003922        0.60578        0.03390        0.97172     1
   58984.760548       0.238043        0.59121        0.02273        0.03528     1
   58985.591064       0.005433        0.57161        0.02819        0.98317     1
   58986.914545       0.004154        0.58619        0.03219        0.98244     1
   58986.984448       0.005098        0.57996        0.02870        0.98263     1
   58990.304339       0.003980        0.52245        0.03228        0.96864     1
   58991.038313       0.005389        0.60316        0.02874        0.98619     1
   58992.365248       0.004866        0.55498        0.02899        0.98831     1
   58993.090170       0.004256        0.53788        0.03020        0.98723     1
   58994.300243       0.005287        0.32486        0.02109        0.99358     1
   58995.091098       0.004721        0.31342        0.02199        0.97867     1
   58998.937703       0.005316        0.27007        0.01948        0.97239     1
   58999.929315       0.005403        0.26565        0.01910        0.97353     1
   59000.138324       0.005403        0.24285        0.01854        0.96775     1
   59001.457808       0.004692        0.33871        0.02284        0.97846     1
   59002.130010       0.005403        0.34951        0.02207        0.97616     1
   59003.189034       0.005374        0.43273        0.02400        0.98617     1
   59003.258484       0.005389        0.41636        0.02343        0.99073     1
   59004.853943       0.006435        0.40243        0.02115        0.98637     1
   59005.377314       0.006014        0.39386        0.02240        0.97627     1
   59006.708349       0.005534        0.38853        0.02299        0.97665     1
   59007.964089       0.005999        0.38130        0.02149        0.97334     1
   59008.703773       0.006609        0.29810        0.01963        0.95568     1
   59010.021358       0.005723        0.39156        0.02235        0.97741     1
   59011.825449       0.005084        0.38886        0.02373        0.97943     1
   59012.624543       0.005316        0.42053        0.02396        0.97837     1
   59112.792595       0.005287        0.13801        0.01400        0.98023     1
   59114.388193       0.004837        0.17027        0.01612        0.97030     1
   59116.112307       0.005055        0.14242        0.01440        0.97127     1
   59118.438133       0.002832        0.17523        0.02602        0.97566     1
   59120.297321       0.002673        0.13826        0.02144        0.96327     1
   59122.854476       0.029516        0.17723        0.01544        0.18205     1
   59124.875164       0.004677        0.18538        0.01747        0.97842     1
   59126.637022       0.036575        0.14165        0.01038        0.27078     1
   59129.792023       0.009340        0.16022        0.01134        0.97906     1
   59132.053289       0.008483        0.12602        0.01068        0.97742     1
   59135.840477       0.005345        0.19213        0.01724        0.96468     1
   59138.159679       0.006987        0.15935        0.01305        0.97927     1
   59141.876108       0.009282        0.16147        0.01131        0.97893     1
   59144.473967       0.130874        0.19077        0.01804        0.03553     1
   59147.690674       0.037098        0.17109        0.01060        0.29821     1
   59150.607044       0.106123        0.14450        0.01310        0.06214     1
   59153.696263       0.007858        0.28766        0.01735        0.99039     1
   59156.117954       0.108418        0.31207        0.01778        0.10116     1
   59162.930261       0.005839        0.25953        0.02167        0.97518     1
   59165.280684       0.038028        0.27598        0.01516        0.27875     1
   59168.645907       0.001307        0.28142        0.06212        0.92889     1
   59172.949775       0.008541        0.22581        0.01686        0.97965     1
   59176.065954       0.008309        0.16308        0.01528        0.96628     1
   59180.786698       0.007728        0.15284        0.02259        0.96272     1
   59184.837403       0.005607        0.17735        0.02310        0.96582     1
   59196.512858       0.005767        0.21134        0.01648        0.97877     1
   59204.818620       0.006086        0.24347        0.01754        0.98560     1
   59208.730584       0.137454        0.22070        0.01834        0.03455     1
   59217.724342       0.174233        0.42095        0.01893        0.04967     1
   59220.480378       0.398768        0.34827        0.01772        0.02030     1
   59224.657705       0.007539        0.28839        0.01725        0.98034     1
   59229.768145       0.006856        0.29859        0.01817        0.97883     1
   59235.912475       0.042371        0.26999        0.01673        0.16595     1
   59239.399583       0.008715        0.22862        0.02200        0.96642     1
   59244.706311       0.005462        0.42131        0.03004        0.96744     1
   59248.489461       0.269549        0.29178        0.01852        0.02791     1
   59249.288171       0.004852        0.29512        0.02135        0.97534     1
   59251.547138       0.007016        0.27995        0.01731        0.96286     1
   59258.260601       0.008120        0.26495        0.01610        0.96178     1
   59267.747222       0.006217        0.23524        0.01657        0.97894     1
   59272.956133       0.039684        0.27506        0.01660        0.18621     1
   59275.471797       0.169149        0.28860        0.01753        0.03973     1
   59279.572509       0.003167        0.32989        0.02774        0.97803     1
   59284.463978       0.003355        0.31902        0.02642        0.97919     1
   59288.350849       0.438727        0.30011        0.01727        0.01742     1
   59292.631028       0.005069        0.31389        0.02201        0.97450     1
   59295.189544       0.107648        0.26423        0.01773        0.05793     1
   59304.614738       0.038028        0.27919        0.01808        0.16166     1
   59306.141346       0.103087        0.31225        0.01881        0.06198     1
   59311.555848       0.401077        0.27818        0.02464        0.00845     1
   59315.333701       0.136423        0.26733        0.01742        0.04683     1
   59319.486285       0.100487        0.25095        0.01769        0.05829     1
   59323.104316       0.008846        0.27191        0.01516        0.98321     1
   59327.081297       0.070071        0.25664        0.01636        0.09868     1
   59332.659836       0.135276        0.17899        0.01826        0.03484     1
   59335.542920       0.102913        0.25036        0.01958        0.04604     1
   59339.264591       0.236068        0.22775        0.01644        0.02964     1
   59343.548379       0.008381        0.18647        0.01417        0.96946     1
   59347.331388       0.074036        0.20327        0.01721        0.08466     1
   59350.249489       0.000494        0.18852        0.05229        0.98688     1
   59354.929311       0.038042        0.20872        0.01471        0.17960     1
   59357.117489       0.036648        0.23957        0.01643        0.20124     1
   59361.877994       0.007945        0.25073        0.01549        0.96967     1
   59365.858742       0.007902        0.22643        0.01448        0.97390     1
   59370.164862       0.203168        0.29568        0.01871        0.03401     1
   59373.213344       0.203313        0.26739        0.01507        0.04229     1
   59377.331632       0.400961        0.24187        0.02267        0.01455     1
   59480.676316       0.008367        0.15646        0.04762        0.96295     1
   59484.456177       0.007684        0.27680        0.01639        0.97919     1
   59492.884455       0.007858        0.32171        0.02312        0.96841     1
   59496.208623       0.009412        0.29621        0.01944        0.97466     1
   59500.853301       0.007771        0.22391        0.01462        0.98123     1
   59513.729876       0.007626        0.19188        0.01539        0.97146     1
   59519.576666       0.008018        0.35827        0.02260        0.96181     1
   59522.750764       0.008192        0.25157        0.01506        0.97587     1
   59525.737298       0.007815        0.24112        0.01597        0.95524     1
   59528.458360       0.007582        0.24487        0.01548        0.97104     1
   59530.449072       0.007873        0.30197        0.01692        0.98341     1
   59550.496183       0.005171        0.22038        0.02027        0.97422     1
   59554.539421       0.007757        0.17327        0.01290        0.97706     1
   59556.997098       0.002891        0.14814        0.02213        0.96149     1
   59557.464595       0.072874        0.18134        0.01566        0.07667     1
   59558.464698       0.462375        0.21012        0.01344        0.01818     1
   59560.985102       0.008628        0.15152        0.02356        0.22768     1
   59562.550921       0.302536        0.18299        0.01273        0.02698     1
   59564.266681       0.236068        0.18884        0.01271        0.03715     1
   59566.461687       0.372317        0.15772        0.01205        0.02125     1
   59567.878078       0.005955        0.16649        0.01451        0.97099     1
   59573.751146       0.101620        0.17901        0.01423        0.07349     1
   59576.646803       0.138602        0.17271        0.01398        0.04583     1
   59579.624324       0.004793        0.19013        0.01697        0.98162     1
   59582.476907       0.007088        0.19598        0.01434        0.98349     1
   59585.993996       0.005984        0.26002        0.01777        0.97883     1
   59588.514548       0.007684        0.23605        0.01538        0.97366     1
   59594.487597       0.202659        0.28622        0.01866        0.04788     1
   59629.523706       0.008221        0.30759        0.01674        0.97738     1
   59638.885777       0.007277        0.24222        0.01585        0.97616     1
   59642.735268       0.007757        0.23104        0.01546        0.97173     1
   59646.337584       0.038057        0.23515        0.01288        0.27346     1
   59650.322613       0.305151        0.22332        0.01418        0.02661     1
   59654.609028       0.006231        0.20767        0.01582        0.95821     1
   59658.186608       0.005694        0.16183        0.01589        0.81144     1
   59660.883491       0.038725        0.19634        0.01289        0.24669     1
   59662.502431       0.077406        0.20563        0.01403        0.09870     1
   59666.281229       0.006275        0.18676        0.01479        0.96339     1
   59668.132097       0.068560        0.20600        0.01481        0.10147     1
   59670.523665       0.006885        0.25758        0.01688        0.97296     1
   59672.719832       0.007219        0.31293        0.01933        0.96935     1
   59674.336306       0.235923        0.23683        0.01398        0.04066     1
   59676.224102       0.134913        0.22724        0.01752        0.04565     1
   59678.084130       0.006144        0.25545        0.01781        0.97907     1
   59682.134072       0.005505        0.19980        0.01622        0.97418     1
   59691.019794       0.007263        0.23720        0.02470        0.95225     1
   59693.847430       0.371300        0.23041        0.01309        0.02607     1
   59697.983321       0.006217        0.22595        0.01660        0.96919     1
   59700.877498       0.095418        0.24635        0.01531        0.09093     1
   59703.354426       0.005273        0.23150        0.01808        0.96157     1
   59705.280632       0.138079        0.23758        0.01454        0.05982     1
   59709.470544       0.205129        0.21548        0.01384        0.04048     1
   59712.114803       0.007393        0.21906        0.01498        0.98019     1
   59715.100299       0.006609        0.18430        0.02188        0.97781     1
   59732.481954       0.006914        0.18687        0.01393        0.97974     1
   59736.661172       0.007524        0.27094        0.01667        0.95508     1
   59738.507619       0.006943        0.18189        0.02108        0.96099     1
   59741.425402       0.007219        0.26103        0.01620        0.97627     1
   59744.608838       0.007132        0.21496        0.01506        0.97980     1
   59846.587334       0.400859        0.15383        0.01232        0.02128     1
   59849.465757       0.232131        0.15893        0.01051        0.04472     1
   59852.025304       0.008686        0.18097        0.01242        0.98650     1
   59854.739121       0.002542        0.16626        0.03106        0.96622     1
   59856.462733       0.269200        0.13079        0.01100        0.03074     1
   59858.189729       0.008149        0.16422        0.01214        0.96785     1
   59860.046838       0.007292        0.15673        0.01280        0.97193     1
   59862.093572       0.007786        0.12191        0.01144        0.97891     1
   59864.678792       0.007974        0.15705        0.01228        0.97813     1
   59868.798416       0.007800        0.13929        0.01214        0.97937     1
   59874.024461       0.007466        0.14791        0.01338        0.93337     1
   59876.538642       0.004038        0.14526        0.01654        0.97330     1
   59879.626638       0.299675        0.14556        0.01332        0.01983     1
   59881.057336       0.007205        0.16305        0.01353        0.97924     1
   59883.112074       0.006653        0.12901        0.01220        0.96242     1
   59885.226410       0.008294        0.15099        0.01172        0.96964     1
   59887.079776       0.007030        0.15347        0.01273        0.97523     1
   59889.503630       0.238711        0.14022        0.01049        0.03935     1
   59891.859001       0.006260        0.13536        0.01344        0.98183     1
   59893.779423       0.076142        0.14798        0.01024        0.13491     1
   59900.796622       0.005462        0.16176        0.01490        0.97351     1
   59903.987666       0.005374        0.19846        0.01656        0.97608     1
   59906.500622       0.463217        0.20211        0.01389        0.01718     1
   59909.671521       0.004852        0.26546        0.02007        0.97665     1
   59912.067166       0.005738        0.27751        0.01912        0.97981     1
   59915.371804       0.003181        0.30212        0.02780        0.97792     1
   59918.883626       0.005258        0.27507        0.02022        0.98118     1
   59921.934832       0.004735        0.27007        0.02052        0.98790     1
   59927.711852       0.004764        0.25591        0.02096        0.96028     1
   59929.987881       0.368351        0.26254        0.01494        0.03015     1
   59936.412503       0.104148        0.26219        0.01601        0.07250     1
   59939.357768       0.007437        0.24074        0.01597        0.97461     1
   59942.813949       0.003384        0.26279        0.02376        0.97472     1
   59945.595287       0.007466        0.22333        0.01491        0.97252     1
   59948.842838       0.005011        0.17121        0.02036        0.97101     1
   59951.016330       0.007263        0.22139        0.02026        0.92954     1
   59955.790550       0.135145        0.19462        0.02067        0.05577     1
   59956.587609       0.004750        0.16394        0.01901        0.96430     1
   59960.958421       0.002673        0.13603        0.02059        0.98147     1
   59963.673496       0.002876        0.20681        0.03549        0.97257     1
   59984.831703       0.034222        0.13176        0.01206        0.19392     1
   59987.323112       0.007423        0.17157        0.01331        0.95840     1
   59990.633111       0.206465        0.13269        0.01099        0.04706     1
   59992.880782       0.005316        0.13690        0.01388        0.97030     1
   59996.522432       0.008076        0.15038        0.01183        0.95836     1
   59998.699332       0.007611        0.14311        0.01190        0.96954     1
   60000.892679       0.006580        0.15101        0.01315        0.98197     1
   60002.946459       0.007684        0.12651        0.01108        0.97890     1
   60003.309788       0.040206        0.12928        0.01128        0.19319     1
   60004.391569       0.006275        0.12494        0.01272        0.97346     1
   60005.385783       0.007234        0.12789        0.01175        0.96586     1
   60009.693279       0.137251        0.13134        0.00994        0.07182     1
   60011.416893       0.008076        0.13044        0.01104        0.96922     1
   60016.516308       0.005127        0.18225        0.01700        0.99150     1
   60019.495481       0.262127        0.17003        0.01296        0.02852     1
   60021.344531       0.006812        0.17361        0.01488        0.94845     1
   60023.728611       0.007495        0.13956        0.01202        0.97320     1
   60025.217250       0.111904        0.16011        0.01446        0.04885     1
   60027.502197       0.007510        0.15337        0.01670        0.96529     1
   60030.218334       0.007974        0.14352        0.01156        0.97524     1
   60032.590474       0.007423        0.11651        0.01095        0.97994     1
   60037.120062       0.167420        0.14413        0.01035        0.05828     1
   60039.811462       0.007945        0.14706        0.01188        0.97794     1
   60042.183638       0.008686        0.15944        0.01180        0.97144     1
   60045.897481       0.008062        0.16147        0.01224        0.97118     1
   60051.305113       0.001104        0.19587        0.03919        0.92590     1
   60054.365925       0.006943        0.14262        0.01245        0.97051     1
   60057.333587       0.000407        0.16733        0.05578        0.94075     1
   60066.174805       0.038376        0.18093        0.01256        0.22373     1
   60069.306176       0.268126        0.16687        0.01238        0.02920     1
   60072.491572       0.007713        0.16471        0.01269        0.97886     1
   60075.325748       0.007539        0.16625        0.01278        0.97660     1
   60078.500770       0.007524        0.15354        0.01251        0.97078     1
   60081.485851       0.007887        0.13745        0.01138        0.96317     1
   60084.981022       0.007161        0.15019        0.01241        0.96631     1
   60091.923848       0.007364        0.13850        0.01242        0.95248     1
   60093.113533       0.007263        0.13380        0.01315        0.95784     1
   60096.458908       0.365330        0.15277        0.00690        0.06576     1
   60099.398049       0.340825        0.13153        0.00986        0.03132     1
   60102.499832       0.395964        0.17058        0.01408        0.01565     1
   60105.081809       0.598725        0.17875        0.00958        0.02499     1
   60108.594877       0.007858        0.17864        0.01308        0.97171     1
   60109.308844       0.005374        0.15533        0.01487        0.95936     1
   60110.301184       0.005839        0.18771        0.01577        0.97470     1
