61181.50  3.50  1.20e-07  0.00e+00    0.00    0.00
61188.50  3.50  7.42e-08  0.00e+00    0.00    0.00
61202.50  3.50  3.63e-08  0.00e+00    0.00    0.00
61209.50  3.50  7.53e-08  0.00e+00    0.00    0.00
61237.50  3.50  5.58e-08  0.00e+00    0.00    0.00
61244.50  3.50  9.81e-08  0.00e+00    0.00    0.00
61251.50  3.50  7.14e-08  0.00e+00    0.00    0.00
61258.50  3.50  2.10e-06  0.00e+00    0.00    0.00
61265.50  3.50  1.07e-07  0.00e+00    0.00    0.00
61272.50  3.50  4.22e-08  0.00e+00    0.00    0.00
61279.50  3.50  1.87e-08  0.00e+00    0.00    0.00
61286.50  3.50  4.18e-08  0.00e+00    0.00    0.00
61293.50  3.50  1.48e-08  0.00e+00    0.00    0.00
61300.50  3.50  3.17e-08  0.00e+00    0.00    0.00
