58672.50  0.50  1.07e-07  0.00e+00    0.00    0.00
58762.50  0.50  1.63e-07  0.00e+00    0.00    0.00
58799.50  0.50  8.55e-08  0.00e+00    0.00    0.00
58820.50  0.50  1.07e-07  0.00e+00    0.00    0.00
58835.50  0.50  1.53e-07  0.00e+00    0.00    0.00
58879.50  0.50  1.20e-07  0.00e+00    0.00    0.00
58954.50  0.50  6.80e-08  0.00e+00    0.00    0.00
59038.50  0.50  8.64e-08  0.00e+00    0.00    0.00
59130.50  0.50  1.65e-07  0.00e+00    0.00    0.00
59137.50  0.50  8.82e-08  0.00e+00    0.00    0.00
59214.50  0.50  1.34e-07  0.00e+00    0.00    0.00
59269.50  0.50  3.97e-07  0.00e+00    0.00    0.00
59279.50  0.50  2.76e-07  0.00e+00    0.00    0.00
59351.50  0.50  3.33e-07  0.00e+00    0.00    0.00
59360.50  0.50  3.31e-07  0.00e+00    0.00    0.00
59482.50  0.50  7.30e-08  0.00e+00    0.00    0.00
59498.50  0.50  4.79e-08  0.00e+00    0.00    0.00
59539.50  0.50  2.05e-07  0.00e+00    0.00    0.00
59548.50  0.50  3.52e-07  0.00e+00    0.00    0.00
59574.50  0.50  2.48e-07  0.00e+00    0.00    0.00
59635.50  0.50  6.53e-08  0.00e+00    0.00    0.00
59719.50  0.50  1.17e-07  0.00e+00    0.00    0.00
59763.50  0.50  8.38e-08  0.00e+00    0.00    0.00
59835.50  0.50  4.27e-07  0.00e+00    0.00    0.00
59848.50  0.50  2.95e-07  0.00e+00    0.00    0.00
59862.50  0.50  1.65e-07  0.00e+00    0.00    0.00
59885.50  0.50  3.52e-07  0.00e+00    0.00    0.00
59897.50  0.50  6.57e-08  0.00e+00    0.00    0.00
59901.50  0.50  1.37e-07  0.00e+00    0.00    0.00
59999.50  0.50  3.92e-07  0.00e+00    0.00    0.00
60010.50  0.50  1.38e-07  0.00e+00    0.00    0.00
60026.50  0.50  4.03e-08  0.00e+00    0.00    0.00
60066.50  0.50  6.23e-08  0.00e+00    0.00    0.00
60077.50  0.50  9.46e-08  0.00e+00    0.00    0.00
60094.50  0.50  5.83e-08  0.00e+00    0.00    0.00
60160.50  0.50  1.72e-07  0.00e+00    0.00    0.00
60223.50  0.50  9.43e-08  0.00e+00    0.00    0.00
60260.50  0.50  1.47e-07  0.00e+00    0.00    0.00
60479.50  0.50  2.30e-07  0.00e+00    0.00    0.00
60501.50  0.50  1.06e-07  0.00e+00    0.00    0.00
60515.50  0.50  3.57e-07  0.00e+00    0.00    0.00
60520.50  0.50  1.18e-06  0.00e+00    0.00    0.00
60526.50  0.50  1.78e-05  0.00e+00    0.00    0.00
60528.50  0.50  2.25e-07  0.00e+00    0.00    0.00
60529.50  0.50  4.16e-07  0.00e+00    0.00    0.00
60573.50  0.50  3.20e-07  0.00e+00    0.00    0.00
60594.50  0.50  1.48e-07  0.00e+00    0.00    0.00
60615.50  0.50  2.60e-07  0.00e+00    0.00    0.00
60647.50  0.50  1.59e-07  0.00e+00    0.00    0.00
60656.50  0.50  6.95e-08  0.00e+00    0.00    0.00
60722.50  0.50  8.14e-08  0.00e+00    0.00    0.00
60738.50  0.50  5.29e-07  0.00e+00    0.00    0.00
60769.50  0.50  6.61e-08  0.00e+00    0.00    0.00
60798.50  0.50  1.39e-07  0.00e+00    0.00    0.00
60806.50  0.50  5.45e-08  0.00e+00    0.00    0.00
60810.50  0.50  1.28e-07  0.00e+00    0.00    0.00
60816.50  0.50  2.91e-07  0.00e+00    0.00    0.00
60817.50  0.50  5.86e-08  0.00e+00    0.00    0.00
60822.50  0.50  6.94e-08  0.00e+00    0.00    0.00
60831.50  0.50  2.91e-07  0.00e+00    0.00    0.00
60840.50  0.50  1.75e-05  0.00e+00    0.00    0.00
60847.50  0.50  1.55e-07  0.00e+00    0.00    0.00
60849.50  0.50  1.06e-07  0.00e+00    0.00    0.00
60854.50  0.50  2.85e-07  0.00e+00    0.00    0.00
60859.50  0.50  9.86e-08  0.00e+00    0.00    0.00
60908.50  0.50  4.09e-07  0.00e+00    0.00    0.00
60936.50  0.50  9.26e-08  0.00e+00    0.00    0.00
60942.50  0.50  1.06e-07  0.00e+00    0.00    0.00
60972.50  0.50  1.69e-07  0.00e+00    0.00    0.00
60987.50  0.50  5.72e-08  0.00e+00    0.00    0.00
60996.50  0.50  2.31e-07  0.00e+00    0.00    0.00
60997.50  0.50  1.70e-06  0.00e+00    0.00    0.00
61025.50  0.50  2.56e-07  0.00e+00    0.00    0.00
61029.50  0.50  2.63e-07  0.00e+00    0.00    0.00
61056.50  0.50  2.07e-06  0.00e+00    0.00    0.00
61057.50  0.50  8.01e-07  0.00e+00    0.00    0.00
61060.50  0.50  1.54e-06  0.00e+00    0.00    0.00
61062.50  0.50  6.71e-08  0.00e+00    0.00    0.00
61095.50  0.50  1.04e-06  0.00e+00    0.00    0.00
61096.50  0.50  1.94e-07  0.00e+00    0.00    0.00
61106.50  0.50  2.16e-07  0.00e+00    0.00    0.00
61118.50  0.50  2.56e-07  0.00e+00    0.00    0.00
61123.50  0.50  1.62e-07  0.00e+00    0.00    0.00
61148.50  0.50  1.07e-07  0.00e+00    0.00    0.00
61159.50  0.50  2.77e-07  0.00e+00    0.00    0.00
61167.50  0.50  3.97e-08  0.00e+00    0.00    0.00
61170.50  0.50  7.47e-08  0.00e+00    0.00    0.00
61173.50  0.50  2.52e-07  0.00e+00    0.00    0.00
61174.50  0.50  2.72e-07  0.00e+00    0.00    0.00
61177.50  0.50  7.70e-08  0.00e+00    0.00    0.00
61199.50  0.50  9.36e-08  0.00e+00    0.00    0.00
61207.50  0.50  2.93e-08  0.00e+00    0.00    0.00
61215.50  0.50  2.00e-07  0.00e+00    0.00    0.00
61216.50  0.50  7.78e-08  0.00e+00    0.00    0.00
61228.50  0.50  2.09e-07  0.00e+00    0.00    0.00
61242.50  0.50  1.50e-07  0.00e+00    0.00    0.00
61251.50  0.50  2.49e-07  0.00e+00    0.00    0.00
61254.50  0.50  2.35e-06  0.00e+00    0.00    0.00
61268.50  0.50  1.71e-07  0.00e+00    0.00    0.00
61301.50  0.50  1.20e-07  0.00e+00    0.00    0.00
