58672.50  0.50  4.09e-08  0.00e+00    0.00    0.00
58762.50  0.50  2.13e-08  0.00e+00    0.00    0.00
58799.50  0.50  1.87e-08  0.00e+00    0.00    0.00
58820.50  0.50  1.18e-08  0.00e+00    0.00    0.00
58835.50  0.50  3.88e-08  0.00e+00    0.00    0.00
58879.50  0.50  1.47e-08  0.00e+00    0.00    0.00
58954.50  0.50  1.23e-08  0.00e+00    0.00    0.00
59038.50  0.50  1.51e-08  0.00e+00    0.00    0.00
59130.50  0.50  3.43e-08  0.00e+00    0.00    0.00
59137.50  0.50  1.39e-08  0.00e+00    0.00    0.00
59214.50  0.50  2.32e-08  0.00e+00    0.00    0.00
59269.50  0.50  2.48e-08  0.00e+00    0.00    0.00
59279.50  0.50  1.36e-08  0.00e+00    0.00    0.00
59351.50  0.50  5.96e-08  0.00e+00    0.00    0.00
59360.50  0.50  2.72e-08  0.00e+00    0.00    0.00
59482.50  0.50  2.08e-08  0.00e+00    0.00    0.00
59498.50  0.50  1.00e-08  0.00e+00    0.00    0.00
59539.50  0.50  1.78e-08  0.00e+00    0.00    0.00
59548.50  0.50  2.19e-08  0.00e+00    0.00    0.00
59574.50  0.50  1.27e-07  0.00e+00    0.00    0.00
59635.50  0.50  1.75e-08  0.00e+00    0.00    0.00
59719.50  0.50  1.51e-08  0.00e+00    0.00    0.00
59763.50  0.50  1.42e-08  0.00e+00    0.00    0.00
59835.50  0.50  4.21e-08  0.00e+00    0.00    0.00
59848.50  0.50  2.87e-08  0.00e+00    0.00    0.00
59862.50  0.50  8.00e-09  0.00e+00    0.00    0.00
59885.50  0.50  1.48e-08  0.00e+00    0.00    0.00
59897.50  0.50  9.24e-09  0.00e+00    0.00    0.00
59901.50  0.50  3.14e-08  0.00e+00    0.00    0.00
59999.50  0.50  1.10e-07  0.00e+00    0.00    0.00
60010.50  0.50  2.33e-08  0.00e+00    0.00    0.00
60026.50  0.50  1.64e-08  0.00e+00    0.00    0.00
60066.50  0.50  8.65e-09  0.00e+00    0.00    0.00
60077.50  0.50  1.64e-08  0.00e+00    0.00    0.00
60094.50  0.50  1.52e-08  0.00e+00    0.00    0.00
60160.50  0.50  3.37e-08  0.00e+00    0.00    0.00
60223.50  0.50  2.71e-08  0.00e+00    0.00    0.00
60260.50  0.50  1.69e-08  0.00e+00    0.00    0.00
60479.50  0.50  1.23e-08  0.00e+00    0.00    0.00
60501.50  0.50  1.20e-08  0.00e+00    0.00    0.00
60515.50  0.50  3.64e-08  0.00e+00    0.00    0.00
60520.50  0.50  8.08e-08  0.00e+00    0.00    0.00
60526.50  0.50  1.51e-06  0.00e+00    0.00    0.00
60528.50  0.50  8.09e-09  0.00e+00    0.00    0.00
60529.50  0.50  9.52e-09  0.00e+00    0.00    0.00
60573.50  0.50  1.34e-08  0.00e+00    0.00    0.00
60594.50  0.50  8.66e-09  0.00e+00    0.00    0.00
60615.50  0.50  1.42e-08  0.00e+00    0.00    0.00
60647.50  0.50  1.31e-08  0.00e+00    0.00    0.00
60656.50  0.50  1.41e-08  0.00e+00    0.00    0.00
60722.50  0.50  2.37e-08  0.00e+00    0.00    0.00
60738.50  0.50  3.80e-08  0.00e+00    0.00    0.00
60769.50  0.50  1.43e-08  0.00e+00    0.00    0.00
60798.50  0.50  2.20e-08  0.00e+00    0.00    0.00
60806.50  0.50  1.84e-08  0.00e+00    0.00    0.00
60810.50  0.50  1.12e-08  0.00e+00    0.00    0.00
60816.50  0.50  1.34e-08  0.00e+00    0.00    0.00
60817.50  0.50  3.63e-08  0.00e+00    0.00    0.00
60822.50  0.50  1.30e-08  0.00e+00    0.00    0.00
60831.50  0.50  1.62e-08  0.00e+00    0.00    0.00
60840.50  0.50  5.45e-06  0.00e+00    0.00    0.00
60847.50  0.50  7.28e-08  0.00e+00    0.00    0.00
60849.50  0.50  5.11e-08  0.00e+00    0.00    0.00
60854.50  0.50  2.83e-08  0.00e+00    0.00    0.00
60859.50  0.50  1.39e-08  0.00e+00    0.00    0.00
60908.50  0.50  1.45e-08  0.00e+00    0.00    0.00
60936.50  0.50  1.31e-08  0.00e+00    0.00    0.00
60942.50  0.50  5.50e-08  0.00e+00    0.00    0.00
60972.50  0.50  3.00e-08  0.00e+00    0.00    0.00
60987.50  0.50  1.55e-08  0.00e+00    0.00    0.00
60996.50  0.50  5.84e-08  0.00e+00    0.00    0.00
60997.50  0.50  7.90e-07  0.00e+00    0.00    0.00
61025.50  0.50  1.34e-08  0.00e+00    0.00    0.00
61029.50  0.50  1.88e-08  0.00e+00    0.00    0.00
61056.50  0.50  2.36e-07  0.00e+00    0.00    0.00
61057.50  0.50  1.29e-07  0.00e+00    0.00    0.00
61060.50  0.50  1.43e-07  0.00e+00    0.00    0.00
61062.50  0.50  2.17e-08  0.00e+00    0.00    0.00
61095.50  0.50  3.73e-08  0.00e+00    0.00    0.00
61096.50  0.50  3.86e-08  0.00e+00    0.00    0.00
61106.50  0.50  4.31e-08  0.00e+00    0.00    0.00
61118.50  0.50  1.35e-08  0.00e+00    0.00    0.00
61123.50  0.50  1.15e-08  0.00e+00    0.00    0.00
61148.50  0.50  1.64e-08  0.00e+00    0.00    0.00
61159.50  0.50  8.85e-09  0.00e+00    0.00    0.00
61167.50  0.50  9.29e-09  0.00e+00    0.00    0.00
61170.50  0.50  2.24e-08  0.00e+00    0.00    0.00
61173.50  0.50  1.06e-08  0.00e+00    0.00    0.00
61174.50  0.50  1.12e-08  0.00e+00    0.00    0.00
61177.50  0.50  1.28e-08  0.00e+00    0.00    0.00
61199.50  0.50  1.41e-08  0.00e+00    0.00    0.00
61207.50  0.50  1.36e-08  0.00e+00    0.00    0.00
61215.50  0.50  4.66e-08  0.00e+00    0.00    0.00
61216.50  0.50  2.06e-08  0.00e+00    0.00    0.00
61228.50  0.50  1.33e-08  0.00e+00    0.00    0.00
61242.50  0.50  2.82e-08  0.00e+00    0.00    0.00
61251.50  0.50  7.79e-08  0.00e+00    0.00    0.00
61254.50  0.50  1.49e-07  0.00e+00    0.00    0.00
61268.50  0.50  6.11e-08  0.00e+00    0.00    0.00
61301.50  0.50  1.46e-08  0.00e+00    0.00    0.00
