61181.50  3.50  1.97e-09  0.00e+00    0.00    0.00
61188.50  3.50  2.35e-09  0.00e+00    0.00    0.00
61202.50  3.50  5.80e-09  0.00e+00    0.00    0.00
61209.50  3.50  2.29e-08  0.00e+00    0.00    0.00
61237.50  3.50  4.47e-09  0.00e+00    0.00    0.00
61244.50  3.50  6.09e-09  0.00e+00    0.00    0.00
61251.50  3.50  8.51e-09  0.00e+00    0.00    0.00
61258.50  3.50  2.77e-07  0.00e+00    0.00    0.00
61265.50  3.50  1.53e-08  0.00e+00    0.00    0.00
61272.50  3.50  2.07e-09  0.00e+00    0.00    0.00
61279.50  3.50  5.09e-09  0.00e+00    0.00    0.00
61286.50  3.50  4.71e-09  0.00e+00    0.00    0.00
61293.50  3.50  1.86e-09  0.00e+00    0.00    0.00
61300.50  3.50  7.07e-09  0.00e+00    0.00    0.00
