61209.50  0.50  1.06e-07  0.00e+00    0.00    0.00
61210.50  0.50  5.70e-08  0.00e+00    0.00    0.00
61211.50  0.50  7.79e-08  0.00e+00    0.00    0.00
61212.50  0.50  1.68e-07  0.00e+00    0.00    0.00
61213.50  0.50  7.89e-08  0.00e+00    0.00    0.00
61214.50  0.50  6.28e-08  0.00e+00    0.00    0.00
61215.50  0.50  4.55e-08  0.00e+00    0.00    0.00
61216.50  0.50  9.82e-08  0.00e+00    0.00    0.00
61217.50  0.50  7.94e-08  0.00e+00    0.00    0.00
61218.50  0.50  7.08e-08  0.00e+00    0.00    0.00
61219.50  0.50  1.65e-07  0.00e+00    0.00    0.00
61220.50  0.50  1.44e-07  0.00e+00    0.00    0.00
61221.50  0.50  9.35e-08  0.00e+00    0.00    0.00
61222.50  0.50  5.13e-08  0.00e+00    0.00    0.00
61223.50  0.50  3.94e-07  0.00e+00    0.00    0.00
61224.50  0.50  1.53e-07  0.00e+00    0.00    0.00
61225.50  0.50  6.65e-08  0.00e+00    0.00    0.00
61226.50  0.50  3.54e-07  0.00e+00    0.00    0.00
61227.50  0.50  2.08e-07  0.00e+00    0.00    0.00
61228.50  0.50  4.25e-07  0.00e+00    0.00    0.00
61229.50  0.50  1.83e-07  0.00e+00    0.00    0.00
61230.50  0.50  1.13e-07  0.00e+00    0.00    0.00
61231.50  0.50  1.23e-07  0.00e+00    0.00    0.00
61232.50  0.50  1.93e-07  0.00e+00    0.00    0.00
61233.50  0.50  1.38e-07  0.00e+00    0.00    0.00
61234.50  0.50  6.42e-08  0.00e+00    0.00    0.00
61235.50  0.50  2.47e-07  0.00e+00    0.00    0.00
61236.50  0.50  4.86e-07  0.00e+00    0.00    0.00
61237.50  0.50  1.39e-07  0.00e+00    0.00    0.00
61238.50  0.50  1.79e-07  0.00e+00    0.00    0.00
61239.50  0.50  6.59e-08  0.00e+00    0.00    0.00
61240.50  0.50  8.25e-08  0.00e+00    0.00    0.00
61241.50  0.50  1.03e-07  0.00e+00    0.00    0.00
61242.50  0.50  1.07e-07  0.00e+00    0.00    0.00
61243.50  0.50  2.55e-07  0.00e+00    0.00    0.00
61244.50  0.50  7.27e-08  0.00e+00    0.00    0.00
61245.50  0.50  3.44e-07  0.00e+00    0.00    0.00
61246.50  0.50  4.94e-08  0.00e+00    0.00    0.00
61247.50  0.50  2.34e-07  0.00e+00    0.00    0.00
61248.50  0.50  2.05e-07  0.00e+00    0.00    0.00
61249.50  0.50  1.14e-07  0.00e+00    0.00    0.00
61250.50  0.50  9.50e-08  0.00e+00    0.00    0.00
61251.50  0.50  2.45e-07  0.00e+00    0.00    0.00
61252.50  0.50  1.35e-07  0.00e+00    0.00    0.00
61253.50  0.50  1.58e-07  0.00e+00    0.00    0.00
61254.50  0.50  2.30e-07  0.00e+00    0.00    0.00
61255.50  0.50  5.70e-08  0.00e+00    0.00    0.00
61256.50  0.50  6.40e-08  0.00e+00    0.00    0.00
61257.50  0.50  3.32e-08  0.00e+00    0.00    0.00
61258.50  0.50  8.94e-08  0.00e+00    0.00    0.00
61259.50  0.50  5.51e-08  0.00e+00    0.00    0.00
61260.50  0.50  1.23e-07  0.00e+00    0.00    0.00
61261.50  0.50  6.09e-07  0.00e+00    0.00    0.00
61262.50  0.50  2.46e-07  0.00e+00    0.00    0.00
61263.50  0.50  1.21e-07  0.00e+00    0.00    0.00
61264.50  0.50  1.64e-07  0.00e+00    0.00    0.00
61265.50  0.50  1.05e-07  0.00e+00    0.00    0.00
61266.50  0.50  8.55e-08  0.00e+00    0.00    0.00
61267.50  0.50  1.57e-07  0.00e+00    0.00    0.00
61268.50  0.50  8.87e-08  0.00e+00    0.00    0.00
61269.50  0.50  1.03e-07  0.00e+00    0.00    0.00
61270.50  0.50  1.47e-07  0.00e+00    0.00    0.00
61271.50  0.50  6.22e-08  0.00e+00    0.00    0.00
61272.50  0.50  3.16e-07  0.00e+00    0.00    0.00
61273.50  0.50  1.43e-07  0.00e+00    0.00    0.00
61274.50  0.50  1.22e-07  0.00e+00    0.00    0.00
61275.50  0.50  3.10e-07  0.00e+00    0.00    0.00
61276.50  0.50  9.41e-08  0.00e+00    0.00    0.00
61277.50  0.50  2.92e-08  0.00e+00    0.00    0.00
61278.50  0.50  6.07e-08  0.00e+00    0.00    0.00
61279.50  0.50  7.83e-08  0.00e+00    0.00    0.00
61280.50  0.50  2.82e-07  0.00e+00    0.00    0.00
61281.50  0.50  1.44e-07  0.00e+00    0.00    0.00
61282.50  0.50  8.94e-08  0.00e+00    0.00    0.00
61283.50  0.50  2.07e-07  0.00e+00    0.00    0.00
61284.50  0.50  1.87e-07  0.00e+00    0.00    0.00
61285.50  0.50  1.73e-07  0.00e+00    0.00    0.00
61286.50  0.50  2.10e-07  0.00e+00    0.00    0.00
61287.50  0.50  2.57e-07  0.00e+00    0.00    0.00
61288.50  0.50  4.42e-07  0.00e+00    0.00    0.00
61289.50  0.50  2.69e-07  0.00e+00    0.00    0.00
61290.50  0.50  4.06e-07  0.00e+00    0.00    0.00
61291.50  0.50  1.22e-07  0.00e+00    0.00    0.00
61292.50  0.50  1.51e-07  0.00e+00    0.00    0.00
61293.50  0.50  2.34e-07  0.00e+00    0.00    0.00
61294.50  0.50  1.29e-07  0.00e+00    0.00    0.00
61295.50  0.50  4.42e-08  0.00e+00    0.00    0.00
61296.50  0.50  7.54e-08  0.00e+00    0.00    0.00
61297.50  0.50  5.77e-08  0.00e+00    0.00    0.00
61298.50  0.50  2.61e-07  0.00e+00    0.00    0.00
61299.50  0.50  9.66e-08  0.00e+00    0.00    0.00
61300.50  0.50  1.61e-07  0.00e+00    0.00    0.00
61301.50  0.50  7.24e-08  0.00e+00    0.00    0.00
61302.50  0.50  8.44e-08  0.00e+00    0.00    0.00
61303.50  0.50  6.82e-08  0.00e+00    0.00    0.00
61304.50  0.50  1.25e-07  0.00e+00    0.00    0.00
61305.50  0.50  2.78e-07  0.00e+00    0.00    0.00
61306.50  0.50  3.48e-07  0.00e+00    0.00    0.00
61307.50  0.50  2.73e-07  0.00e+00    0.00    0.00
61308.50  0.50  4.00e-07  0.00e+00    0.00    0.00
