61202.50  3.50  4.60e-08  0.00e+00    0.00    0.00
61209.50  3.50  5.28e-09  0.00e+00    0.00    0.00
61216.50  3.50  1.09e-08  0.00e+00    0.00    0.00
61223.50  3.50  4.86e-08  0.00e+00    0.00    0.00
61230.50  3.50  8.71e-08  0.00e+00    0.00    0.00
61237.50  3.50  4.01e-08  0.00e+00    0.00    0.00
61244.50  3.50  6.80e-09  0.00e+00    0.00    0.00
61251.50  3.50  8.95e-08  0.00e+00    0.00    0.00
61258.50  3.50  3.99e-08  0.00e+00    0.00    0.00
61265.50  3.50  1.52e-08  0.00e+00    0.00    0.00
61272.50  3.50  4.97e-08  0.00e+00    0.00    0.00
61279.50  3.50  9.89e-09  0.00e+00    0.00    0.00
61286.50  3.50  9.48e-08  3.07e-08    2.06    0.00
61293.50  3.50  4.26e-08  0.00e+00    0.00    0.00
