61198.50  0.50  1.38e-08  0.00e+00    0.00    0.00
61199.50  0.50  1.32e-08  0.00e+00    0.00    0.00
61200.50  0.50  4.39e-08  0.00e+00    0.00    0.00
61201.50  0.50  9.82e-09  0.00e+00    0.00    0.00
61202.50  0.50  3.11e-08  0.00e+00    0.00    0.00
61203.50  0.50  8.12e-09  0.00e+00    0.00    0.00
61204.50  0.50  8.44e-09  0.00e+00    0.00    0.00
61205.50  0.50  1.03e-08  0.00e+00    0.00    0.00
61206.50  0.50  7.62e-09  0.00e+00    0.00    0.00
61207.50  0.50  1.84e-08  0.00e+00    0.00    0.00
61208.50  0.50  7.73e-09  0.00e+00    0.00    0.00
61209.50  0.50  8.87e-09  0.00e+00    0.00    0.00
61210.50  0.50  8.80e-09  0.00e+00    0.00    0.00
61211.50  0.50  8.34e-09  0.00e+00    0.00    0.00
61212.50  0.50  8.54e-09  0.00e+00    0.00    0.00
61213.50  0.50  8.47e-09  0.00e+00    0.00    0.00
61214.50  0.50  1.92e-08  0.00e+00    0.00    0.00
61215.50  0.50  2.06e-08  0.00e+00    0.00    0.00
61216.50  0.50  2.71e-08  0.00e+00    0.00    0.00
61217.50  0.50  9.57e-09  0.00e+00    0.00    0.00
61218.50  0.50  8.71e-09  0.00e+00    0.00    0.00
61219.50  0.50  9.46e-09  0.00e+00    0.00    0.00
61220.50  0.50  1.93e-08  0.00e+00    0.00    0.00
61221.50  0.50  1.88e-08  0.00e+00    0.00    0.00
61222.50  0.50  1.34e-08  0.00e+00    0.00    0.00
61223.50  0.50  1.41e-08  0.00e+00    0.00    0.00
61224.50  0.50  1.41e-08  0.00e+00    0.00    0.00
61225.50  0.50  1.35e-08  0.00e+00    0.00    0.00
61226.50  0.50  1.79e-08  0.00e+00    0.00    0.00
61227.50  0.50  1.36e-08  0.00e+00    0.00    0.00
61228.50  0.50  1.40e-08  0.00e+00    0.00    0.00
61229.50  0.50  1.68e-08  0.00e+00    0.00    0.00
61230.50  0.50  1.70e-08  0.00e+00    0.00    0.00
61231.50  0.50  1.24e-08  0.00e+00    0.00    0.00
61232.50  0.50  2.05e-08  0.00e+00    0.00    0.00
61233.50  0.50  1.35e-08  0.00e+00    0.00    0.00
61234.50  0.50  1.38e-08  0.00e+00    0.00    0.00
61235.50  0.50  1.72e-08  0.00e+00    0.00    0.00
61236.50  0.50  1.51e-08  0.00e+00    0.00    0.00
61237.50  0.50  4.52e-08  0.00e+00    0.00    0.00
61238.50  0.50  4.35e-08  0.00e+00    0.00    0.00
61239.50  0.50  3.73e-08  0.00e+00    0.00    0.00
61240.50  0.50  1.53e-08  0.00e+00    0.00    0.00
61241.50  0.50  1.57e-08  0.00e+00    0.00    0.00
61242.50  0.50  1.52e-08  0.00e+00    0.00    0.00
61243.50  0.50  1.56e-08  0.00e+00    0.00    0.00
61244.50  0.50  1.46e-08  0.00e+00    0.00    0.00
61245.50  0.50  1.41e-08  0.00e+00    0.00    0.00
61246.50  0.50  2.90e-08  0.00e+00    0.00    0.00
61247.50  0.50  9.54e-09  0.00e+00    0.00    0.00
61248.50  0.50  2.02e-08  0.00e+00    0.00    0.00
61249.50  0.50  6.95e-09  0.00e+00    0.00    0.00
61250.50  0.50  2.13e-08  0.00e+00    0.00    0.00
61251.50  0.50  7.67e-09  0.00e+00    0.00    0.00
61252.50  0.50  9.76e-09  0.00e+00    0.00    0.00
61253.50  0.50  7.65e-09  0.00e+00    0.00    0.00
61254.50  0.50  1.69e-08  0.00e+00    0.00    0.00
61255.50  0.50  2.37e-08  0.00e+00    0.00    0.00
61256.50  0.50  7.88e-09  0.00e+00    0.00    0.00
61257.50  0.50  8.09e-09  0.00e+00    0.00    0.00
61258.50  0.50  8.04e-09  0.00e+00    0.00    0.00
61259.50  0.50  2.84e-08  0.00e+00    0.00    0.00
61260.50  0.50  3.37e-08  0.00e+00    0.00    0.00
61261.50  0.50  1.43e-08  0.00e+00    0.00    0.00
61262.50  0.50  9.84e-09  0.00e+00    0.00    0.00
61263.50  0.50  2.77e-08  0.00e+00    0.00    0.00
61264.50  0.50  1.10e-08  0.00e+00    0.00    0.00
61265.50  0.50  3.70e-08  0.00e+00    0.00    0.00
61266.50  0.50  1.82e-08  0.00e+00    0.00    0.00
61267.50  0.50  1.59e-08  0.00e+00    0.00    0.00
61268.50  0.50  1.50e-08  0.00e+00    0.00    0.00
61269.50  0.50  1.56e-08  0.00e+00    0.00    0.00
61270.50  0.50  1.45e-08  0.00e+00    0.00    0.00
61271.50  0.50  3.85e-08  0.00e+00    0.00    0.00
61272.50  0.50  1.55e-08  0.00e+00    0.00    0.00
61273.50  0.50  1.64e-08  0.00e+00    0.00    0.00
61274.50  0.50  1.38e-08  0.00e+00    0.00    0.00
61275.50  0.50  1.65e-08  0.00e+00    0.00    0.00
61276.50  0.50  1.94e-08  0.00e+00    0.00    0.00
61277.50  0.50  1.31e-08  0.00e+00    0.00    0.00
61278.50  0.50  2.97e-08  0.00e+00    0.00    0.00
61279.50  0.50  1.47e-08  0.00e+00    0.00    0.00
61280.50  0.50  1.36e-08  0.00e+00    0.00    0.00
61281.50  0.50  1.78e-08  0.00e+00    0.00    0.00
61282.50  0.50  3.72e-08  0.00e+00    0.00    0.00
61283.50  0.50  3.03e-08  0.00e+00    0.00    0.00
61284.50  0.50  3.60e-08  0.00e+00    0.00    0.00
61285.50  0.50  1.56e-08  0.00e+00    0.00    0.00
61286.50  0.50  4.83e-08  0.00e+00    0.00    0.00
61287.50  0.50  3.22e-08  0.00e+00    0.00    0.00
61288.50  0.50  1.43e-08  0.00e+00    0.00    0.00
61289.50  0.50  1.38e-08  0.00e+00    0.00    0.00
61290.50  0.50  1.58e-08  0.00e+00    0.00    0.00
61291.50  0.50  3.63e-08  0.00e+00    0.00    0.00
61292.50  0.50  1.45e-08  0.00e+00    0.00    0.00
61293.50  0.50  2.04e-08  0.00e+00    0.00    0.00
61294.50  0.50  1.33e-08  0.00e+00    0.00    0.00
61295.50  0.50  1.40e-08  0.00e+00    0.00    0.00
61296.50  0.50  1.30e-08  0.00e+00    0.00    0.00
61297.50  0.50  3.38e-08  0.00e+00    0.00    0.00
