61202.50  3.50  5.25e-09  0.00e+00    0.00    0.00
61209.50  3.50  2.93e-09  0.00e+00    0.00    0.00
61216.50  3.50  4.19e-09  0.00e+00    0.00    0.00
61223.50  3.50  2.72e-09  0.00e+00    0.00    0.00
61230.50  3.50  2.07e-09  0.00e+00    0.00    0.00
61237.50  3.50  8.42e-09  0.00e+00    0.00    0.00
61244.50  3.50  2.68e-09  0.00e+00    0.00    0.00
61251.50  3.50  4.57e-09  0.00e+00    0.00    0.00
61258.50  3.50  7.18e-09  0.00e+00    0.00    0.00
61265.50  3.50  4.58e-09  0.00e+00    0.00    0.00
61272.50  3.50  2.41e-09  0.00e+00    0.00    0.00
61279.50  3.50  5.46e-09  0.00e+00    0.00    0.00
61286.50  3.50  1.09e-08  0.00e+00    0.00    0.00
61293.50  3.50  4.87e-09  0.00e+00    0.00    0.00
